xof 0303txt 0032
template ColorRGBA {
 <35ff44e0-6c7c-11cf-8f52-0040333594a3>
 FLOAT red;
 FLOAT green;
 FLOAT blue;
 FLOAT alpha;
}

template ColorRGB {
 <d3e16e81-7835-11cf-8f52-0040333594a3>
 FLOAT red;
 FLOAT green;
 FLOAT blue;
}

template Material {
 <3d82ab4d-62da-11cf-ab39-0020af71e433>
 ColorRGBA faceColor;
 FLOAT power;
 ColorRGB specularColor;
 ColorRGB emissiveColor;
 [...]
}

template TextureFilename {
 <a42790e1-7810-11cf-8f52-0040333594a3>
 STRING filename;
}

template Frame {
 <3d82ab46-62da-11cf-ab39-0020af71e433>
 [...]
}

template Matrix4x4 {
 <f6f23f45-7686-11cf-8f52-0040333594a3>
 array FLOAT matrix[16];
}

template FrameTransformMatrix {
 <f6f23f41-7686-11cf-8f52-0040333594a3>
 Matrix4x4 frameMatrix;
}

template Vector {
 <3d82ab5e-62da-11cf-ab39-0020af71e433>
 FLOAT x;
 FLOAT y;
 FLOAT z;
}

template MeshFace {
 <3d82ab5f-62da-11cf-ab39-0020af71e433>
 DWORD nFaceVertexIndices;
 array DWORD faceVertexIndices[nFaceVertexIndices];
}

template Mesh {
 <3d82ab44-62da-11cf-ab39-0020af71e433>
 DWORD nVertices;
 array Vector vertices[nVertices];
 DWORD nFaces;
 array MeshFace faces[nFaces];
 [...]
}

template MeshNormals {
 <f6f23f43-7686-11cf-8f52-0040333594a3>
 DWORD nNormals;
 array Vector normals[nNormals];
 DWORD nFaceNormals;
 array MeshFace faceNormals[nFaceNormals];
}

template MeshMaterialList {
 <f6f23f42-7686-11cf-8f52-0040333594a3>
 DWORD nMaterials;
 DWORD nFaceIndexes;
 array DWORD faceIndexes[nFaceIndexes];
 [Material <3d82ab4d-62da-11cf-ab39-0020af71e433>]
}

template Coords2d {
 <f6f23f44-7686-11cf-8f52-0040333594a3>
 FLOAT u;
 FLOAT v;
}

template MeshTextureCoords {
 <f6f23f40-7686-11cf-8f52-0040333594a3>
 DWORD nTextureCoords;
 array Coords2d textureCoords[nTextureCoords];
}

template XSkinMeshHeader {
 <3cf169ce-ff7c-44ab-93c0-f78f62d172e2>
 WORD nMaxSkinWeightsPerVertex;
 WORD nMaxSkinWeightsPerFace;
 WORD nBones;
}

template SkinWeights {
 <6f0d123b-bad2-4167-a0d0-80224f25fabb>
 STRING transformNodeName;
 DWORD nWeights;
 array DWORD vertexIndices[nWeights];
 array FLOAT weights[nWeights];
 Matrix4x4 matrixOffset;
}

template AnimTicksPerSecond {
 <9e415a43-7ba6-4a73-8743-b73d47e88476>
 DWORD AnimTicksPerSecond;
}

template Animation {
 <3d82ab4f-62da-11cf-ab39-0020af71e433>
 [...]
}

template AnimationSet {
 <3d82ab50-62da-11cf-ab39-0020af71e433>
 [Animation <3d82ab4f-62da-11cf-ab39-0020af71e433>]
}

template FloatKeys {
 <10dd46a9-775b-11cf-8f52-0040333594a3>
 DWORD nValues;
 array FLOAT values[nValues];
}

template TimedFloatKeys {
 <f406b180-7b3b-11cf-8f52-0040333594a3>
 DWORD time;
 FloatKeys tfkeys;
}

template AnimationKey {
 <10dd46a8-775b-11cf-8f52-0040333594a3>
 DWORD keyType;
 DWORD nKeys;
 array TimedFloatKeys keys[nKeys];
}


Material Standard_13aa_32 {
 1.000000;1.000000;1.000000;1.000000;;
 43.219280;
 0.020000;0.020000;0.020000;;
 0.000000;0.000000;0.000000;;

 TextureFilename {
  "F_Skin_body_D.dds";
 }
}

Material Standard_13aa_122 {
 1.000000;1.000000;1.000000;1.000000;;
 43.219280;
 0.020000;0.020000;0.020000;;
 0.000000;0.000000;0.000000;;

 TextureFilename {
  "F_Skin_body_D.dds";
 }
}

Material Material__153_135 {
 1.000000;1.000000;1.000000;1.000000;;
 43.219280;
 0.020000;0.020000;0.020000;;
 0.000000;0.000000;0.000000;;

 TextureFilename {
  "00300003_f_cuteface.dds";
 }
}

Material Standard_13aa_154 {
 1.000000;1.000000;1.000000;1.000000;;
 43.219280;
 0.020000;0.020000;0.020000;;
 0.000000;0.000000;0.000000;;

 TextureFilename {
  "F_Skin_body_D.dds";
 }
}

Material Standard_13aa_167 {
 1.000000;1.000000;1.000000;1.000000;;
 43.219280;
 0.020000;0.020000;0.020000;;
 0.000000;0.000000;0.000000;;

 TextureFilename {
  "F_Skin_body_D.dds";
 }
}

Material Standard_13aa_180 {
 1.000000;1.000000;1.000000;1.000000;;
 43.219280;
 0.020000;0.020000;0.020000;;
 0.000000;0.000000;0.000000;;

 TextureFilename {
  "F_Skin_body_D.dds";
 }
}

Material Standard_13aa_193 {
 1.000000;1.000000;1.000000;1.000000;;
 43.219280;
 0.020000;0.020000;0.020000;;
 0.000000;0.000000;0.000000;;

 TextureFilename {
  "F_Skin_body_D.dds";
 }
}

Material Standard_13aa_206 {
 1.000000;1.000000;1.000000;1.000000;;
 43.219280;
 0.020000;0.020000;0.020000;;
 0.000000;0.000000;0.000000;;

 TextureFilename {
  "F_Skin_body_D.dds";
 }
}

Material PA_219 {
 1.000000;1.000000;1.000000;1.000000;;
 43.219280;
 0.020000;0.020000;0.020000;;
 0.000000;0.000000;0.000000;;

 TextureFilename {
  "F_PA.dds";
 }
}

Material CL_236 {
 1.000000;1.000000;1.000000;1.000000;;
 43.219280;
 0.020000;0.020000;0.020000;;
 0.000000;0.000000;0.000000;;

 TextureFilename {
  "F_CL.dds";
 }
}

Frame Scene_Root {
 

 FrameTransformMatrix {
  0.393701,0.000000,0.000000,0.000000,0.000000,-0.000000,-0.393701,0.000000,0.000000,0.393701,-0.000000,0.000000,0.000000,0.000000,0.000000,1.000000;;
 }

 Frame Bip01 {
  

  FrameTransformMatrix {
   1.000000,0.000000,0.000000,0.000000,0.000000,1.000000,0.000000,0.000000,0.000000,0.000000,1.000000,0.000000,0.000000,0.000000,0.000000,1.000000;;
  }

  Frame Bip01_NonAccum {
   

   FrameTransformMatrix {
    -0.873747,0.471724,0.118505,0.000000,-0.468244,-0.881730,0.057436,0.000000,0.131584,-0.005305,0.991291,0.000000,-1.034285,-1.658909,30.311146,1.000000;;
   }

   Frame Bip01_Footsteps {
    

    FrameTransformMatrix {
     0.000001,-1.000000,0.000000,0.000000,0.997564,0.000001,0.069757,0.000000,-0.069757,-0.000000,0.997564,0.000000,3.162075,0.000004,-45.219155,1.000000;;
    }
   }

   Frame Bip01_Pelvis {
    

    FrameTransformMatrix {
     0.000000,0.001487,0.999999,0.000000,-1.000000,0.000001,0.000000,0.000000,-0.000001,-0.999999,0.001487,0.000000,0.000000,0.000000,0.000000,1.000000;;
    }

    Frame Bip01_Spine {
     

     FrameTransformMatrix {
      0.967686,0.244792,0.060497,0.000000,-0.251488,0.954394,0.160892,0.000000,-0.018353,-0.170908,0.985116,0.000000,3.671547,-0.256499,0.006200,1.000000;;
     }

     Frame Bip01_Spine1 {
      

      FrameTransformMatrix {
       0.998580,-0.032824,-0.041960,0.000000,0.035550,0.997189,0.065961,0.000000,0.039677,-0.067359,0.996940,0.000000,5.749222,0.004560,0.000301,1.000000;;
      }

      Frame Bip01_Spine2 {
       

       FrameTransformMatrix {
        0.996951,0.077539,-0.008718,0.000000,-0.072754,0.964123,0.255294,0.000000,0.028201,-0.253881,0.966824,0.000000,5.740517,0.013058,0.003458,1.000000;;
       }

       Frame Bip01_Neck {
        

        FrameTransformMatrix {
         0.885592,-0.313935,0.342303,0.000000,0.341483,0.939637,-0.021705,0.000000,-0.314826,0.136112,0.939339,0.000000,17.185622,0.674405,-0.000097,1.000000;;
        }

        Frame Bip01_Head {
         

         FrameTransformMatrix {
          0.824132,0.510638,-0.245061,0.000000,-0.494271,0.437101,-0.751425,0.000000,-0.276590,0.740400,0.612622,0.000000,4.018597,0.785322,-0.013147,1.000000;;
         }

         Frame Bip01_HeadNub {
          

          FrameTransformMatrix {
           1.000000,-0.000000,-0.000000,0.000000,-0.000000,1.000000,0.000000,0.000000,-0.000000,0.000000,1.000000,0.000000,51.565376,0.000010,0.000004,1.000000;;
          }
         }

         Frame Tail_Point02 {
          

          FrameTransformMatrix {
           0.000001,-0.000000,1.000000,0.000000,-1.000000,-0.001053,0.000001,0.000000,0.001053,-0.999999,-0.000000,0.000000,16.815758,-15.102232,19.392776,1.000000;;
          }
         }

         Frame Tail_Point01 {
          

          FrameTransformMatrix {
           0.000001,-0.000000,1.000000,0.000000,-1.000000,-0.001053,0.000001,0.000000,0.001053,-0.999999,-0.000000,0.000000,10.205871,-23.173672,4.274390,1.000000;;
          }
         }

         Frame Tail_Point04 {
          

          FrameTransformMatrix {
           0.000001,-0.000000,1.000000,0.000000,-1.000000,-0.001053,0.000001,0.000000,0.001053,-0.999999,-0.000000,0.000000,16.816238,-15.102282,-19.392982,1.000000;;
          }
         }

         Frame Tail_Point03 {
          

          FrameTransformMatrix {
           0.000001,-0.000000,1.000000,0.000000,-1.000000,-0.001053,0.000001,0.000000,0.001053,-0.999999,-0.000000,0.000000,10.205742,-23.173675,-4.273969,1.000000;;
          }
         }

         Frame Tail_Point05 {
          

          FrameTransformMatrix {
           0.000001,-0.000000,1.000000,0.000000,-1.000000,-0.001053,0.000001,0.000000,0.001053,-0.999999,-0.000000,0.000000,16.056053,-22.219253,9.580284,1.000000;;
          }
         }

         Frame Tail_Point06 {
          

          FrameTransformMatrix {
           0.000001,-0.000000,1.000000,0.000000,-1.000000,-0.001053,0.000001,0.000000,0.001053,-0.999999,-0.000000,0.000000,6.344948,-18.883522,13.965822,1.000000;;
          }
         }

         Frame Tail_Point07 {
          

          FrameTransformMatrix {
           0.000001,-0.000000,1.000000,0.000000,-1.000000,-0.001053,0.000001,0.000000,0.001053,-0.999999,-0.000000,0.000000,6.742798,-18.883144,-14.099016,1.000000;;
          }
         }

         Frame Tail_Point08 {
          

          FrameTransformMatrix {
           0.000001,-0.000000,1.000000,0.000000,-1.000000,-0.001053,0.000001,0.000000,0.001053,-0.999999,-0.000000,0.000000,16.056053,-22.219277,-9.579974,1.000000;;
          }
         }

         Frame HR {
          

          FrameTransformMatrix {
           0.000001,-0.000000,1.000000,0.000000,0.001053,-0.999999,-0.000000,0.000000,0.999999,0.001053,-0.000001,0.000000,-81.389523,-0.056781,-0.000008,1.000000;;
          }
         }
        }

        Frame Bip01_L_Clavicle {
         

         FrameTransformMatrix {
          0.269356,-0.125829,0.954785,0.000000,0.288755,-0.935260,-0.204717,0.000000,0.918732,0.330841,-0.215584,0.000000,-0.652626,-0.053353,3.619480,1.000000;;
         }

         Frame Bip01_L_UpperArm {
          

          FrameTransformMatrix {
           0.542351,0.837201,-0.070357,0.000000,-0.685887,0.489574,0.538402,0.000000,0.485195,-0.243745,0.839746,0.000000,7.100722,0.000002,0.000004,1.000000;;
          }

          Frame Bip01_L_Forearm {
           

           FrameTransformMatrix {
            -0.223705,0.974657,0.000000,0.000000,-0.974657,-0.223706,-0.000000,0.000000,-0.000000,0.000000,1.000000,0.000000,15.525939,-0.000000,0.000008,1.000000;;
           }

           Frame Bip01_L_Hand {
            

            FrameTransformMatrix {
             0.835714,-0.546313,0.055892,0.000000,0.179558,0.368014,0.912318,0.000000,-0.518980,-0.752401,0.405650,0.000000,13.317217,0.000004,-0.000008,1.000000;;
            }

            Frame Bip01_L_Finger0 {
             

             FrameTransformMatrix {
              0.622335,-0.773588,-0.119417,0.000000,-0.721728,-0.508047,-0.470102,0.000000,0.302996,0.378748,-0.874496,0.000000,4.856735,-2.803840,-5.612442,1.000000;;
             }

             Frame Bip01_L_Finger01 {
              

              FrameTransformMatrix {
               0.426166,-0.904645,-0.000000,0.000000,0.904645,0.426166,-0.000000,0.000000,0.000000,-0.000000,1.000000,0.000000,5.339236,-0.000023,0.000005,1.000000;;
              }
             }
            }

            Frame Bip01_L_Finger1 {
             

             FrameTransformMatrix {
              0.608731,-0.787313,0.097899,0.000000,0.792322,0.609635,-0.023878,0.000000,-0.040883,0.092103,0.994910,0.000000,10.594998,2.271382,-4.280777,1.000000;;
             }

             Frame Bip01_L_Finger11 {
              

              FrameTransformMatrix {
               0.211828,-0.977307,-0.000000,0.000000,0.977307,0.211828,0.000000,0.000000,0.000000,-0.000000,1.000000,0.000000,3.923907,0.000008,0.000002,1.000000;;
              }
             }
            }

            Frame Bip01_L_Finger2 {
             

             FrameTransformMatrix {
              0.546076,-0.837069,0.033416,0.000000,0.836914,0.546873,0.022487,0.000000,-0.037098,0.015687,0.999188,0.000000,10.601837,2.431656,-1.008318,1.000000;;
             }

             Frame Bip01_L_Finger21 {
              

              FrameTransformMatrix {
               0.006762,-0.999977,-0.000000,0.000000,0.999977,0.006762,-0.000000,0.000000,0.000000,-0.000000,1.000000,0.000000,3.984002,0.000000,-0.000004,1.000000;;
              }
             }
            }

            Frame Bip01_L_Finger3 {
             

             FrameTransformMatrix {
              0.666569,-0.743017,-0.060096,0.000000,0.743945,0.657954,0.116805,0.000000,-0.047248,-0.122567,0.991335,0.000000,10.718304,2.048344,2.260057,1.000000;;
             }

             Frame Bip01_L_Finger31 {
              

              FrameTransformMatrix {
               0.039459,-0.999221,-0.000000,0.000000,0.999221,0.039459,-0.000000,0.000000,0.000000,-0.000000,1.000000,0.000000,3.418406,0.000008,-0.000004,1.000000;;
              }
             }
            }

            Frame Bip01_L_Finger4 {
             

             FrameTransformMatrix {
              0.689239,-0.707250,-0.157314,0.000000,0.724353,0.667770,0.171451,0.000000,-0.016209,-0.232122,0.972552,0.000000,10.380756,1.781929,4.841383,1.000000;;
             }

             Frame Bip01_L_Finger41 {
              

              FrameTransformMatrix {
               0.203716,-0.979030,-0.000000,0.000000,0.979030,0.203716,-0.000000,0.000000,0.000000,-0.000000,1.000000,0.000000,3.160645,0.000008,-0.000002,1.000000;;
              }
             }
            }

            Frame Weapon_Hand_L_Point {
             

             FrameTransformMatrix {
              0.039464,-0.100056,0.994199,0.000000,0.998798,-0.024994,-0.042162,0.000000,0.029067,0.994668,0.098949,0.000000,11.464726,-1.377171,-0.147701,1.000000;;
             }
            }
           }
          }

          Frame Bip01_L_ForeTwist {
           

           FrameTransformMatrix {
            -0.223706,0.974657,-0.000000,0.000000,-0.961448,-0.220674,-0.164077,0.000000,-0.159919,-0.036705,0.986448,0.000000,15.525939,-0.000000,0.000008,1.000000;;
           }

           Frame Bip01_L_ForeTwist1 {
            

            FrameTransformMatrix {
             1.000000,0.000000,-0.000000,0.000000,-0.000000,0.986448,-0.164077,0.000000,-0.000000,0.164077,0.986448,0.000000,6.658609,0.000000,0.000000,1.000000;;
            }
           }
          }

          Frame Bip01_L_UpperTwist_Bone01 {
           

           FrameTransformMatrix {
            1.000000,-0.000000,-0.000000,0.000000,0.000000,1.000000,-0.000000,0.000000,0.000000,-0.000000,1.000000,0.000000,0.000008,-0.000004,-0.000015,1.000000;;
           }
          }
         }
        }

        Frame Bip01_R_Clavicle {
         

         FrameTransformMatrix {
          -0.330367,-0.056628,-0.942152,0.000000,0.340296,-0.938210,-0.062934,0.000000,-0.880373,-0.341402,0.329223,0.000000,-2.828014,0.084569,-2.350189,1.000000;;
         }

         Frame Bip01_R_UpperArm {
          

          FrameTransformMatrix {
           0.383201,0.421924,0.821667,0.000000,-0.006815,0.890840,-0.454266,0.000000,-0.923640,0.168476,0.344246,0.000000,7.100723,0.000001,0.000000,1.000000;;
          }

          Frame Bip01_R_Forearm {
           

           FrameTransformMatrix {
            -0.500097,0.865969,0.000000,0.000000,-0.865969,-0.500097,-0.000000,0.000000,-0.000000,-0.000000,1.000000,0.000000,15.525942,0.000004,0.000000,1.000000;;
           }

           Frame Bip01_R_Hand {
            

            FrameTransformMatrix {
             0.900946,-0.110879,-0.419527,0.000000,-0.155478,-0.985098,-0.073537,0.000000,-0.405121,0.131481,-0.904759,0.000000,13.317222,0.000001,-0.000002,1.000000;;
            }

            Frame Bip01_R_Finger0 {
             

             FrameTransformMatrix {
              0.941894,-0.281511,-0.183270,0.000000,0.110313,-0.256109,0.960333,0.000000,-0.317281,-0.924748,-0.210173,0.000000,4.856728,-2.803829,5.612445,1.000000;;
             }

             Frame Bip01_R_Finger01 {
              

              FrameTransformMatrix {
               -0.018186,-0.999835,-0.000000,0.000000,0.999835,-0.018186,-0.000000,0.000000,0.000000,-0.000000,1.000000,0.000000,5.339233,0.000001,-0.000003,1.000000;;
              }
             }
            }

            Frame Bip01_R_Finger1 {
             

             FrameTransformMatrix {
              0.259870,-0.936698,-0.234659,0.000000,0.965602,0.249817,0.072138,0.000000,-0.008949,-0.245333,0.969398,0.000000,10.594994,2.271384,4.280778,1.000000;;
             }

             Frame Bip01_R_Finger11 {
              

              FrameTransformMatrix {
               0.269569,-0.962981,-0.000000,0.000000,0.962981,0.269569,-0.000000,0.000000,0.000000,0.000000,1.000000,0.000000,3.923908,0.000000,-0.000002,1.000000;;
              }
             }
            }

            Frame Bip01_R_Finger2 {
             

             FrameTransformMatrix {
              0.226513,-0.973796,0.020311,0.000000,0.974004,0.226399,-0.007795,0.000000,0.002993,0.021549,0.999763,0.000000,10.601837,2.431662,1.008313,1.000000;;
             }

             Frame Bip01_R_Finger21 {
              

              FrameTransformMatrix {
               0.462198,-0.886777,-0.000000,0.000000,0.886777,0.462198,-0.000000,0.000000,-0.000000,-0.000000,1.000000,0.000000,3.983999,0.000015,0.000002,1.000000;;
              }
             }
            }

            Frame Bip01_R_Finger3 {
             

             FrameTransformMatrix {
              0.249361,-0.961209,0.117879,0.000000,0.968296,0.249350,-0.015087,0.000000,-0.014892,0.117904,0.992914,0.000000,10.718300,2.048353,-2.260056,1.000000;;
             }

             Frame Bip01_R_Finger31 {
              

              FrameTransformMatrix {
               0.550508,-0.834830,-0.000000,0.000000,0.834830,0.550508,-0.000000,0.000000,0.000000,-0.000000,1.000000,0.000000,3.418406,-0.000008,0.000002,1.000000;;
              }
             }
            }

            Frame Bip01_R_Finger4 {
             

             FrameTransformMatrix {
              0.337548,-0.941299,0.004201,0.000000,0.939455,0.336600,-0.064217,0.000000,0.059034,0.025623,0.997927,0.000000,10.380760,1.781939,-4.841394,1.000000;;
             }

             Frame Bip01_R_Finger41 {
              

              FrameTransformMatrix {
               0.662759,-0.748833,-0.000000,0.000000,0.748833,0.662759,-0.000000,0.000000,0.000000,-0.000000,1.000000,0.000000,3.160641,-0.000000,0.000002,1.000000;;
              }
             }
            }

            Frame Weapon_Hand_R_Point {
             

             FrameTransformMatrix {
              0.029064,0.994668,-0.098949,0.000000,-0.074295,0.100866,0.992122,0.000000,0.996813,-0.021483,0.076830,0.000000,7.744461,-1.278841,-0.164498,1.000000;;
             }
            }
           }
          }

          Frame Bip01_R_ForeTwist {
           

           FrameTransformMatrix {
            -0.500097,0.865970,-0.000000,0.000000,-0.769904,-0.444619,-0.457779,0.000000,-0.396422,-0.228934,0.889066,0.000000,15.525942,0.000004,0.000000,1.000000;;
           }

           Frame Bip01_R_ForeTwist1 {
            

            FrameTransformMatrix {
             1.000000,0.000000,-0.000000,0.000000,-0.000000,0.889066,-0.457779,0.000000,0.000000,0.457779,0.889066,0.000000,6.658615,0.000001,0.000000,1.000000;;
            }
           }
          }

          Frame Bip01_R_UpperTwist_Bone01 {
           

           FrameTransformMatrix {
            1.000000,0.000000,-0.000001,0.000000,0.000000,1.000000,0.000001,0.000000,0.000001,-0.000001,1.000000,0.000000,0.000008,0.000000,-0.000008,1.000000;;
           }
          }
         }
        }
       }
      }

      Frame Weapon_Back_B_Point {
       

       FrameTransformMatrix {
        0.040356,-0.997590,0.056439,0.000000,0.641886,0.069172,0.763674,0.000000,-0.765738,0.005409,0.643130,0.000000,6.044247,14.009640,3.010173,1.000000;;
       }
      }

      Frame Weapon_Back_R_Point {
       

       FrameTransformMatrix {
        -0.040305,-0.993897,0.102681,0.000000,-0.485235,0.109303,0.867525,0.000000,-0.873454,-0.014859,-0.486679,0.000000,22.008549,10.240377,-28.863238,1.000000;;
       }
      }
     }
    }

    Frame Bip01_L_Thigh {
     

     FrameTransformMatrix {
      -0.384907,-0.089949,0.918562,0.000000,-0.531075,0.835559,-0.140716,0.000000,-0.754855,-0.541987,-0.369382,0.000000,-0.000011,-0.000012,7.749226,1.000000;;
     }

     Frame Bip01_L_Calf {
      

      FrameTransformMatrix {
       0.505586,0.862776,-0.000000,0.000000,-0.862776,0.505586,-0.000000,0.000000,-0.000000,0.000000,1.000000,0.000000,22.080982,0.000002,0.000000,1.000000;;
      }

      Frame Bip01_L_Foot {
       

       FrameTransformMatrix {
        0.795070,-0.092870,0.599365,0.000000,0.177003,0.980718,-0.082839,0.000000,-0.580115,0.171952,0.796178,0.000000,14.997710,-0.000002,0.000002,1.000000;;
       }

       Frame Bip01_L_Toe0 {
        

        FrameTransformMatrix {
         0.040991,-0.996398,0.074236,0.000000,0.997224,0.045421,0.059004,0.000000,-0.062163,0.071611,0.995494,0.000000,8.640069,-6.144472,-0.000006,1.000000;;
        }
       }
      }

      Frame L_Calf_Point01 {
       

       FrameTransformMatrix {
        0.645800,-0.651766,0.397674,0.000000,0.685703,0.724177,0.073345,0.000000,-0.335790,0.225320,0.914591,0.000000,12.922666,6.217050,6.374679,1.000000;;
       }
      }
     }
    }

    Frame Bip01_R_Thigh {
     

     FrameTransformMatrix {
      -0.668369,-0.603353,-0.435026,0.000000,-0.657653,0.752581,-0.033370,0.000000,0.347527,0.263792,-0.899799,0.000000,0.000011,0.000010,-7.749222,1.000000;;
     }

     Frame Bip01_R_Calf {
      

      FrameTransformMatrix {
       -0.244566,0.969633,0.000000,0.000000,-0.969633,-0.244566,-0.000000,0.000000,-0.000000,-0.000000,1.000000,0.000000,22.080994,0.000000,-0.000004,1.000000;;
      }

      Frame Bip01_R_Foot {
       

       FrameTransformMatrix {
        0.567452,-0.735998,-0.369194,0.000000,0.723002,0.659934,-0.204340,0.000000,0.394037,-0.150975,0.906610,0.000000,14.997710,-0.000001,-0.000000,1.000000;;
       }

       Frame Bip01_R_Toe0 {
        

        FrameTransformMatrix {
         0.013416,-0.999039,-0.041729,0.000000,0.999712,0.012571,0.020436,0.000000,-0.019892,-0.041991,0.998920,0.000000,8.640070,-6.144475,0.000002,1.000000;;
        }
       }
      }

      Frame R_Calf_Point01 {
       

       FrameTransformMatrix {
        -0.006065,-0.982181,-0.187840,0.000000,0.999060,0.002109,-0.043287,0.000000,0.042912,-0.187926,0.981245,0.000000,10.446481,-6.648379,-3.249027,1.000000;;
       }
      }
     }
    }

    Frame Weapon_Side_L_Point {
     

     FrameTransformMatrix {
      -0.395956,-0.031511,-0.917728,0.000000,-0.496463,0.848098,0.185080,0.000000,0.772492,0.528901,-0.351454,0.000000,3.514839,-8.649691,15.920970,1.000000;;
     }
    }

    Frame Weapon_Side_R_Point {
     

     FrameTransformMatrix {
      0.375618,0.017156,-0.926615,0.000000,-0.498300,0.846749,-0.186317,0.000000,0.781414,0.531716,0.326603,0.000000,3.401974,-8.603473,-15.780381,1.000000;;
     }
    }
   }

   Frame EFF_Lock_D {
    

    FrameTransformMatrix {
     0.471695,-0.881744,-0.005539,0.000000,0.873747,0.468243,-0.131584,0.000000,0.118617,0.057228,0.991290,0.000000,-3.713181,-3.687970,-29.919866,1.000000;;
    }

    Frame Extra_Point01 {
     

     FrameTransformMatrix {
      0.000001,-1.000000,-0.000000,0.000000,1.000000,0.000001,0.000237,0.000000,-0.000237,-0.000000,1.000000,0.000000,-0.000002,-0.000001,-0.000004,1.000000;;
     }
    }

    Frame Dummy_Scene_Root {
     

     FrameTransformMatrix {
      0.000001,-1.000000,-0.000000,0.000000,1.000000,0.000001,0.000236,0.000000,-0.000236,-0.000000,1.000000,0.000000,0.000001,0.000000,0.000000,1.000000;;
     }
    }
   }

   Frame Move_Link_D {
    

    FrameTransformMatrix {
     0.997564,-0.000000,0.069757,0.000000,-0.000000,1.000000,-0.000000,0.000000,-0.069757,0.000000,0.997564,0.000000,0.504915,0.244720,4.223608,1.000000;;
    }

    Frame EFF_Move_D {
     

     FrameTransformMatrix {
      1.000000,0.000001,-0.000000,0.000000,-0.000001,1.000000,0.000000,0.000000,0.000000,-0.000000,1.000000,0.000000,-1.706174,0.013155,-34.571856,1.000000;;
     }
    }
   }

   Frame SATA9NI_Link_Point02 {
    

    FrameTransformMatrix {
     -0.997564,-0.000001,-0.069756,0.000000,0.069756,0.000000,-0.997564,0.000000,0.000001,-1.000000,-0.000000,0.000000,-2.631452,-8.993466,-27.854640,1.000000;;
    }
   }

   Frame SATA9NI_Bone01 {
    

    FrameTransformMatrix {
     -0.054735,-0.308658,-0.949597,0.000000,0.998345,-0.000087,-0.057516,0.000000,0.017671,-0.951173,0.308152,0.000000,-1.034301,0.013152,-0.145494,1.000000;;
    }
   }

   Frame SATA9NI_Lock_Dummy01 {
    

    FrameTransformMatrix {
     -0.378025,0.925750,-0.009189,0.000000,-0.925672,-0.377794,0.020053,0.000000,0.015093,0.016087,0.999757,0.000000,1.168830,0.013160,-45.326461,1.000000;;
    }
   }
  }
 }

 Frame CL_Skin {
  

  FrameTransformMatrix {
   1.000000,0.000000,0.000000,0.000000,0.000000,1.000000,0.000000,0.000000,0.000000,0.000000,1.000000,0.000000,0.000000,0.000000,0.000000,1.000000;;
  }
 }

 Frame FA {
  

  FrameTransformMatrix {
   1.000000,0.000000,0.000000,0.000000,0.000000,1.000000,0.000000,0.000000,0.000000,0.000000,1.000000,0.000000,0.000000,0.000000,0.000000,1.000000;;
  }
 }

 Frame FA_Skin {
  

  FrameTransformMatrix {
   1.000000,0.000000,0.000000,0.000000,0.000000,1.000000,0.000000,0.000000,0.000000,0.000000,1.000000,0.000000,0.000000,0.000000,0.000000,1.000000;;
  }
 }

 Frame FA_EA {
  

  FrameTransformMatrix {
   1.000000,0.000000,0.000000,0.000000,0.000000,1.000000,0.000000,0.000000,0.000000,0.000000,1.000000,0.000000,0.000000,0.000000,0.000000,1.000000;;
  }
 }

 Frame GL {
  

  FrameTransformMatrix {
   1.000000,0.000000,0.000000,0.000000,0.000000,1.000000,0.000000,0.000000,0.000000,0.000000,1.000000,0.000000,0.000000,0.000000,0.000000,1.000000;;
  }
 }

 Frame PA_Skin {
  

  FrameTransformMatrix {
   1.000000,0.000000,0.000000,0.000000,0.000000,1.000000,0.000000,0.000000,0.000000,0.000000,1.000000,0.000000,0.000000,0.000000,0.000000,1.000000;;
  }
 }

 Frame SH {
  

  FrameTransformMatrix {
   1.000000,0.000000,0.000000,0.000000,0.000000,1.000000,0.000000,0.000000,0.000000,0.000000,1.000000,0.000000,0.000000,0.000000,0.000000,1.000000;;
  }
 }

 Frame PA_Panty {
  

  FrameTransformMatrix {
   1.000000,0.000000,0.000000,0.000000,0.000000,1.000000,0.000000,0.000000,0.000000,0.000000,1.000000,0.000000,0.000000,0.000000,0.000000,1.000000;;
  }
 }

 Frame CL_Bra {
  

  FrameTransformMatrix {
   1.000000,0.000000,0.000000,0.000000,0.000000,1.000000,0.000000,0.000000,0.000000,0.000000,1.000000,0.000000,0.000000,0.000000,0.000000,1.000000;;
  }
 }
}

Frame HR_ {
 

 FrameTransformMatrix {
  0.393701,0.000000,0.000000,0.000000,0.000000,-0.000000,-0.393701,0.000000,0.000000,0.393701,-0.000000,0.000000,0.000000,0.000000,0.000000,1.000000;;
 }

 Mesh HR_ {
  49;
  -9.785325;8.978755;129.165722;,
  -0.000007;0.020530;133.536845;,
  -0.000036;11.014144;130.242483;,
  9.785264;8.978806;129.165722;,
  10.345574;-24.545899;104.737440;,
  0.000064;-26.304275;113.834099;,
  0.000065;-26.572056;104.855136;,
  -10.345454;-24.545954;104.737440;,
  11.030261;-24.419699;113.408486;,
  -11.030142;-24.419755;113.408486;,
  19.822362;-18.220829;111.912627;,
  18.864061;-18.625107;103.685651;,
  0.000059;-24.425306;121.617126;,
  11.005238;-22.724221;121.032717;,
  -11.005129;-22.724277;121.032717;,
  0.000047;-20.244902;127.686144;,
  -19.822277;-18.220934;111.912627;,
  -18.863974;-18.625206;103.685651;,
  -23.047562;-11.106506;110.352320;,
  -23.037882;-3.895912;100.726106;,
  -23.889082;-0.470511;103.454362;,
  -23.775798;-4.790247;108.800384;,
  -22.754045;-8.981970;117.665190;,
  -23.861307;-2.036991;115.727488;,
  -19.013010;-16.525246;119.553971;,
  -20.627432;-6.199798;124.445926;,
  -21.453747;2.132982;122.549107;,
  -10.264482;-18.807949;126.984051;,
  -16.726442;-13.467126;125.901670;,
  -15.556638;-3.394913;129.498547;,
  -15.997579;5.668068;126.748070;,
  -9.708742;-1.454702;132.098675;,
  -9.999856;-10.806640;131.670003;,
  0.000021;-10.693729;133.086016;,
  9.999900;-10.806586;131.670003;,
  9.708737;-1.454650;132.098675;,
  10.264567;-18.807896;126.984051;,
  15.556643;-3.394830;129.498547;,
  15.997534;5.668152;126.748083;,
  21.453723;2.133096;122.549120;,
  16.726499;-13.467038;125.901683;,
  20.627451;-6.199688;124.445939;,
  23.861307;-2.036864;115.727488;,
  19.013086;-16.525144;119.553971;,
  22.754080;-8.981850;117.665190;,
  23.775814;-4.790121;108.800384;,
  23.047608;-11.106383;110.352320;,
  23.037893;-3.895790;100.726106;,
  23.889074;-0.470385;103.454362;;
  76;
  3;0,1,2;,
  3;1,3,2;,
  3;4,5,6;,
  3;5,7,6;,
  3;5,4,8;,
  3;7,5,9;,
  3;4,10,8;,
  3;10,4,11;,
  3;8,12,5;,
  3;12,9,5;,
  3;12,8,13;,
  3;10,13,8;,
  3;9,12,14;,
  3;13,15,12;,
  3;15,14,12;,
  3;14,16,9;,
  3;16,7,9;,
  3;7,16,17;,
  3;17,16,18;,
  3;19,17,18;,
  3;20,19,21;,
  3;19,18,21;,
  3;22,21,18;,
  3;16,22,18;,
  3;21,22,23;,
  3;22,16,24;,
  3;16,14,24;,
  3;25,23,22;,
  3;24,25,22;,
  3;23,25,26;,
  3;27,24,14;,
  3;14,15,27;,
  3;25,24,28;,
  3;24,27,28;,
  3;29,26,25;,
  3;29,25,28;,
  3;29,30,26;,
  3;29,0,30;,
  3;0,29,31;,
  3;1,0,31;,
  3;31,29,32;,
  3;29,28,32;,
  3;32,1,31;,
  3;28,27,32;,
  3;32,27,15;,
  3;1,32,33;,
  3;33,32,15;,
  3;34,1,33;,
  3;33,15,34;,
  3;1,34,35;,
  3;3,1,35;,
  3;34,15,36;,
  3;15,13,36;,
  3;35,34,37;,
  3;37,3,35;,
  3;3,37,38;,
  3;37,39,38;,
  3;37,34,40;,
  3;40,34,36;,
  3;37,41,39;,
  3;37,40,41;,
  3;41,42,39;,
  3;36,43,40;,
  3;43,41,40;,
  3;43,36,13;,
  3;13,10,43;,
  3;41,43,44;,
  3;10,44,43;,
  3;42,41,44;,
  3;44,45,42;,
  3;44,10,46;,
  3;45,44,46;,
  3;11,46,10;,
  3;47,46,11;,
  3;47,45,46;,
  3;48,45,47;;

  MeshNormals {
   49;
   -0.375332;0.533427;0.758012;,
   -0.000000;0.132999;0.991116;,
   -0.000002;0.584778;0.811193;,
   0.375329;0.533429;0.758012;,
   0.373254;-0.908788;-0.186509;,
   0.000003;-0.992457;0.122591;,
   0.000003;-0.984831;-0.173515;,
   -0.373249;-0.908790;-0.186509;,
   0.393110;-0.913033;0.108791;,
   -0.393105;-0.913035;0.108791;,
   0.776246;-0.626776;0.067783;,
   0.761563;-0.602873;-0.237834;,
   0.000002;-0.915939;0.401318;,
   0.393278;-0.835180;0.384458;,
   -0.393274;-0.835182;0.384457;,
   0.000002;-0.683625;0.729833;,
   -0.776242;-0.626780;0.067783;,
   -0.761560;-0.602877;-0.237834;,
   -0.957696;-0.286913;-0.022347;,
   -0.916207;-0.301869;-0.263514;,
   -0.975829;0.214467;-0.041966;,
   -0.998985;0.043585;0.011367;,
   -0.940620;-0.227899;0.251587;,
   -0.989706;0.093901;0.108002;,
   -0.760732;-0.556357;0.334297;,
   -0.821309;-0.125011;0.556619;,
   -0.856339;0.273903;0.437790;,
   -0.345369;-0.637056;0.689115;,
   -0.664881;-0.406864;0.626414;,
   -0.574205;0.026725;0.818275;,
   -0.612643;0.436056;0.659184;,
   -0.294788;0.116804;0.948397;,
   -0.322409;-0.270491;0.907131;,
   0.000001;-0.267715;0.963498;,
   0.322410;-0.270489;0.907131;,
   0.294788;0.116805;0.948397;,
   0.345372;-0.637054;0.689115;,
   0.574205;0.026728;0.818275;,
   0.612641;0.436059;0.659185;,
   0.856338;0.273908;0.437790;,
   0.664883;-0.406861;0.626414;,
   0.821309;-0.125006;0.556619;,
   0.989706;0.093906;0.108002;,
   0.760735;-0.556353;0.334297;,
   0.940621;-0.227894;0.251587;,
   0.998985;0.043591;0.011367;,
   0.957698;-0.286908;-0.022347;,
   0.916209;-0.301864;-0.263514;,
   0.975828;0.214473;-0.041966;;
   76;
   3;0,1,2;,
   3;1,3,2;,
   3;4,5,6;,
   3;5,7,6;,
   3;5,4,8;,
   3;7,5,9;,
   3;4,10,8;,
   3;10,4,11;,
   3;8,12,5;,
   3;12,9,5;,
   3;12,8,13;,
   3;10,13,8;,
   3;9,12,14;,
   3;13,15,12;,
   3;15,14,12;,
   3;14,16,9;,
   3;16,7,9;,
   3;7,16,17;,
   3;17,16,18;,
   3;19,17,18;,
   3;20,19,21;,
   3;19,18,21;,
   3;22,21,18;,
   3;16,22,18;,
   3;21,22,23;,
   3;22,16,24;,
   3;16,14,24;,
   3;25,23,22;,
   3;24,25,22;,
   3;23,25,26;,
   3;27,24,14;,
   3;14,15,27;,
   3;25,24,28;,
   3;24,27,28;,
   3;29,26,25;,
   3;29,25,28;,
   3;29,30,26;,
   3;29,0,30;,
   3;0,29,31;,
   3;1,0,31;,
   3;31,29,32;,
   3;29,28,32;,
   3;32,1,31;,
   3;28,27,32;,
   3;32,27,15;,
   3;1,32,33;,
   3;33,32,15;,
   3;34,1,33;,
   3;33,15,34;,
   3;1,34,35;,
   3;3,1,35;,
   3;34,15,36;,
   3;15,13,36;,
   3;35,34,37;,
   3;37,3,35;,
   3;3,37,38;,
   3;37,39,38;,
   3;37,34,40;,
   3;40,34,36;,
   3;37,41,39;,
   3;37,40,41;,
   3;41,42,39;,
   3;36,43,40;,
   3;43,41,40;,
   3;43,36,13;,
   3;13,10,43;,
   3;41,43,44;,
   3;10,44,43;,
   3;42,41,44;,
   3;44,45,42;,
   3;44,10,46;,
   3;45,44,46;,
   3;11,46,10;,
   3;47,46,11;,
   3;47,45,46;,
   3;48,45,47;;
  }

  MeshMaterialList {
   1;
   76;
   0,
   0,
   0,
   0,
   0,
   0,
   0,
   0,
   0,
   0,
   0,
   0,
   0,
   0,
   0,
   0,
   0,
   0,
   0,
   0,
   0,
   0,
   0,
   0,
   0,
   0,
   0,
   0,
   0,
   0,
   0,
   0,
   0,
   0,
   0,
   0,
   0,
   0,
   0,
   0,
   0,
   0,
   0,
   0,
   0,
   0,
   0,
   0,
   0,
   0,
   0,
   0,
   0,
   0,
   0,
   0,
   0,
   0,
   0,
   0,
   0,
   0,
   0,
   0,
   0,
   0,
   0,
   0,
   0,
   0,
   0,
   0,
   0,
   0,
   0,
   0;
   { Standard_13aa_32 }
  }

  MeshTextureCoords c1 {
   49;
   0.747420;0.745896;,
   0.753370;0.842298;,
   0.777421;0.779333;,
   0.747420;0.745896;,
   0.602918;0.890580;,
   0.635089;0.965084;,
   0.603701;0.964320;,
   0.602918;0.890580;,
   0.631826;0.889993;,
   0.631826;0.889993;,
   0.629987;0.817352;,
   0.602989;0.814029;,
   0.664948;0.959718;,
   0.656915;0.887442;,
   0.656915;0.887442;,
   0.692482;0.942186;,
   0.629987;0.817352;,
   0.602989;0.814029;,
   0.631529;0.764502;,
   0.604574;0.705837;,
   0.616058;0.685625;,
   0.631973;0.720239;,
   0.657067;0.764060;,
   0.660172;0.715817;,
   0.654667;0.820612;,
   0.682155;0.769551;,
   0.692726;0.715963;,
   0.678950;0.878383;,
   0.677419;0.823277;,
   0.706288;0.784083;,
   0.721678;0.729665;,
   0.725943;0.804319;,
   0.703847;0.848842;,
   0.726259;0.897572;,
   0.703847;0.848842;,
   0.725943;0.804319;,
   0.678950;0.878383;,
   0.706288;0.784083;,
   0.721678;0.729665;,
   0.692726;0.715963;,
   0.677419;0.823277;,
   0.682155;0.769551;,
   0.660172;0.715817;,
   0.654667;0.820612;,
   0.657067;0.764060;,
   0.631973;0.720239;,
   0.631529;0.764502;,
   0.604574;0.705837;,
   0.616058;0.685625;;
  }

  XSkinMeshHeader {
   1;
   1;
   1;
  }

  SkinWeights {
   "HR";
   49;
   0,
   1,
   2,
   3,
   4,
   5,
   6,
   7,
   8,
   9,
   10,
   11,
   12,
   13,
   14,
   15,
   16,
   17,
   18,
   19,
   20,
   21,
   22,
   23,
   24,
   25,
   26,
   27,
   28,
   29,
   30,
   31,
   32,
   33,
   34,
   35,
   36,
   37,
   38,
   39,
   40,
   41,
   42,
   43,
   44,
   45,
   46,
   47,
   48;
   1.000000,
   1.000000,
   1.000000,
   1.000000,
   1.000000,
   1.000000,
   1.000000,
   1.000000,
   1.000000,
   1.000000,
   1.000000,
   1.000000,
   1.000000,
   1.000000,
   1.000000,
   1.000000,
   1.000000,
   1.000000,
   1.000000,
   1.000000,
   1.000000,
   1.000000,
   1.000000,
   1.000000,
   1.000000,
   1.000000,
   1.000000,
   1.000000,
   1.000000,
   1.000000,
   1.000000,
   1.000000,
   1.000000,
   1.000000,
   1.000000,
   1.000000,
   1.000000,
   1.000000,
   1.000000,
   1.000000,
   1.000000,
   1.000000,
   1.000000,
   1.000000,
   1.000000,
   1.000000,
   1.000000,
   1.000000,
   1.000000;
   1.000000,-0.000003,-0.000000,0.000000,0.000003,1.000000,0.000000,0.000000,0.000000,-0.000000,1.000000,0.000000,-0.000001,0.000000,0.000004,1.000000;;
  }
 }
}

Frame CL_Skin_ {
 

 FrameTransformMatrix {
  0.393701,0.000000,0.000000,0.000000,0.000000,-0.000000,-0.393701,0.000000,0.000000,0.393701,-0.000000,0.000000,0.000000,0.000000,0.000000,1.000000;;
 }

 Mesh CL_Skin_ {
  317;
  21.295837;-2.651291;53.711053;,
  24.222430;0.981360;49.807136;,
  24.140122;-2.873001;49.843354;,
  22.655682;-5.543226;54.969274;,
  24.140122;-2.873001;49.843354;,
  25.491261;-5.940513;51.078534;,
  25.395088;1.054750;47.967299;,
  25.276306;-3.087198;48.009658;,
  25.306190;4.364957;50.996550;,
  26.467926;4.725934;49.136154;,
  22.454928;3.573614;54.888045;,
  28.351309;4.107944;53.398842;,
  29.782672;4.356032;51.889030;,
  30.801818;1.132427;52.931930;,
  29.421482;1.133187;54.503904;,
  30.898566;-2.671627;52.925658;,
  25.181062;3.779689;57.046656;,
  29.569270;-2.530607;54.559802;,
  19.400144;2.654358;59.287366;,
  26.398026;1.121411;58.184429;,
  21.374661;0.696543;53.686742;,
  18.200910;-2.250618;58.186182;,
  18.247267;0.437252;58.168397;,
  16.728170;-2.312639;60.019251;,
  16.833027;0.353259;60.079398;,
  12.540876;-2.159831;65.109984;,
  12.624735;0.390714;65.162323;,
  11.283061;-2.190968;66.604883;,
  17.993990;2.548393;61.098637;,
  11.310280;0.400072;66.637114;,
  10.851542;-2.162845;66.857331;,
  11.029715;0.448037;66.670067;,
  13.606406;2.470495;66.368698;,
  11.879686;2.520348;67.823379;,
  11.129076;2.588154;68.099066;,
  15.965398;3.091800;68.241651;,
  13.115900;3.253130;70.891437;,
  11.183073;3.666712;71.314586;,
  11.385315;3.346094;72.564038;,
  12.586683;1.503505;74.929530;,
  14.293437;1.196371;72.453555;,
  14.548576;-1.394979;72.966515;,
  12.668295;-1.177233;75.248262;,
  17.063957;0.985597;69.303040;,
  20.127381;2.966887;63.004346;,
  21.621333;2.879566;61.129946;,
  21.169739;0.876058;64.101715;,
  22.802614;0.774576;62.261658;,
  17.449810;-1.655198;69.300672;,
  21.550712;-1.749360;64.087610;,
  26.692597;-2.071459;58.273030;,
  23.061499;-1.865005;62.344186;,
  25.163976;-5.163467;57.045402;,
  21.622603;-4.232884;61.162656;,
  20.879360;-4.137360;62.097440;,
  28.374490;-5.733519;53.373030;,
  29.803722;-5.713632;51.903808;,
  26.629222;-6.053874;49.201600;,
  25.276306;-3.087198;48.009658;,
  21.295837;-2.651291;53.711053;,
  18.200910;-2.250618;58.186182;,
  19.494970;-4.416576;59.456595;,
  18.791714;-4.338629;60.461638;,
  16.728170;-2.312639;60.019251;,
  20.134518;-3.901344;63.024230;,
  18.156912;-4.123778;61.445062;,
  12.540876;-2.159831;65.109984;,
  14.283408;-3.934397;66.661146;,
  11.283061;-2.190968;66.604883;,
  16.310283;-3.481064;68.402803;,
  12.328502;-3.842821;69.475533;,
  10.851542;-2.162845;66.857331;,
  11.068710;-3.932495;70.550726;,
  13.646293;-3.212322;71.879104;,
  11.998753;-3.230467;74.124998;,
  5.705732;-0.960657;77.611245;,
  3.605304;1.434528;78.580736;,
  2.986637;-0.880101;79.570694;,
  5.574830;1.466742;77.112717;,
  2.193999;3.443077;76.977274;,
  2.357286;6.327447;73.992467;,
  5.767205;5.468226;73.958682;,
  2.608827;8.651532;71.131130;,
  5.935491;7.908492;71.146541;,
  -0.000001;8.552849;71.086694;,
  -0.000001;6.493064;74.026131;,
  -0.000001;4.313690;76.867616;,
  -2.194000;3.443077;76.977274;,
  -2.357288;6.327446;73.992467;,
  -2.608829;8.651532;71.131130;,
  -5.767205;5.468225;73.958682;,
  -5.935492;7.908492;71.146541;,
  -5.574828;1.466741;77.112723;,
  -3.605304;1.434528;78.580736;,
  -5.705730;-0.960658;77.611245;,
  -2.986638;-0.880101;79.570694;,
  -25.395085;1.054748;47.967299;,
  -24.140118;-2.873003;49.843360;,
  -25.276302;-3.087200;48.009664;,
  -24.222426;0.981358;49.807146;,
  -21.295835;-2.651293;53.711053;,
  -25.306184;4.364956;50.996560;,
  -26.467922;4.725932;49.136154;,
  -21.374656;0.696541;53.686746;,
  -18.200909;-2.250620;58.186182;,
  -22.454928;3.573612;54.888064;,
  -28.351306;4.107943;53.398848;,
  -29.782672;4.356029;51.889034;,
  -30.801814;1.132425;52.931933;,
  -29.421478;1.133185;54.503917;,
  -30.898563;-2.671629;52.925658;,
  -25.181059;3.779687;57.046662;,
  -19.400144;2.654356;59.287373;,
  -26.398022;1.121408;58.184442;,
  -18.247269;0.437250;58.168397;,
  -16.728173;-2.312641;60.019238;,
  -16.833029;0.353258;60.079392;,
  -12.540876;-2.159832;65.109978;,
  -12.624736;0.390713;65.162323;,
  -11.283063;-2.190969;66.604883;,
  -17.993990;2.548393;61.098624;,
  -11.310281;0.400071;66.637114;,
  -10.851542;-2.162846;66.857325;,
  -11.029715;0.448036;66.670061;,
  -13.606406;2.470494;66.368691;,
  -11.879688;2.520347;67.823373;,
  -11.129076;2.588153;68.099066;,
  -15.965398;3.091800;68.241645;,
  -13.115900;3.253130;70.891437;,
