xof 0303txt 0032
template ColorRGBA {
 <35ff44e0-6c7c-11cf-8f52-0040333594a3>
 FLOAT red;
 FLOAT green;
 FLOAT blue;
 FLOAT alpha;
}

template ColorRGB {
 <d3e16e81-7835-11cf-8f52-0040333594a3>
 FLOAT red;
 FLOAT green;
 FLOAT blue;
}

template Material {
 <3d82ab4d-62da-11cf-ab39-0020af71e433>
 ColorRGBA faceColor;
 FLOAT power;
 ColorRGB specularColor;
 ColorRGB emissiveColor;
 [...]
}

template TextureFilename {
 <a42790e1-7810-11cf-8f52-0040333594a3>
 STRING filename;
}

template Frame {
 <3d82ab46-62da-11cf-ab39-0020af71e433>
 [...]
}

template Matrix4x4 {
 <f6f23f45-7686-11cf-8f52-0040333594a3>
 array FLOAT matrix[16];
}

template FrameTransformMatrix {
 <f6f23f41-7686-11cf-8f52-0040333594a3>
 Matrix4x4 frameMatrix;
}

template Vector {
 <3d82ab5e-62da-11cf-ab39-0020af71e433>
 FLOAT x;
 FLOAT y;
 FLOAT z;
}

template MeshFace {
 <3d82ab5f-62da-11cf-ab39-0020af71e433>
 DWORD nFaceVertexIndices;
 array DWORD faceVertexIndices[nFaceVertexIndices];
}

template Mesh {
 <3d82ab44-62da-11cf-ab39-0020af71e433>
 DWORD nVertices;
 array Vector vertices[nVertices];
 DWORD nFaces;
 array MeshFace faces[nFaces];
 [...]
}

template MeshNormals {
 <f6f23f43-7686-11cf-8f52-0040333594a3>
 DWORD nNormals;
 array Vector normals[nNormals];
 DWORD nFaceNormals;
 array MeshFace faceNormals[nFaceNormals];
}

template MeshMaterialList {
 <f6f23f42-7686-11cf-8f52-0040333594a3>
 DWORD nMaterials;
 DWORD nFaceIndexes;
 array DWORD faceIndexes[nFaceIndexes];
 [Material <3d82ab4d-62da-11cf-ab39-0020af71e433>]
}

template Coords2d {
 <f6f23f44-7686-11cf-8f52-0040333594a3>
 FLOAT u;
 FLOAT v;
}

template MeshTextureCoords {
 <f6f23f40-7686-11cf-8f52-0040333594a3>
 DWORD nTextureCoords;
 array Coords2d textureCoords[nTextureCoords];
}

template XSkinMeshHeader {
 <3cf169ce-ff7c-44ab-93c0-f78f62d172e2>
 WORD nMaxSkinWeightsPerVertex;
 WORD nMaxSkinWeightsPerFace;
 WORD nBones;
}

template SkinWeights {
 <6f0d123b-bad2-4167-a0d0-80224f25fabb>
 STRING transformNodeName;
 DWORD nWeights;
 array DWORD vertexIndices[nWeights];
 array FLOAT weights[nWeights];
 Matrix4x4 matrixOffset;
}

template AnimTicksPerSecond {
 <9e415a43-7ba6-4a73-8743-b73d47e88476>
 DWORD AnimTicksPerSecond;
}

template Animation {
 <3d82ab4f-62da-11cf-ab39-0020af71e433>
 [...]
}

template AnimationSet {
 <3d82ab50-62da-11cf-ab39-0020af71e433>
 [Animation <3d82ab4f-62da-11cf-ab39-0020af71e433>]
}

template FloatKeys {
 <10dd46a9-775b-11cf-8f52-0040333594a3>
 DWORD nValues;
 array FLOAT values[nValues];
}

template TimedFloatKeys {
 <f406b180-7b3b-11cf-8f52-0040333594a3>
 DWORD time;
 FloatKeys tfkeys;
}

template AnimationKey {
 <10dd46a8-775b-11cf-8f52-0040333594a3>
 DWORD keyType;
 DWORD nKeys;
 array TimedFloatKeys keys[nKeys];
}


Material Standard_7_32 {
 1.000000;1.000000;1.000000;1.000000;;
 43.219280;
 0.020000;0.020000;0.020000;;
 0.000000;0.000000;0.000000;;

 TextureFilename {
  "F_Skin_body_D.dds";
 }
}

Material Standard_2_123 {
 1.000000;1.000000;1.000000;1.000000;;
 43.219280;
 0.020000;0.020000;0.020000;;
 0.000000;0.000000;0.000000;;

 TextureFilename {
  "00300001_M_BraveFace.dds";
 }
}

Material Standard_7_142 {
 1.000000;1.000000;1.000000;1.000000;;
 43.219280;
 0.020000;0.020000;0.020000;;
 0.000000;0.000000;0.000000;;

 TextureFilename {
  "F_Skin_body_D.dds";
 }
}

Material Standard_7_155 {
 1.000000;1.000000;1.000000;1.000000;;
 43.219280;
 0.020000;0.020000;0.020000;;
 0.000000;0.000000;0.000000;;

 TextureFilename {
  "F_Skin_body_D.dds";
 }
}

Material Standard_7_168 {
 1.000000;1.000000;1.000000;1.000000;;
 43.219280;
 0.020000;0.020000;0.020000;;
 0.000000;0.000000;0.000000;;

 TextureFilename {
  "F_Skin_body_D.dds";
 }
}

Material Standard_7_181 {
 1.000000;1.000000;1.000000;1.000000;;
 43.219280;
 0.020000;0.020000;0.020000;;
 0.000000;0.000000;0.000000;;

 TextureFilename {
  "F_Skin_body_D.dds";
 }
}

Material Standard_7_194 {
 1.000000;1.000000;1.000000;1.000000;;
 43.219280;
 0.020000;0.020000;0.020000;;
 0.000000;0.000000;0.000000;;

 TextureFilename {
  "F_Skin_body_D.dds";
 }
}

Material Pants_207 {
 1.000000;1.000000;1.000000;1.000000;;
 43.219280;
 0.020000;0.020000;0.020000;;
 0.000000;0.000000;0.000000;;

 TextureFilename {
  "M_PA_D.DDS";
 }
}

Material Standard_7_225 {
 1.000000;1.000000;1.000000;1.000000;;
 43.219280;
 0.020000;0.020000;0.020000;;
 0.000000;0.000000;0.000000;;

 TextureFilename {
  "F_Skin_body_D.dds";
 }
}

Material Material__35 {
 1.000000;1.000000;1.000000;1.000000;;
 10.000000;
 0.000000;0.000000;0.000000;;
 0.000000;0.000000;0.000000;;

 TextureFilename {
  "00200002_m_soltmohican_c.dds";
 }
}

Frame Scene_Root {
 

 FrameTransformMatrix {
  0.393701,0.000000,0.000000,0.000000,0.000000,-0.000000,-0.393701,0.000000,0.000000,0.393701,-0.000000,0.000000,0.000000,0.000000,0.000000,1.000000;;
 }

 Frame Bip01 {
  

  FrameTransformMatrix {
   1.000000,0.000000,0.000000,0.000000,0.000000,1.000000,0.000000,0.000000,0.000000,0.000000,1.000000,0.000000,0.000000,0.000000,0.000000,1.000000;;
  }

  Frame Bip01_NonAccum {
   

   FrameTransformMatrix {
    -0.883011,0.464872,0.064693,0.000000,-0.461718,-0.885117,0.058184,0.000000,0.084309,0.021507,0.996208,0.000000,1.914542,-2.347394,29.537117,1.000000;;
   }

   Frame Bip01_Footsteps {
    

    FrameTransformMatrix {
     0.000001,-1.000000,-0.000000,0.000000,0.997564,0.000001,0.069757,0.000000,-0.069757,-0.000000,0.997564,0.000000,3.011114,0.000004,-43.060333,1.000000;;
    }
   }

   Frame Bip01_Pelvis {
    

    FrameTransformMatrix {
     -0.000000,0.001487,0.999999,0.000000,-1.000000,0.000002,-0.000000,0.000000,-0.000002,-0.999999,0.001487,0.000000,0.000000,0.000000,0.000000,1.000000;;
    }

    Frame Bip01_Spine {
     

     FrameTransformMatrix {
      0.990035,-0.140813,0.001473,0.000000,0.138548,0.975878,0.168724,0.000000,-0.025196,-0.166838,0.985662,0.000000,3.649750,0.087427,0.006638,1.000000;;
     }

     Frame Bip01_Spine1 {
      

      FrameTransformMatrix {
       0.967516,-0.221723,-0.121458,0.000000,0.225988,0.973873,0.022369,0.000000,0.113325,-0.049090,0.992344,0.000000,8.608951,0.007493,0.000266,1.000000;;
      }

      Frame Bip01_Spine2 {
       

       FrameTransformMatrix {
        0.948930,-0.299637,-0.098739,0.000000,0.314705,0.921037,0.229460,0.000000,0.022187,-0.248815,0.968297,0.000000,9.766022,0.009101,0.002387,1.000000;;
       }

       Frame Bip01_Neck {
        

        FrameTransformMatrix {
         0.986267,0.162009,-0.032097,0.000000,-0.165158,0.967743,-0.190255,0.000000,0.000239,0.192944,0.981210,0.000000,12.206112,-0.363363,-0.000708,1.000000;;
        }

        Frame Bip01_Head {
         

         FrameTransformMatrix {
          0.913048,0.405047,0.047753,0.000000,-0.057268,0.243246,-0.968273,0.000000,-0.403812,0.881344,0.245292,0.000000,3.164169,0.777052,0.000000,1.000000;;
         }

         Frame Bip01_HeadNub {
          

          FrameTransformMatrix {
           1.000000,0.000000,-0.000000,0.000000,-0.000000,1.000000,-0.000000,0.000000,0.000000,0.000000,1.000000,0.000000,54.433939,-0.000003,-0.000002,1.000000;;
          }
         }

         Frame Tail_Point02 {
          

          FrameTransformMatrix {
           0.000001,-0.000000,1.000000,0.000000,-0.999999,-0.001053,0.000001,0.000000,0.001053,-1.000000,-0.000000,0.000000,19.123336,-15.099808,19.392766,1.000000;;
          }
         }

         Frame Tail_Point01 {
          

          FrameTransformMatrix {
           0.000001,-0.000000,1.000000,0.000000,-0.999999,-0.001053,0.000001,0.000000,0.001053,-1.000000,-0.000000,0.000000,12.513450,-23.171248,4.274389,1.000000;;
          }
         }

         Frame Tail_Point04 {
          

          FrameTransformMatrix {
           0.000001,-0.000000,1.000000,0.000000,-0.999999,-0.001053,0.000001,0.000000,0.001053,-1.000000,-0.000000,0.000000,19.123840,-15.099856,-19.392982,1.000000;;
          }
         }

         Frame Tail_Point03 {
          

          FrameTransformMatrix {
           0.000001,-0.000000,1.000000,0.000000,-0.999999,-0.001053,0.000001,0.000000,0.001053,-1.000000,-0.000000,0.000000,12.513329,-23.171250,-4.273970,1.000000;;
          }
         }

         Frame Tail_Point05 {
          

          FrameTransformMatrix {
           0.000001,-0.000000,1.000000,0.000000,-0.999999,-0.001053,0.000001,0.000000,0.001053,-1.000000,-0.000000,0.000000,18.363648,-22.216834,9.580283,1.000000;;
          }
         }

         Frame Tail_Point06 {
          

          FrameTransformMatrix {
           0.000001,-0.000000,1.000000,0.000000,-0.999999,-0.001053,0.000001,0.000000,0.001053,-1.000000,-0.000000,0.000000,8.652519,-18.881102,13.965821,1.000000;;
          }
         }

         Frame Tail_Point07 {
          

          FrameTransformMatrix {
           0.000001,-0.000000,1.000000,0.000000,-0.999999,-0.001053,0.000001,0.000000,0.001053,-1.000000,-0.000000,0.000000,9.050392,-18.880722,-14.099014,1.000000;;
          }
         }

         Frame Tail_Point08 {
          

          FrameTransformMatrix {
           0.000001,-0.000000,1.000000,0.000000,-0.999999,-0.001053,0.000001,0.000000,0.001053,-1.000000,-0.000000,0.000000,18.363624,-22.216856,-9.579971,1.000000;;
          }
         }

         Frame HR {
          

          FrameTransformMatrix {
           0.000001,-0.000000,1.000000,0.000000,0.001053,-1.000000,-0.000000,0.000000,0.999999,0.001053,-0.000001,0.000000,-80.458803,-0.315816,-0.000002,1.000000;;
          }

          Frame HR_0 {
           

           FrameTransformMatrix {
            1.000000,0.000000,-0.000000,0.000000,-0.000000,1.000000,0.000000,0.000000,0.000000,-0.000000,1.000000,0.000000,0.000000,0.000000,0.000000,1.000000;;
           }
          }
         }
        }

        Frame Bip01_L_Clavicle {
         

         FrameTransformMatrix {
          -0.180754,-0.200981,0.962775,0.000000,-0.159897,-0.959871,-0.230394,0.000000,0.970444,-0.195589,0.141364,0.000000,-2.277943,1.014170,3.311353,1.000000;;
         }

         Frame Bip01_L_UpperArm {
          

          FrameTransformMatrix {
           0.287229,0.562467,-0.775326,0.000000,-0.761714,0.624899,0.171152,0.000000,0.580768,0.541417,0.607928,0.000000,7.154710,0.000000,0.000000,1.000000;;
          }

          Frame Bip01_L_Forearm {
           

           FrameTransformMatrix {
            0.728883,0.684638,-0.000042,0.000000,-0.684638,0.728884,-0.000018,0.000000,0.000018,0.000042,1.000000,0.000000,16.098984,0.000001,-0.000006,1.000000;;
           }

           Frame Bip01_L_Hand {
            

            FrameTransformMatrix {
             0.903229,-0.416212,0.104615,0.000000,0.041541,0.327416,0.943967,0.000000,-0.427143,-0.848273,0.313021,0.000000,12.943901,-0.000006,0.000004,1.000000;;
            }

            Frame Bip01_L_Finger0 {
             

             FrameTransformMatrix {
              0.933648,-0.238410,-0.267323,0.000000,-0.357716,-0.582186,-0.730136,0.000000,0.018440,0.777316,-0.628840,0.000000,4.322174,-4.277773,-6.136326,1.000000;;
             }

             Frame Bip01_L_Finger01 {
              

              FrameTransformMatrix {
               0.426169,-0.904644,-0.000009,0.000000,0.904644,0.426169,-0.000040,0.000000,0.000040,0.000009,1.000000,0.000000,6.608992,-0.000008,-0.000004,1.000000;;
              }
             }
            }

            Frame Bip01_L_Finger1 {
             

             FrameTransformMatrix {
              0.566536,-0.813405,0.131941,0.000000,0.824033,0.558735,-0.093728,0.000000,0.002519,0.161824,0.986816,0.000000,11.958149,2.024222,-4.583305,1.000000;;
             }

             Frame Bip01_L_Finger11 {
              

              FrameTransformMatrix {
               0.211831,-0.977306,-0.000004,0.000000,0.977306,0.211831,-0.000042,0.000000,0.000042,0.000004,1.000000,0.000000,4.403212,0.000003,0.000002,1.000000;;
              }
             }
            }

            Frame Bip01_L_Finger2 {
             

             FrameTransformMatrix {
              0.562164,-0.826686,0.023717,0.000000,0.826719,0.562505,0.011097,0.000000,-0.022515,0.013369,0.999657,0.000000,11.784319,2.239689,-1.185590,1.000000;;
             }

             Frame Bip01_L_Finger21 {
              

              FrameTransformMatrix {
               0.006772,-0.999977,-0.000000,0.000000,0.999977,0.006772,-0.000000,0.000000,0.000000,-0.000000,1.000000,0.000000,4.551590,-0.000002,0.000000,1.000000;;
              }
             }
            }

            Frame Bip01_L_Finger3 {
             

             FrameTransformMatrix {
              0.695208,-0.716265,-0.060418,0.000000,0.716898,0.684783,0.130880,0.000000,-0.052371,-0.134302,0.989556,0.000000,11.642550,1.682321,2.134609,1.000000;;
             }

             Frame Bip01_L_Finger31 {
              

              FrameTransformMatrix {
               0.039465,-0.999221,-0.000001,0.000000,0.999221,0.039465,-0.000041,0.000000,0.000041,0.000001,1.000000,0.000000,3.923151,-0.000003,-0.000002,1.000000;;
              }
             }
            }

            Frame Bip01_L_Finger4 {
             

             FrameTransformMatrix {
              0.738245,-0.639981,-0.213117,0.000000,0.674532,0.700624,0.232664,0.000000,0.000414,-0.315517,0.948920,0.000000,11.592436,1.297146,4.984820,1.000000;;
             }

             Frame Bip01_L_Finger41 {
              

              FrameTransformMatrix {
               0.203724,-0.979029,-0.000004,0.000000,0.979029,0.203724,-0.000041,0.000000,0.000041,0.000004,1.000000,0.000000,3.433453,0.000004,0.000002,1.000000;;
              }
             }
            }

            Frame Weapon_Hand_L_Point {
             

             FrameTransformMatrix {
              0.031765,-0.100532,0.994427,0.000000,0.997954,-0.052045,-0.037139,0.000000,0.055489,0.993572,0.098673,0.000000,11.053593,-2.077038,-0.434265,1.000000;;
             }
            }
           }
          }

          Frame Bip01_L_ForeTwist {
           

           FrameTransformMatrix {
            0.728902,0.684618,-0.000023,0.000000,-0.679870,0.723842,-0.117598,0.000000,-0.080494,0.085733,0.993061,0.000000,16.098984,0.000001,-0.000006,1.000000;;
           }

           Frame Bip01_L_ForeTwist1 {
            

            FrameTransformMatrix {
             1.000000,-0.000038,-0.000034,0.000000,0.000034,0.993064,-0.117571,0.000000,0.000038,0.117571,0.993064,0.000000,6.471947,-0.000002,-0.000000,1.000000;;
            }
           }
          }

          Frame Bip01_L_UpperTwist_Bone01 {
           

           FrameTransformMatrix {
            1.000000,-0.000000,0.000000,0.000000,0.000000,1.000000,0.000000,0.000000,-0.000000,0.000000,1.000000,0.000000,0.000000,0.000000,-0.000001,1.000000;;
           }
          }
         }
        }

        Frame Bip01_R_Clavicle {
         

         FrameTransformMatrix {
          -0.029586,0.157433,-0.987087,0.000000,-0.162424,-0.975151,-0.150661,0.000000,-0.986278,0.155869,0.054422,0.000000,-2.077183,2.204422,-2.828111,1.000000;;
         }

         Frame Bip01_R_UpperArm {
          

          FrameTransformMatrix {
           0.164036,0.814138,0.557020,0.000000,-0.168093,0.579480,-0.797464,0.000000,-0.972028,0.037181,0.231906,0.000000,7.154709,-0.000004,-0.000008,1.000000;;
          }

          Frame Bip01_R_Forearm {
           

           FrameTransformMatrix {
            0.995142,0.098452,-0.000052,0.000000,-0.098452,0.995142,-0.000047,0.000000,0.000047,0.000052,1.000000,0.000000,16.098995,0.000000,0.000000,1.000000;;
           }

           Frame Bip01_R_Hand {
            

            FrameTransformMatrix {
             0.981054,-0.059347,0.184422,0.000000,0.016252,-0.923359,-0.383594,0.000000,0.193053,0.379324,-0.904900,0.000000,12.943901,0.000004,0.000000,1.000000;;
            }

            Frame Bip01_R_Finger0 {
             

             FrameTransformMatrix {
              0.943429,-0.265284,-0.198911,0.000000,0.178638,-0.098732,0.978949,0.000000,-0.279339,-0.959102,-0.045757,0.000000,4.322168,-4.277775,6.136322,1.000000;;
             }

             Frame Bip01_R_Finger01 {
              

              FrameTransformMatrix {
               -0.018186,-0.999835,-0.000000,0.000000,0.999835,-0.018186,0.000000,0.000000,0.000000,-0.000000,1.000000,0.000000,6.608992,-0.000004,-0.000010,1.000000;;
              }
             }
            }

            Frame Bip01_R_Finger1 {
             

             FrameTransformMatrix {
              0.215286,-0.932268,-0.290739,0.000000,0.974713,0.186877,0.122523,0.000000,-0.059892,-0.309764,0.948925,0.000000,11.958150,2.024226,4.583302,1.000000;;
             }

             Frame Bip01_R_Finger11 {
              

              FrameTransformMatrix {
               0.269569,-0.962981,0.000000,0.000000,0.962981,0.269569,-0.000000,0.000000,-0.000000,-0.000000,1.000000,0.000000,4.403211,-0.000002,-0.000004,1.000000;;
              }
             }
            }

            Frame Bip01_R_Finger2 {
             

             FrameTransformMatrix {
              0.244490,-0.969316,0.025522,0.000000,0.969574,0.244719,0.006232,0.000000,-0.012286,0.023222,0.999655,0.000000,11.784315,2.239696,1.185585,1.000000;;
             }

             Frame Bip01_R_Finger21 {
              

              FrameTransformMatrix {
               0.462198,-0.886777,0.000000,0.000000,0.886777,0.462198,0.000000,0.000000,0.000000,0.000000,1.000000,0.000000,4.551597,0.000000,0.000000,1.000000;;
              }
             }
            }

            Frame Bip01_R_Finger3 {
             

             FrameTransformMatrix {
              0.287324,-0.949692,0.124623,0.000000,0.957786,0.286159,-0.027546,0.000000,-0.009501,0.127277,0.991822,0.000000,11.642552,1.682327,-2.134617,1.000000;;
             }

             Frame Bip01_R_Finger31 {
              

              FrameTransformMatrix {
               0.550508,-0.834830,-0.000000,0.000000,0.834830,0.550508,0.000000,0.000000,0.000000,-0.000000,1.000000,0.000000,3.923153,-0.000002,-0.000000,1.000000;;
              }
             }
            }

            Frame Bip01_R_Finger4 {
             

             FrameTransformMatrix {
              0.404278,-0.910874,0.082876,0.000000,0.912850,0.396168,-0.098775,0.000000,0.057138,0.115586,0.991653,0.000000,11.592441,1.297147,-4.984825,1.000000;;
             }

             Frame Bip01_R_Finger41 {
              

              FrameTransformMatrix {
               0.662759,-0.748833,0.000000,0.000000,0.748833,0.662759,0.000000,0.000000,-0.000000,0.000000,1.000000,0.000000,3.433456,0.000002,0.000002,1.000000;;
              }
             }
            }

            Frame Weapon_Hand_R_Point {
             

             FrameTransformMatrix {
              0.055486,0.993572,-0.098672,0.000000,-0.066573,0.102286,0.992525,0.000000,0.996238,-0.048502,0.071820,0.000000,9.068388,-2.324331,-3.172085,1.000000;;
             }
            }
           }
          }

          Frame Bip01_R_ForeTwist {
           

           FrameTransformMatrix {
            0.995143,0.098443,-0.000015,0.000000,-0.091009,0.919940,-0.381351,0.000000,-0.037528,0.379500,0.924430,0.000000,16.098995,0.000000,0.000000,1.000000;;
           }

           Frame Bip01_R_ForeTwist1 {
            

            FrameTransformMatrix {
             1.000000,-0.000014,-0.000009,0.000000,0.000010,0.924414,-0.381392,0.000000,0.000014,0.381392,0.924414,0.000000,6.471947,0.000004,0.000001,1.000000;;
            }
           }
          }

          Frame Bip01_R_UpperTwist_Bone01 {
           

           FrameTransformMatrix {
            1.000000,0.000000,-0.000000,0.000000,-0.000000,1.000000,0.000000,0.000000,0.000000,-0.000000,1.000000,0.000000,0.000008,-0.000002,-0.000011,1.000000;;
           }
          }
         }
        }
       }
      }

      Frame Weapon_Back_R_Point {
       

       FrameTransformMatrix {
        -0.126066,-0.986694,0.102681,0.000000,-0.473971,0.150837,0.867525,0.000000,-0.871469,0.060697,-0.486680,0.000000,22.106290,8.777390,-28.850074,1.000000;;
       }
      }

      Frame Weapon_Back_B_Point {
       

       FrameTransformMatrix {
        -0.020807,-0.996061,0.086193,0.000000,0.646766,0.052332,0.760891,0.000000,-0.762405,0.071578,0.643130,0.000000,6.591152,15.335426,3.548437,1.000000;;
       }
      }
     }
    }

    Frame Bip01_L_Thigh {
     

     FrameTransformMatrix {
      -0.479050,-0.327597,0.814366,0.000000,-0.485119,0.871998,0.065411,0.000000,-0.731554,-0.363729,-0.576654,0.000000,-0.000008,-0.000012,7.749226,1.000000;;
     }

     Frame Bip01_L_Calf {
      

      FrameTransformMatrix {
       0.271856,0.962338,-0.000048,0.000000,-0.962338,0.271856,-0.000007,0.000000,0.000007,0.000048,1.000000,0.000000,20.567826,0.000003,0.000000,1.000000;;
      }

      Frame Bip01_L_Foot {
       

       FrameTransformMatrix {
        0.723666,-0.346426,0.596905,0.000000,0.272080,0.938050,0.214556,0.000000,-0.634255,0.007139,0.773091,0.000000,13.299984,0.000000,0.000000,1.000000;;
       }

       Frame Bip01_L_Toe0 {
        

        FrameTransformMatrix {
         0.022612,-0.996699,0.077967,0.000000,0.997012,0.028243,0.071897,0.000000,-0.073862,0.076109,0.994360,0.000000,9.715660,-7.950621,-0.000000,1.000000;;
        }
       }
      }

      Frame L_Calf_Point01 {
       

       FrameTransformMatrix {
        0.514350,-0.764240,0.389077,0.000000,0.810365,0.581595,0.071109,0.000000,-0.280629,0.278720,0.918456,0.000000,13.097185,3.244757,6.847845,1.000000;;
       }
      }
     }
    }

    Frame Bip01_R_Thigh {
     

     FrameTransformMatrix {
      -0.501016,-0.660059,-0.559737,0.000000,-0.820168,0.568572,0.063648,0.000000,0.276239,0.490967,-0.826223,0.000000,0.000008,0.000011,-7.749226,1.000000;;
     }

     Frame Bip01_R_Calf {
      

      FrameTransformMatrix {
       0.204406,0.978886,-0.000044,0.000000,-0.978887,0.204406,-0.000005,0.000000,0.000004,0.000044,1.000000,0.000000,20.567830,-0.000002,-0.000002,1.000000;;
      }

      Frame Bip01_R_Foot {
       

       FrameTransformMatrix {
        0.930022,-0.239426,-0.278810,0.000000,0.255798,0.966449,0.023330,0.000000,0.263870,-0.093017,0.960063,0.000000,13.299986,0.000003,0.000000,1.000000;;
       }

       Frame Bip01_R_Toe0 {
        

        FrameTransformMatrix {
         -0.000000,-0.999334,-0.036505,0.000000,1.000000,0.000000,-0.000011,0.000000,0.000011,-0.036505,0.999333,0.000000,9.715662,-7.950626,-0.000000,1.000000;;
        }
       }
      }

      Frame R_Calf_Point01 {
       

       FrameTransformMatrix {
        0.418391,-0.878424,-0.230911,0.000000,0.896706,0.439928,-0.048805,0.000000,0.144455,-0.186640,0.971750,0.000000,13.471754,-2.439870,-3.459375,1.000000;;
       }
      }
     }
    }

    Frame Weapon_Side_R_Point {
     

     FrameTransformMatrix {
      0.375118,-0.025884,-0.926616,0.000000,-0.398265,0.898149,-0.186316,0.000000,0.837061,0.438929,0.326603,0.000000,4.754986,-9.728017,-14.996736,1.000000;;
     }
    }

    Frame Weapon_Side_L_Point {
     

     FrameTransformMatrix {
      -0.396964,0.013947,-0.917729,0.000000,-0.396286,0.899279,0.185080,0.000000,0.827875,0.437153,-0.351454,0.000000,4.843655,-9.796761,15.171019,1.000000;;
     }
    }
   }

   Frame EFF_Lock_D {
    

    FrameTransformMatrix {
     0.464890,-0.885113,0.021287,0.000000,0.882988,0.461744,-0.084411,0.000000,0.064884,0.058038,0.996204,0.000000,0.869069,-2.912472,-29.535680,1.000000;;
    }

    Frame Extra_Point01 {
     

     FrameTransformMatrix {
      0.000001,-1.000000,-0.000000,0.000000,1.000000,0.000001,0.000237,0.000000,-0.000237,-0.000000,1.000000,0.000000,4.648525,0.000004,9.329007,1.000000;;
     }
    }

    Frame Dummy_Scene_Root {
     

     FrameTransformMatrix {
      0.000001,-1.000000,-0.000000,0.000000,1.000000,0.000001,0.000236,0.000000,-0.000236,-0.000000,1.000000,0.000000,-0.000000,0.000000,-0.000000,1.000000;;
     }
    }
   }

   Frame Move_Link_D {
    

    FrameTransformMatrix {
     0.997564,-0.000000,0.069757,0.000000,0.000000,1.000000,-0.000000,0.000000,-0.069757,0.000000,0.997564,0.000000,0.326151,0.293100,5.014809,1.000000;;
    }

    Frame EFF_Move_D {
     

     FrameTransformMatrix {
      1.000000,0.000001,-0.000000,0.000000,-0.000001,1.000000,0.000000,0.000000,0.000000,0.000000,1.000000,0.000000,-1.706173,0.013156,-34.571834,1.000000;;
     }
    }
   }

   Frame SATA9NI_Bone01 {
    

    FrameTransformMatrix {
     0.141937,-0.200775,-0.969301,0.000000,0.989455,0.000218,0.144843,0.000000,-0.028869,-0.979638,0.198689,0.000000,-1.034301,0.013151,-0.145496,1.000000;;
    }
   }

   Frame SATA9NI_Lock_Dummy01 {
    

    FrameTransformMatrix {
     -0.506772,0.861903,-0.017502,0.000000,-0.862071,-0.506755,0.005724,0.000000,-0.003936,0.017989,0.999831,0.000000,1.485518,0.000002,-43.146874,1.000000;;
    }
   }

   Frame SATA9NI_Link_Point02 {
    

    FrameTransformMatrix {
     -0.997564,-0.000001,-0.069757,0.000000,0.069756,0.000000,-0.997564,0.000000,0.000001,-1.000000,-0.000000,0.000000,3.034207,-5.742446,-27.931402,1.000000;;
    }
   }
  }
 }

 Frame FA {
  

  FrameTransformMatrix {
   1.000000,0.000001,-0.000000,0.000000,-0.000001,1.000000,0.000000,0.000000,0.000000,0.000000,1.000000,0.000000,-0.000000,0.000000,-0.000034,1.000000;;
  }
 }

 Frame CL {
  

  FrameTransformMatrix {
   1.000000,0.000000,0.000000,0.000000,0.000000,1.000000,0.000000,0.000000,0.000000,0.000000,1.000000,0.000000,0.000000,0.000000,0.000000,1.000000;;
  }
 }

 Frame FA_EA {
  

  FrameTransformMatrix {
   1.000000,0.000000,0.000000,0.000000,0.000000,1.000000,0.000000,0.000000,0.000000,0.000000,1.000000,0.000000,0.000000,0.000000,0.000000,1.000000;;
  }
 }

 Frame GL {
  

  FrameTransformMatrix {
   1.000000,0.000000,0.000000,0.000000,0.000000,1.000000,0.000000,0.000000,0.000000,0.000000,1.000000,0.000000,0.000000,0.000000,0.000000,1.000000;;
  }
 }

 Frame SH {
  

  FrameTransformMatrix {
   1.000000,0.000000,0.000000,0.000000,0.000000,1.000000,0.000000,0.000000,0.000000,0.000000,1.000000,0.000000,0.000000,0.000000,0.000000,1.000000;;
  }
 }

 Frame PA_Skin {
  

  FrameTransformMatrix {
   1.000000,0.000000,0.000000,0.000000,0.000000,1.000000,0.000000,0.000000,0.000000,0.000000,1.000000,0.000000,0.000000,0.000000,0.000000,1.000000;;
  }
 }

 Frame PA_Panty {
  

  FrameTransformMatrix {
   1.000000,0.000000,0.000000,0.000000,0.000000,1.000000,0.000000,0.000000,0.000000,0.000000,1.000000,0.000000,0.000000,0.000000,0.000000,1.000000;;
  }
 }

 Frame FA_Skin {
  

  FrameTransformMatrix {
   1.000000,0.000001,-0.000000,0.000000,-0.000001,1.000000,0.000000,0.000000,0.000000,0.000000,1.000000,0.000000,-0.000000,0.000000,-0.000034,1.000000;;
  }
 }
}

Frame HR_ {
 

 FrameTransformMatrix {
  0.393701,0.000000,0.000000,0.000000,0.000000,-0.000000,-0.393701,0.000000,0.000000,0.393701,-0.000000,0.000000,0.000000,0.000000,0.000000,1.000000;;
 }

 Mesh HR_ {
  58;
  -24.692704;-4.620994;100.781363;,
  -20.054710;-17.307918;102.136621;,
  -23.776181;-11.450627;111.053363;,
  10.991239;-24.516739;112.762867;,
  0.000001;-25.566613;102.768173;,
  10.822071;-23.710547;102.684243;,
  -20.263461;-17.894075;111.816384;,
  -10.822027;-23.710568;102.684243;,
  -11.245745;-24.520624;112.736934;,
  -0.127380;-26.228541;113.115802;,
  -0.137655;-24.282326;121.631219;,
  -11.222850;-22.370992;121.423885;,
  -19.158528;-16.395408;120.415987;,
  -10.590545;-17.814368;127.767949;,
  -23.293658;-9.102471;119.098138;,
  -16.757597;-13.456075;126.347277;,
  -25.381814;-3.900581;109.883366;,
  -25.244979;-0.889671;103.986323;,
  -24.954760;2.698828;108.283968;,
  -24.460637;5.827428;116.092109;,
  -24.867067;-1.272820;117.501146;,
  -23.086522;1.730400;122.576154;,
  -21.468130;10.634818;121.855040;,
  -21.779344;-6.284531;124.417664;,
  -19.563517;4.861045;127.069914;,
  -12.874573;17.785421;125.854387;,
  -18.285837;-3.562657;129.192422;,
  -11.735271;-10.939624;131.764851;,
  -12.231467;-0.990363;133.231027;,
  -12.863054;8.428290;131.014963;,
  -0.153704;-10.548150;133.330586;,
  -0.157453;0.438584;134.898086;,
  -0.156672;11.054592;132.637555;,
  -0.000029;20.436931;127.346957;,
  12.874569;17.785424;125.854413;,
  12.554378;8.432732;131.044595;,
  11.920914;-0.986142;133.259200;,
  19.265283;4.867826;127.115200;,
  21.468123;10.634819;121.855040;,
  22.799858;1.738415;122.629658;,
  24.460637;5.827430;116.092109;,
  17.985590;-3.556323;129.234726;,
  24.593278;-1.264175;117.558835;,
  11.431620;-10.935577;131.791859;,
  21.491184;-6.276976;124.468122;,
  16.467445;-13.450270;126.386022;,
  23.018886;-9.094377;119.152154;,
  10.298628;-17.810710;127.792307;,
  18.883251;-16.388755;120.460352;,
  -0.146468;-19.135755;128.416333;,
  10.947326;-22.367118;121.449754;,
  20.008760;-17.887037;111.863347;,
  20.054707;-17.307918;102.136621;,
  23.521000;-11.442362;111.108518;,
  24.692709;-4.620993;100.781363;,
  25.126718;-3.891754;109.942272;,
  25.244976;-0.889669;103.986323;,
  24.954755;2.698830;108.283994;;
  96;
  3;0,1,2;,
  3;3,4,5;,
  3;1,6,2;,
  3;7,6,1;,
  3;4,8,7;,
  3;6,7,8;,
  3;8,4,9;,
  3;4,3,9;,
  3;10,8,9;,
  3;3,10,9;,
  3;11,6,8;,
  3;8,10,11;,
  3;6,11,12;,
  3;12,2,6;,
  3;10,13,11;,
  3;13,12,11;,
  3;2,12,14;,
  3;12,13,15;,
  3;15,14,12;,
  3;14,16,2;,
  3;0,2,16;,
  3;17,0,16;,
  3;16,18,17;,
  3;16,19,18;,
  3;19,16,20;,
  3;16,14,20;,
  3;21,19,20;,
  3;21,22,19;,
  3;23,20,14;,
  3;20,23,21;,
  3;14,15,23;,
  3;21,24,22;,
  3;24,25,22;,
  3;26,21,23;,
  3;15,26,23;,
  3;21,26,24;,
  3;26,15,27;,
  3;15,13,27;,
  3;28,24,26;,
  3;26,27,28;,
  3;24,28,29;,
  3;29,25,24;,
  3;30,28,27;,
  3;13,30,27;,
  3;31,29,28;,
  3;28,30,31;,
  3;32,25,29;,
  3;29,31,32;,
  3;25,32,33;,
  3;32,34,33;,
  3;31,35,32;,
  3;34,32,35;,
  3;35,31,36;,
  3;30,36,31;,
  3;35,37,34;,
  3;36,37,35;,
  3;34,37,38;,
  3;39,38,37;,
  3;39,40,38;,
  3;37,36,41;,
  3;39,42,40;,
  3;41,36,43;,
  3;36,30,43;,
  3;44,37,41;,
  3;37,44,39;,
  3;43,44,41;,
  3;44,42,39;,
  3;44,43,45;,
  3;42,44,46;,
  3;45,46,44;,
  3;45,43,47;,
  3;30,47,43;,
  3;46,45,48;,
  3;47,48,45;,
  3;47,30,49;,
  3;30,13,49;,
  3;13,10,49;,
  3;10,47,49;,
  3;47,10,50;,
  3;48,47,50;,
  3;10,3,50;,
  3;51,50,3;,
  3;50,51,48;,
  3;5,51,3;,
  3;51,5,52;,
  3;53,48,51;,
  3;52,53,51;,
  3;48,53,46;,
  3;54,53,52;,
  3;55,46,53;,
  3;54,55,53;,
  3;46,55,42;,
  3;56,55,54;,
  3;55,40,42;,
  3;55,56,57;,
  3;40,55,57;;

  MeshNormals {
   58;
   -0.861472;-0.357641;-0.360499;,
   -0.715948;-0.595893;-0.363771;,
   -0.935596;-0.351520;0.033070;,
   0.383031;-0.920787;0.073750;,
   0.000002;-0.967554;-0.252664;,
   0.371055;-0.874159;-0.313311;,
   -0.750787;-0.656923;0.069072;,
   -0.371053;-0.874160;-0.313310;,
   -0.384222;-0.920697;0.068484;,
   -0.000430;-0.996622;0.082120;,
   -0.000328;-0.908631;0.417600;,
   -0.380084;-0.834549;0.398829;,
   -0.729275;-0.579246;0.364186;,
   -0.321153;-0.640871;0.697241;,
   -0.909840;-0.302057;0.284521;,
   -0.646272;-0.456344;0.611623;,
   -0.995721;-0.089451;0.023196;,
   -0.980619;0.177819;-0.082257;,
   -0.969672;0.236575;-0.061386;,
   -0.956120;0.286462;0.061439;,
   -0.979178;-0.026790;0.201227;,
   -0.894277;0.074274;0.441307;,
   -0.829722;0.451701;0.327915;,
   -0.830525;-0.209087;0.516247;,
   -0.706723;0.200989;0.678340;,
   -0.470203;0.702014;0.534870;,
   -0.667547;-0.086391;0.739539;,
   -0.345924;-0.343802;0.873004;,
   -0.345958;0.024338;0.937935;,
   -0.396535;0.318927;0.860840;,
   -0.001047;-0.322639;0.946522;,
   -0.001173;0.048479;0.998824;,
   -0.001883;0.364066;0.931372;,
   -0.000002;0.808101;0.589044;,
   0.470202;0.702014;0.534870;,
   0.391744;0.315050;0.864454;,
   0.343760;0.024459;0.938739;,
   0.703171;0.189957;0.685177;,
   0.829721;0.451702;0.327915;,
   0.887921;0.058793;0.456223;,
   0.956119;0.286463;0.061440;,
   0.670314;-0.097513;0.735643;,
   0.976671;-0.042183;0.210559;,
   0.349976;-0.342564;0.871876;,
   0.823724;-0.208788;0.527150;,
   0.646618;-0.444510;0.619916;,
   0.909280;-0.301739;0.286643;,
   0.319750;-0.640759;0.697989;,
   0.728626;-0.578991;0.365887;,
   -0.000754;-0.665065;0.746785;,
   0.379444;-0.834416;0.399716;,
   0.750065;-0.656556;0.079608;,
   0.715949;-0.595892;-0.363772;,
   0.935569;-0.350039;0.046734;,
   0.861472;-0.357640;-0.360499;,
   0.993847;-0.103000;0.040730;,
   0.980619;0.177820;-0.082256;,
   0.969672;0.236576;-0.061386;;
   96;
   3;0,1,2;,
   3;3,4,5;,
   3;1,6,2;,
   3;7,6,1;,
   3;4,8,7;,
   3;6,7,8;,
   3;8,4,9;,
   3;4,3,9;,
   3;10,8,9;,
   3;3,10,9;,
   3;11,6,8;,
   3;8,10,11;,
   3;6,11,12;,
   3;12,2,6;,
   3;10,13,11;,
   3;13,12,11;,
   3;2,12,14;,
   3;12,13,15;,
   3;15,14,12;,
   3;14,16,2;,
   3;0,2,16;,
   3;17,0,16;,
   3;16,18,17;,
   3;16,19,18;,
   3;19,16,20;,
   3;16,14,20;,
   3;21,19,20;,
   3;21,22,19;,
   3;23,20,14;,
   3;20,23,21;,
   3;14,15,23;,
   3;21,24,22;,
   3;24,25,22;,
   3;26,21,23;,
   3;15,26,23;,
   3;21,26,24;,
   3;26,15,27;,
   3;15,13,27;,
   3;28,24,26;,
   3;26,27,28;,
   3;24,28,29;,
   3;29,25,24;,
   3;30,28,27;,
   3;13,30,27;,
   3;31,29,28;,
   3;28,30,31;,
   3;32,25,29;,
   3;29,31,32;,
   3;25,32,33;,
   3;32,34,33;,
   3;31,35,32;,
   3;34,32,35;,
   3;35,31,36;,
   3;30,36,31;,
   3;35,37,34;,
   3;36,37,35;,
   3;34,37,38;,
   3;39,38,37;,
   3;39,40,38;,
   3;37,36,41;,
   3;39,42,40;,
   3;41,36,43;,
   3;36,30,43;,
   3;44,37,41;,
   3;37,44,39;,
   3;43,44,41;,
   3;44,42,39;,
   3;44,43,45;,
   3;42,44,46;,
   3;45,46,44;,
   3;45,43,47;,
   3;30,47,43;,
   3;46,45,48;,
   3;47,48,45;,
   3;47,30,49;,
   3;30,13,49;,
   3;13,10,49;,
   3;10,47,49;,
   3;47,10,50;,
   3;48,47,50;,
   3;10,3,50;,
   3;51,50,3;,
   3;50,51,48;,
   3;5,51,3;,
   3;51,5,52;,
   3;53,48,51;,
   3;52,53,51;,
   3;48,53,46;,
   3;54,53,52;,
   3;55,46,53;,
   3;54,55,53;,
   3;46,55,42;,
   3;56,55,54;,
   3;55,40,42;,
   3;55,56,57;,
   3;40,55,57;;
  }

  MeshMaterialList {
   1;
   96;
   0,
   0,
   0,
   0,
   0,
   0,
   0,
   0,
   0,
   0,
   0,
   0,
   0,
   0,
   0,
   0,
   0,
   0,
   0,
   0,
   0,
   0,
   0,
   0,
   0,
   0,
   0,
   0,
   0,
   0,
   0,
   0,
   0,
   0,
   0,
   0,
   0,
   0,
   0,
   0,
   0,
   0,
   0,
   0,
   0,
   0,
   0,
   0,
   0,
   0,
   0,
   0,
   0,
   0,
   0,
   0,
   0,
   0,
   0,
   0,
   0,
   0,
   0,
   0,
   0,
   0,
   0,
   0,
   0,
   0,
   0,
   0,
   0,
   0,
   0,
   0,
   0,
   0,
   0,
   0,
   0,
   0,
   0,
   0,
   0,
   0,
   0,
   0,
   0,
   0,
   0,
   0,
   0,
   0,
   0,
   0;
   { Standard_7_32 }
  }

  MeshTextureCoords c1 {
   58;
   0.980934;0.962051;,
   0.986321;0.900638;,
   0.963915;0.918426;,
   0.966935;0.835987;,
   0.990237;0.789480;,
   0.989234;0.842584;,
   0.966470;0.886121;,
   0.989234;0.842584;,
   0.966935;0.835987;,
   0.965931;0.785359;,
   0.943644;0.787328;,
   0.947453;0.836928;,
   0.948818;0.881398;,
   0.932350;0.846143;,
   0.945740;0.916607;,
   0.930958;0.882197;,
   0.960068;0.953098;,
   0.970196;0.975247;,
   0.957068;0.984073;,
   0.936003;0.982496;,
   0.940604;0.951146;,
   0.927244;0.948364;,
   0.914553;0.984118;,
   0.933311;0.914334;,
   0.912443;0.944107;,
   0.885058;0.982398;,
   0.919589;0.908979;,
   0.917342;0.866716;,
   0.903163;0.899634;,
   0.893926;0.937653;,
   0.899865;0.828445;,
   0.880322;0.869636;,
   0.866494;0.915593;,
   0.855901;0.961863;,
   0.885058;0.982398;,
   0.893926;0.937653;,
   0.903163;0.899634;,
   0.912443;0.944107;,
   0.914553;0.984118;,
   0.927244;0.948364;,
   0.936003;0.982496;,
   0.919589;0.908979;,
   0.940604;0.951146;,
   0.917342;0.866716;,
   0.933311;0.914334;,
   0.930958;0.882197;,
   0.945740;0.916607;,
   0.932350;0.846143;,
   0.948818;0.881398;,
   0.924358;0.798348;,
   0.947453;0.836928;,
   0.966470;0.886121;,
   0.986321;0.900638;,
   0.963915;0.918426;,
   0.980934;0.962051;,
   0.960068;0.953098;,
   0.970196;0.975247;,
   0.957068;0.984073;;
  }

  XSkinMeshHeader {
   1;
   1;
   1;
  }

  SkinWeights {
   "HR";
   58;
   0,
   1,
   2,
   3,
   4,
   5,
   6,
   7,
   8,
   9,
   10,
   11,
   12,
   13,
   14,
   15,
   16,
   17,
   18,
   19,
   20,
   21,
   22,
   23,
   24,
   25,
   26,
   27,
   28,
   29,
   30,
   31,
   32,
   33,
   34,
   35,
   36,
   37,
   38,
   39,
   40,
   41,
   42,
   43,
   44,
   45,
   46,
   47,
   48,
   49,
   50,
   51,
   52,
   53,
   54,
   55,
   56,
   57;
   1.000000,
   1.000000,
   1.000000,
   1.000000,
   1.000000,
   1.000000,
   1.000000,
   1.000000,
   1.000000,
   1.000000,
   1.000000,
   1.000000,
   1.000000,
   1.000000,
   1.000000,
   1.000000,
   1.000000,
   1.000000,
   1.000000,
   1.000000,
   1.000000,
   1.000000,
   1.000000,
   1.000000,
   1.000000,
   1.000000,
   1.000000,
   1.000000,
   1.000000,
   1.000000,
   1.000000,
   1.000000,
   1.000000,
   1.000000,
   1.000000,
   1.000000,
   1.000000,
   1.000000,
   1.000000,
   1.000000,
   1.000000,
   1.000000,
   1.000000,
   1.000000,
   1.000000,
   1.000000,
   1.000000,
   1.000000,
   1.000000,
   1.000000,
   1.000000,
   1.000000,
   1.000000,
   1.000000,
   1.000000,
   1.000000,
   1.000000,
   1.000000;
   1.000000,-0.000003,-0.000000,0.000000,0.000003,1.000000,-0.000000,0.000000,0.000000,0.000000,1.000000,0.000000,-0.000001,-0.000007,0.000071,1.000000;;
  }
 }
}

Frame FA_ {
 

 FrameTransformMatrix {
  0.393701,0.000000,0.000000,0.000000,0.000000,-0.000000,-0.393701,0.000000,0.000000,0.393701,-0.000000,0.000000,0.000000,0.000000,0.000000,1.000000;;
 }

 Mesh FA_ {
  136;
  -12.020221;24.376770;111.055514;,
  -18.432229;18.546619;105.455322;,
  -19.625546;18.237869;111.835546;,
  -10.947611;23.207384;104.068064;,
  -0.000001;26.872720;110.518118;,
  -22.049280;14.807643;106.333651;,
  -22.830362;12.896041;113.979853;,
  -0.000001;25.632416;102.895552;,
  -23.206901;11.432119;106.793197;,
  -23.967373;8.178235;107.222150;,
  -22.809088;10.447895;102.124678;,
  -23.866288;6.114612;100.925050;,
  -22.542723;5.925964;95.572525;,
  -22.103821;9.947231;95.564115;,
  -21.408083;6.057070;90.878355;,
  -21.445826;14.317218;102.433946;,
  -21.056782;13.301139;95.489594;,
  -20.702170;10.206770;90.788256;,
  -20.161146;6.496357;87.319610;,
  -19.643707;10.893692;87.259917;,
  -18.469603;7.650843;85.005094;,
  -19.734494;13.709579;90.597747;,
  -18.296253;11.324018;85.281248;,
  -15.664446;9.931157;82.801101;,
  -18.646266;14.608538;87.230605;,
  -15.656029;13.081833;83.184205;,
  -11.849482;12.894155;80.937158;,
  -17.720334;14.898162;85.600723;,
  -11.771317;15.593838;81.518195;,
  -7.776172;14.451013;79.877626;,
  -15.516283;15.726051;83.870989;,
  -7.695521;16.602814;80.235482;,
  -3.954841;14.986077;79.186982;,
  -11.706724;17.783946;82.136678;,
  -3.848173;16.925323;79.483110;,
  -0.000001;15.405638;78.964019;,
  -7.418067;18.851203;81.091072;,
  -11.593654;19.279066;83.921408;,
  -3.601889;19.072803;80.540090;,
  -15.577363;17.424646;85.297350;,
  -6.932338;20.554064;83.145869;,
  -11.627862;19.830870;85.283667;,
  -6.718127;21.402258;84.982829;,
  -11.669567;20.218338;87.132166;,
  -16.299901;17.386931;87.280397;,
  -18.400234;15.600984;90.279514;,
  -15.920440;17.208787;89.512557;,
  -19.989379;14.858531;95.128845;,
  -17.110733;17.198443;94.420915;,
  -18.025510;17.734058;102.821075;,
  -12.364567;20.956926;101.911066;,
  -12.441056;19.468083;94.075386;,
  -8.351130;21.895402;98.782842;,
  -12.156814;19.305790;89.471334;,
  -6.715083;21.302706;94.283379;,
  -6.432244;21.069670;90.358163;,
  -6.455628;21.532066;88.163264;,
  -6.533168;21.895099;86.920192;,
  -2.865280;22.065464;88.357722;,
  -3.203628;21.711085;90.450950;,
  -2.755524;22.372638;86.991264;,
  -3.645150;22.460042;94.499014;,
  -2.999178;21.809408;84.818490;,
  -4.574345;23.353272;98.754099;,
  -0.000001;23.975979;98.358278;,
  -0.000001;22.889000;94.533914;,
  -0.000001;22.091430;90.458918;,
  3.645148;22.460042;94.499008;,
  4.574343;23.353274;98.754086;,
  -0.000001;22.439632;88.544486;,
  3.203627;21.711086;90.450944;,
  -0.000002;22.760779;87.069312;,
  2.865278;22.065466;88.357709;,
  -0.000002;22.111427;84.682170;,
