xof 0303txt 0032
template ColorRGBA {
 <35ff44e0-6c7c-11cf-8f52-0040333594a3>
 FLOAT red;
 FLOAT green;
 FLOAT blue;
 FLOAT alpha;
}

template ColorRGB {
 <d3e16e81-7835-11cf-8f52-0040333594a3>
 FLOAT red;
 FLOAT green;
 FLOAT blue;
}

template Material {
 <3d82ab4d-62da-11cf-ab39-0020af71e433>
 ColorRGBA faceColor;
 FLOAT power;
 ColorRGB specularColor;
 ColorRGB emissiveColor;
 [...]
}

template TextureFilename {
 <a42790e1-7810-11cf-8f52-0040333594a3>
 STRING filename;
}

template Frame {
 <3d82ab46-62da-11cf-ab39-0020af71e433>
 [...]
}

template Matrix4x4 {
 <f6f23f45-7686-11cf-8f52-0040333594a3>
 array FLOAT matrix[16];
}

template FrameTransformMatrix {
 <f6f23f41-7686-11cf-8f52-0040333594a3>
 Matrix4x4 frameMatrix;
}

template Vector {
 <3d82ab5e-62da-11cf-ab39-0020af71e433>
 FLOAT x;
 FLOAT y;
 FLOAT z;
}

template MeshFace {
 <3d82ab5f-62da-11cf-ab39-0020af71e433>
 DWORD nFaceVertexIndices;
 array DWORD faceVertexIndices[nFaceVertexIndices];
}

template Mesh {
 <3d82ab44-62da-11cf-ab39-0020af71e433>
 DWORD nVertices;
 array Vector vertices[nVertices];
 DWORD nFaces;
 array MeshFace faces[nFaces];
 [...]
}

template MeshNormals {
 <f6f23f43-7686-11cf-8f52-0040333594a3>
 DWORD nNormals;
 array Vector normals[nNormals];
 DWORD nFaceNormals;
 array MeshFace faceNormals[nFaceNormals];
}

template MeshMaterialList {
 <f6f23f42-7686-11cf-8f52-0040333594a3>
 DWORD nMaterials;
 DWORD nFaceIndexes;
 array DWORD faceIndexes[nFaceIndexes];
 [Material <3d82ab4d-62da-11cf-ab39-0020af71e433>]
}

template Coords2d {
 <f6f23f44-7686-11cf-8f52-0040333594a3>
 FLOAT u;
 FLOAT v;
}

template MeshTextureCoords {
 <f6f23f40-7686-11cf-8f52-0040333594a3>
 DWORD nTextureCoords;
 array Coords2d textureCoords[nTextureCoords];
}

template XSkinMeshHeader {
 <3cf169ce-ff7c-44ab-93c0-f78f62d172e2>
 WORD nMaxSkinWeightsPerVertex;
 WORD nMaxSkinWeightsPerFace;
 WORD nBones;
}

template SkinWeights {
 <6f0d123b-bad2-4167-a0d0-80224f25fabb>
 STRING transformNodeName;
 DWORD nWeights;
 array DWORD vertexIndices[nWeights];
 array FLOAT weights[nWeights];
 Matrix4x4 matrixOffset;
}

template AnimTicksPerSecond {
 <9e415a43-7ba6-4a73-8743-b73d47e88476>
 DWORD AnimTicksPerSecond;
}

template Animation {
 <3d82ab4f-62da-11cf-ab39-0020af71e433>
 [...]
}

template AnimationSet {
 <3d82ab50-62da-11cf-ab39-0020af71e433>
 [Animation <3d82ab4f-62da-11cf-ab39-0020af71e433>]
}

template FloatKeys {
 <10dd46a9-775b-11cf-8f52-0040333594a3>
 DWORD nValues;
 array FLOAT values[nValues];
}

template TimedFloatKeys {
 <f406b180-7b3b-11cf-8f52-0040333594a3>
 DWORD time;
 FloatKeys tfkeys;
}

template AnimationKey {
 <10dd46a8-775b-11cf-8f52-0040333594a3>
 DWORD keyType;
 DWORD nKeys;
 array TimedFloatKeys keys[nKeys];
}


Material Standard_7_32 {
 1.000000;1.000000;1.000000;1.000000;;
 43.219280;
 0.020000;0.020000;0.020000;;
 0.000000;0.000000;0.000000;;

 TextureFilename {
  "F_Skin_body_D.dds";
 }
}

Material Standard_2_123 {
 1.000000;1.000000;1.000000;1.000000;;
 43.219280;
 0.020000;0.020000;0.020000;;
 0.000000;0.000000;0.000000;;

 TextureFilename {
  "00300001_M_BraveFace.dds";
 }
}

Material Standard_7_142 {
 1.000000;1.000000;1.000000;1.000000;;
 43.219280;
 0.020000;0.020000;0.020000;;
 0.000000;0.000000;0.000000;;

 TextureFilename {
  "F_Skin_body_D.dds";
 }
}

Material Standard_7_155 {
 1.000000;1.000000;1.000000;1.000000;;
 43.219280;
 0.020000;0.020000;0.020000;;
 0.000000;0.000000;0.000000;;

 TextureFilename {
  "F_Skin_body_D.dds";
 }
}

Material Standard_7_168 {
 1.000000;1.000000;1.000000;1.000000;;
 43.219280;
 0.020000;0.020000;0.020000;;
 0.000000;0.000000;0.000000;;

 TextureFilename {
  "F_Skin_body_D.dds";
 }
}

Material Standard_7_181 {
 1.000000;1.000000;1.000000;1.000000;;
 43.219280;
 0.020000;0.020000;0.020000;;
 0.000000;0.000000;0.000000;;

 TextureFilename {
  "F_Skin_body_D.dds";
 }
}

Material Standard_7_194 {
 1.000000;1.000000;1.000000;1.000000;;
 43.219280;
 0.020000;0.020000;0.020000;;
 0.000000;0.000000;0.000000;;

 TextureFilename {
  "F_Skin_body_D.dds";
 }
}

Material Pants_207 {
 1.000000;1.000000;1.000000;1.000000;;
 43.219280;
 0.020000;0.020000;0.020000;;
 0.000000;0.000000;0.000000;;

 TextureFilename {
  "M_PA_D.DDS";
 }
}

Material Standard_7_225 {
 1.000000;1.000000;1.000000;1.000000;;
 43.219280;
 0.020000;0.020000;0.020000;;
 0.000000;0.000000;0.000000;;

 TextureFilename {
  "F_Skin_body_D.dds";
 }
}

Frame Scene_Root {
 

 FrameTransformMatrix {
  0.393701,0.000000,0.000000,0.000000,0.000000,-0.000000,-0.393701,0.000000,0.000000,0.393701,-0.000000,0.000000,0.000000,0.000000,0.000000,1.000000;;
 }

 Frame Bip01 {
  

  FrameTransformMatrix {
   1.000000,0.000000,0.000000,0.000000,0.000000,1.000000,0.000000,0.000000,0.000000,0.000000,1.000000,0.000000,0.000000,0.000000,0.000000,1.000000;;
  }

  Frame Bip01_NonAccum {
   

   FrameTransformMatrix {
    -0.784422,-0.619963,-0.018086,0.000000,0.618400,-0.784016,0.053862,0.000000,-0.047572,0.031066,0.998385,0.000000,11.138006,8.534518,27.420454,1.000000;;
   }

   Frame Bip01_Footsteps {
    

    FrameTransformMatrix {
     0.000001,-1.000000,0.000000,0.000000,0.997564,0.000001,0.069757,0.000000,-0.069757,-0.000000,0.997564,0.000000,3.011115,0.000004,-43.060330,1.000000;;
    }
   }

   Frame Bip01_Pelvis {
    

    FrameTransformMatrix {
     0.000000,0.001487,0.999999,0.000000,-1.000000,0.000001,0.000000,0.000000,-0.000001,-0.999999,0.001487,0.000000,0.000000,0.000000,0.000000,1.000000;;
    }

    Frame Bip01_Spine {
     

     FrameTransformMatrix {
      0.834255,-0.544799,0.084924,0.000000,0.548811,0.835308,-0.032670,0.000000,-0.053139,0.073862,0.995852,0.000000,3.652516,0.086499,0.005234,1.000000;;
     }

     Frame Bip01_Spine1 {
      

      FrameTransformMatrix {
       0.945328,-0.295398,0.138187,0.000000,0.273749,0.949055,0.156066,0.000000,-0.177248,-0.109705,0.978033,0.000000,8.609410,0.007277,0.001273,1.000000;;
      }

      Frame Bip01_Spine2 {
       

       FrameTransformMatrix {
        0.929955,-0.361565,0.066748,0.000000,0.359741,0.932278,0.038005,0.000000,-0.075969,-0.011331,0.997046,0.000000,9.766607,0.009220,0.000479,1.000000;;
       }

       Frame Bip01_Neck {
        

        FrameTransformMatrix {
         0.991054,0.130909,-0.025991,0.000000,-0.133463,0.972437,-0.191189,0.000000,0.000246,0.192947,0.981209,0.000000,12.206266,-0.363384,-0.000654,1.000000;;
        }

        Frame Bip01_Head {
         

         FrameTransformMatrix {
          0.438310,0.898821,0.002251,0.000000,-0.529700,0.260330,-0.807246,0.000000,-0.726156,0.352632,0.590210,0.000000,3.164173,0.777050,0.000000,1.000000;;
         }

         Frame Bip01_HeadNub {
          

          FrameTransformMatrix {
           1.000000,-0.000000,0.000000,0.000000,0.000000,1.000000,-0.000000,0.000000,-0.000000,0.000000,1.000000,0.000000,54.433958,-0.000003,-0.000008,1.000000;;
          }
         }

         Frame Tail_Point02 {
          

          FrameTransformMatrix {
           0.000001,-0.000000,1.000000,0.000000,-0.999999,-0.001053,0.000001,0.000000,0.001053,-1.000000,-0.000000,0.000000,19.123330,-15.099805,19.392770,1.000000;;
          }
         }

         Frame Tail_Point01 {
          

          FrameTransformMatrix {
           0.000001,-0.000000,1.000000,0.000000,-0.999999,-0.001053,0.000001,0.000000,0.001053,-1.000000,-0.000000,0.000000,12.513458,-23.171248,4.274388,1.000000;;
          }
         }

         Frame Tail_Point04 {
          

          FrameTransformMatrix {
           0.000001,-0.000000,1.000000,0.000000,-0.999999,-0.001053,0.000001,0.000000,0.001053,-1.000000,-0.000000,0.000000,19.123832,-15.099856,-19.392984,1.000000;;
          }
         }

         Frame Tail_Point03 {
          

          FrameTransformMatrix {
           0.000001,-0.000000,1.000000,0.000000,-0.999999,-0.001053,0.000001,0.000000,0.001053,-1.000000,-0.000000,0.000000,12.513321,-23.171248,-4.273971,1.000000;;
          }
         }

         Frame Tail_Point05 {
          

          FrameTransformMatrix {
           0.000001,-0.000000,1.000000,0.000000,-0.999999,-0.001053,0.000001,0.000000,0.001053,-1.000000,-0.000000,0.000000,18.363632,-22.216832,9.580282,1.000000;;
          }
         }

         Frame Tail_Point06 {
          

          FrameTransformMatrix {
           0.000001,-0.000000,1.000000,0.000000,-0.999999,-0.001053,0.000001,0.000000,0.001053,-1.000000,-0.000000,0.000000,8.652508,-18.881102,13.965821,1.000000;;
          }
         }

         Frame Tail_Point07 {
          

          FrameTransformMatrix {
           0.000001,-0.000000,1.000000,0.000000,-0.999999,-0.001053,0.000001,0.000000,0.001053,-1.000000,-0.000000,0.000000,9.050388,-18.880722,-14.099013,1.000000;;
          }
         }

         Frame Tail_Point08 {
          

          FrameTransformMatrix {
           0.000001,-0.000000,1.000000,0.000000,-0.999999,-0.001053,0.000001,0.000000,0.001053,-1.000000,-0.000000,0.000000,18.363632,-22.216856,-9.579970,1.000000;;
          }
         }

         Frame HR {
          

          FrameTransformMatrix {
           0.000001,0.000000,1.000000,0.000000,0.001053,-1.000000,0.000000,0.000000,0.999999,0.001053,-0.000001,0.000000,-80.458867,-0.315815,-0.000002,1.000000;;
          }
         }
        }

        Frame Bip01_L_Clavicle {
         

         FrameTransformMatrix {
          0.194367,-0.554868,0.808915,0.000000,-0.111184,-0.831789,-0.543843,0.000000,0.974608,0.015767,-0.223365,0.000000,-2.309444,0.940613,3.311417,1.000000;;
         }

         Frame Bip01_L_UpperArm {
          

          FrameTransformMatrix {
           0.658171,0.500422,-0.562484,0.000000,-0.126912,0.810176,0.572283,0.000000,0.742094,-0.305274,0.596744,0.000000,7.154713,-0.000000,0.000002,1.000000;;
          }

          Frame Bip01_L_Forearm {
           

           FrameTransformMatrix {
            0.672234,0.740339,-0.000042,0.000000,-0.740339,0.672234,-0.000016,0.000000,0.000016,0.000042,1.000000,0.000000,16.098995,-0.000002,-0.000004,1.000000;;
           }

           Frame Bip01_L_Hand {
            

            FrameTransformMatrix {
             0.905698,0.359836,0.224118,0.000000,-0.357999,0.366083,0.858965,0.000000,0.227040,-0.858197,0.460381,0.000000,12.943911,-0.000001,0.000002,1.000000;;
            }

            Frame Bip01_L_Finger0 {
             

             FrameTransformMatrix {
              0.810204,-0.482421,-0.332926,0.000000,-0.502274,-0.278626,-0.818589,0.000000,0.302143,0.830444,-0.468052,0.000000,4.322177,-4.277772,-6.136326,1.000000;;
             }

             Frame Bip01_L_Finger01 {
              

              FrameTransformMatrix {
               0.991509,0.130036,-0.000018,0.000000,-0.130036,0.991509,-0.000016,0.000000,0.000016,0.000018,1.000000,0.000000,6.608992,-0.000008,-0.000004,1.000000;;
              }
             }
            }

            Frame Bip01_L_Finger1 {
             

             FrameTransformMatrix {
              0.986315,-0.044918,-0.158635,0.000000,0.014383,0.981945,-0.188619,0.000000,0.164244,0.183756,0.969153,0.000000,11.958154,2.024224,-4.583301,1.000000;;
             }

             Frame Bip01_L_Finger11 {
              

              FrameTransformMatrix {
               0.983533,-0.180726,-0.000027,0.000000,0.180726,0.983534,-0.000033,0.000000,0.000033,0.000028,1.000000,0.000000,4.403214,0.000004,0.000002,1.000000;;
              }
             }
            }

            Frame Bip01_L_Finger2 {
             

             FrameTransformMatrix {
              0.998030,0.059944,0.018497,0.000000,-0.059669,0.998105,-0.015064,0.000000,-0.019366,0.013931,0.999715,0.000000,11.784321,2.239693,-1.185586,1.000000;;
             }

             Frame Bip01_L_Finger21 {
              

              FrameTransformMatrix {
               0.968836,-0.247704,-0.000026,0.000000,0.247704,0.968836,-0.000034,0.000000,0.000034,0.000026,1.000000,0.000000,4.551594,-0.000004,0.000003,1.000000;;
              }
             }
            }

            Frame Bip01_L_Finger3 {
             

             FrameTransformMatrix {
              0.997244,-0.061709,0.041197,0.000000,0.055551,0.989042,0.136785,0.000000,-0.049187,-0.134119,0.989744,0.000000,11.642556,1.682320,2.134615,1.000000;;
             }

             Frame Bip01_L_Finger31 {
              

              FrameTransformMatrix {
               0.982150,-0.188101,-0.000000,0.000000,0.188101,0.982150,-0.000000,0.000000,0.000000,0.000000,1.000000,0.000000,3.923157,-0.000006,0.000001,1.000000;;
              }
             }
            }

            Frame Bip01_L_Finger4 {
             

             FrameTransformMatrix {
              0.940027,-0.236909,0.245407,0.000000,0.154020,0.936737,0.314328,0.000000,-0.304349,-0.257679,0.917046,0.000000,11.592442,1.297148,4.984826,1.000000;;
             }

             Frame Bip01_L_Finger41 {
              

              FrameTransformMatrix {
               0.999363,0.035688,-0.000007,0.000000,-0.035688,0.999363,-0.000006,0.000000,0.000006,0.000007,1.000000,0.000000,3.433454,-0.000002,0.000001,1.000000;;
              }
             }
            }

            Frame Weapon_Hand_L_Point {
             

             FrameTransformMatrix {
              0.031765,-0.100532,0.994427,0.000000,0.997954,-0.052045,-0.037139,0.000000,0.055489,0.993572,0.098673,0.000000,11.053602,-2.077040,-0.434262,1.000000;;
             }
            }
           }
          }

          Frame Bip01_L_ForeTwist {
           

           FrameTransformMatrix {
            0.672245,0.740329,-0.000018,0.000000,-0.730380,0.663208,-0.163404,0.000000,-0.120961,0.109860,0.986559,0.000000,16.098995,-0.000002,-0.000004,1.000000;;
           }

           Frame Bip01_L_ForeTwist1 {
            

            FrameTransformMatrix {
             1.000000,-0.000025,-0.000021,0.000000,0.000021,0.986556,-0.163425,0.000000,0.000025,0.163425,0.986556,0.000000,6.471950,0.000001,0.000002,1.000000;;
            }
           }
          }

          Frame Bip01_L_UpperTwist_Bone01 {
           

           FrameTransformMatrix {
            1.000000,-0.000000,0.000000,0.000000,0.000000,1.000000,-0.000000,0.000000,-0.000000,0.000000,1.000000,0.000000,0.000000,0.000000,-0.000002,1.000000;;
           }
          }
         }
        }

        Frame Bip01_R_Clavicle {
         

         FrameTransformMatrix {
          -0.346104,0.372074,-0.861263,0.000000,-0.124110,-0.928088,-0.351069,0.000000,-0.929951,-0.014615,0.367393,0.000000,-2.146893,2.136753,-2.828172,1.000000;;
         }

         Frame Bip01_R_UpperArm {
          

          FrameTransformMatrix {
           0.384820,0.662361,0.642801,0.000000,0.650180,0.299780,-0.698139,0.000000,-0.655118,0.686594,-0.315292,0.000000,7.154710,0.000000,0.000000,1.000000;;
          }

          Frame Bip01_R_Forearm {
           

           FrameTransformMatrix {
            0.919973,0.391983,-0.000050,0.000000,-0.391983,0.919973,-0.000033,0.000000,0.000033,0.000050,1.000000,0.000000,16.098989,-0.000002,-0.000002,1.000000;;
           }

           Frame Bip01_R_Hand {
            

            FrameTransformMatrix {
             0.667215,-0.737496,0.104520,0.000000,0.343916,0.180547,-0.921480,0.000000,0.660717,0.650771,0.374100,0.000000,12.943899,0.000000,-0.000006,1.000000;;
            }

            Frame Bip01_R_Finger0 {
             

             FrameTransformMatrix {
              0.943429,-0.265284,-0.198912,0.000000,0.178638,-0.098732,0.978949,0.000000,-0.279339,-0.959102,-0.045757,0.000000,4.322170,-4.277772,6.136323,1.000000;;
             }

             Frame Bip01_R_Finger01 {
              

              FrameTransformMatrix {
               -0.018186,-0.999834,-0.000000,0.000000,0.999834,-0.018186,0.000000,0.000000,-0.000000,-0.000000,1.000000,0.000000,6.608986,-0.000005,-0.000008,1.000000;;
              }
             }
            }

            Frame Bip01_R_Finger1 {
             

             FrameTransformMatrix {
              0.215286,-0.932268,-0.290739,0.000000,0.974713,0.186877,0.122523,0.000000,-0.059892,-0.309765,0.948925,0.000000,11.958145,2.024227,4.583299,1.000000;;
             }

             Frame Bip01_R_Finger11 {
              

              FrameTransformMatrix {
               0.269569,-0.962981,-0.000000,0.000000,0.962981,0.269569,-0.000000,0.000000,0.000000,-0.000000,1.000000,0.000000,4.403214,0.000000,0.000001,1.000000;;
              }
             }
            }

            Frame Bip01_R_Finger2 {
             

             FrameTransformMatrix {
              0.244490,-0.969316,0.025522,0.000000,0.969574,0.244719,0.006232,0.000000,-0.012286,0.023222,0.999655,0.000000,11.784314,2.239689,1.185586,1.000000;;
             }

             Frame Bip01_R_Finger21 {
              

              FrameTransformMatrix {
               0.462198,-0.886777,0.000000,0.000000,0.886777,0.462198,-0.000000,0.000000,0.000000,0.000000,1.000000,0.000000,4.551590,-0.000000,-0.000002,1.000000;;
              }
             }
            }

            Frame Bip01_R_Finger3 {
             

             FrameTransformMatrix {
              0.287324,-0.949692,0.124623,0.000000,0.957786,0.286158,-0.027546,0.000000,-0.009501,0.127277,0.991822,0.000000,11.642544,1.682320,-2.134615,1.000000;;
             }

             Frame Bip01_R_Finger31 {
              

              FrameTransformMatrix {
               0.550508,-0.834830,-0.000000,0.000000,0.834830,0.550508,-0.000000,0.000000,0.000000,-0.000000,1.000000,0.000000,3.923151,0.000001,0.000003,1.000000;;
              }
             }
            }

            Frame Bip01_R_Finger4 {
             

             FrameTransformMatrix {
              0.404278,-0.910874,0.082876,0.000000,0.912850,0.396168,-0.098775,0.000000,0.057138,0.115585,0.991653,0.000000,11.592440,1.297146,-4.984826,1.000000;;
             }

             Frame Bip01_R_Finger41 {
              

              FrameTransformMatrix {
               0.662759,-0.748833,-0.000000,0.000000,0.748833,0.662759,-0.000000,0.000000,0.000000,-0.000000,1.000000,0.000000,3.433445,-0.000003,0.000002,1.000000;;
              }
             }
            }

            Frame Weapon_Hand_R_Point {
             

             FrameTransformMatrix {
              0.055486,0.993572,-0.098672,0.000000,-0.066573,0.102286,0.992525,0.000000,0.996238,-0.048502,0.071820,0.000000,9.068385,-2.324333,-3.172090,1.000000;;
             }
            }
           }
          }

          Frame Bip01_R_ForeTwist {
           

           FrameTransformMatrix {
            0.919974,0.391979,-0.000014,0.000000,-0.386065,0.906099,0.173026,0.000000,0.067835,-0.159174,0.984917,0.000000,16.098989,-0.000002,-0.000002,1.000000;;
           }

           Frame Bip01_R_ForeTwist1 {
            

            FrameTransformMatrix {
             1.000000,-0.000008,-0.000010,0.000000,0.000010,0.984921,0.173006,0.000000,0.000008,-0.173006,0.984921,0.000000,6.471949,0.000000,0.000000,1.000000;;
            }
           }
          }

          Frame Bip01_R_UpperTwist_Bone01 {
           

           FrameTransformMatrix {
            1.000000,0.000000,-0.000000,0.000000,-0.000000,1.000000,0.000000,0.000000,0.000000,-0.000000,1.000000,0.000000,0.000011,-0.000002,-0.000010,1.000000;;
           }
          }
         }
        }
       }
      }

      Frame Weapon_Back_R_Point {
       

       FrameTransformMatrix {
        -0.126066,-0.986694,0.102681,0.000000,-0.473971,0.150838,0.867525,0.000000,-0.871469,0.060697,-0.486680,0.000000,22.106290,8.777383,-28.850083,1.000000;;
       }
      }

      Frame Weapon_Back_B_Point {
       

       FrameTransformMatrix {
        -0.020807,-0.996061,0.086193,0.000000,0.646766,0.052332,0.760891,0.000000,-0.762404,0.071578,0.643130,0.000000,6.591152,15.335434,3.548437,1.000000;;
       }
      }
     }
    }

    Frame Bip01_L_Thigh {
     

     FrameTransformMatrix {
      -0.692636,0.092021,0.715394,0.000000,-0.287880,0.874137,-0.391163,0.000000,-0.661348,-0.476882,-0.578967,0.000000,-0.000011,-0.000010,7.749225,1.000000;;
     }

     Frame Bip01_L_Calf {
      

      FrameTransformMatrix {
       -0.179316,0.983791,-0.000044,0.000000,-0.983791,-0.179316,0.000004,0.000000,-0.000004,0.000044,1.000000,0.000000,20.567824,0.000000,0.000004,1.000000;;
      }

      Frame Bip01_L_Foot {
       

       FrameTransformMatrix {
        0.172253,-0.744688,0.644802,0.000000,0.747017,0.525442,0.407279,0.000000,-0.642101,0.411523,0.646804,0.000000,13.299988,-0.000002,-0.000002,1.000000;;
       }

       Frame Bip01_L_Toe0 {
        

        FrameTransformMatrix {
         0.022958,-0.999403,0.025838,0.000000,0.994450,0.025483,0.102075,0.000000,-0.102672,0.023351,0.994441,0.000000,9.715658,-7.950627,0.000003,1.000000;;
        }
       }
      }

      Frame L_Calf_Point01 {
       

       FrameTransformMatrix {
        -0.008468,-0.879383,0.476041,0.000000,0.995920,0.035356,0.083027,0.000000,-0.089844,0.474802,0.875495,0.000000,11.798752,-1.456415,9.250378,1.000000;;
       }
      }
     }
    }

    Frame Bip01_R_Thigh {
     

     FrameTransformMatrix {
      -0.267695,-0.939793,0.212436,0.000000,-0.821923,0.107688,-0.559326,0.000000,0.502774,-0.324335,-0.801265,0.000000,0.000006,0.000010,-7.749222,1.000000;;
     }

     Frame Bip01_R_Calf {
      

      FrameTransformMatrix {
       0.196908,0.980422,-0.000022,0.000000,-0.980422,0.196908,-0.000002,0.000000,0.000002,0.000022,1.000000,0.000000,20.567830,0.000001,0.000000,1.000000;;
      }

      Frame Bip01_R_Foot {
       

       FrameTransformMatrix {
        0.922394,-0.068597,-0.380111,0.000000,0.048280,0.996862,-0.062739,0.000000,0.383221,0.039518,0.922811,0.000000,13.299982,0.000001,0.000002,1.000000;;
       }

       Frame Bip01_R_Toe0 {
        

        FrameTransformMatrix {
         0.013956,-0.994230,0.106359,0.000000,0.982643,-0.006041,-0.185412,0.000000,0.184985,0.107101,0.976888,0.000000,9.715659,-7.950625,0.000002,1.000000;;
        }
       }
      }

      Frame R_Calf_Point01 {
       

       FrameTransformMatrix {
        0.579635,-0.747974,-0.323354,0.000000,0.775858,0.627889,-0.061637,0.000000,0.249133,-0.215150,0.944269,0.000000,12.552790,-1.832693,-6.402773,1.000000;;
       }
      }
     }
    }

    Frame Weapon_Side_R_Point {
     

     FrameTransformMatrix {
      0.375118,-0.025884,-0.926616,0.000000,-0.398265,0.898149,-0.186316,0.000000,0.837061,0.438929,0.326603,0.000000,4.754986,-9.728015,-14.996736,1.000000;;
     }
    }

    Frame Weapon_Side_L_Point {
     

     FrameTransformMatrix {
      -0.396963,0.013947,-0.917728,0.000000,-0.396286,0.899279,0.185080,0.000000,0.827875,0.437153,-0.351454,0.000000,4.843655,-9.796755,15.171018,1.000000;;
     }
    }
   }

   Frame EFF_Lock_D {
    

    FrameTransformMatrix {
     -0.619961,-0.784028,0.030805,0.000000,0.784420,-0.618400,0.047617,0.000000,-0.018283,0.053685,0.998391,0.000000,14.525008,-1.675255,-27.110112,1.000000;;
    }

    Frame Extra_Point01 {
     

     FrameTransformMatrix {
      0.000001,-1.000000,-0.000000,0.000000,1.000000,0.000001,0.000237,0.000000,-0.000237,-0.000000,1.000000,0.000000,4.648523,0.000004,9.329006,1.000000;;
     }
    }

    Frame Dummy_Scene_Root {
     

     FrameTransformMatrix {
      0.000001,-1.000000,-0.000000,0.000000,1.000000,0.000001,0.000236,0.000000,-0.000236,-0.000000,1.000000,0.000000,-0.000000,0.000000,0.000000,1.000000;;
     }
    }
   }

   Frame Move_Link_D {
    

    FrameTransformMatrix {
     0.997564,-0.000000,0.069757,0.000000,0.000000,1.000000,-0.000000,0.000000,-0.069757,0.000000,0.997564,0.000000,-0.129430,0.385405,7.139692,1.000000;;
    }

    Frame EFF_Move_D {
     

     FrameTransformMatrix {
      1.000000,0.000001,-0.000000,0.000000,-0.000001,1.000000,0.000000,0.000000,0.000000,-0.000000,1.000000,0.000000,-1.706173,0.013155,-34.571856,1.000000;;
     }
    }
   }

   Frame SATA9NI_Bone01 {
    

    FrameTransformMatrix {
     0.115114,-0.170389,-0.978630,0.000000,0.993157,0.000182,0.116791,0.000000,-0.019721,-0.985377,0.169244,0.000000,-1.034301,0.013151,-0.145493,1.000000;;
    }
   }

   Frame SATA9NI_Lock_Dummy01 {
    

    FrameTransformMatrix {
     -0.956857,0.288694,-0.032898,0.000000,-0.289557,-0.956824,0.025401,0.000000,-0.024145,0.033831,0.999136,0.000000,1.485519,0.000002,-43.146880,1.000000;;
    }
   }

   Frame SATA9NI_Link_Point02 {
    

    FrameTransformMatrix {
     -0.997564,-0.000001,-0.069756,0.000000,0.069756,0.000000,-0.997564,0.000000,0.000001,-1.000000,-0.000000,0.000000,1.899880,-4.329275,-25.087547,1.000000;;
    }
   }
  }
 }

 Frame FA {
  

  FrameTransformMatrix {
   1.000000,0.000001,-0.000000,0.000000,-0.000001,1.000000,0.000000,0.000000,0.000000,0.000000,1.000000,0.000000,-0.000000,0.000000,-0.000034,1.000000;;
  }
 }

 Frame CL {
  

  FrameTransformMatrix {
   1.000000,0.000000,0.000000,0.000000,0.000000,1.000000,0.000000,0.000000,0.000000,0.000000,1.000000,0.000000,0.000000,0.000000,0.000000,1.000000;;
  }
 }

 Frame FA_EA {
  

  FrameTransformMatrix {
   1.000000,0.000000,0.000000,0.000000,0.000000,1.000000,0.000000,0.000000,0.000000,0.000000,1.000000,0.000000,0.000000,0.000000,0.000000,1.000000;;
  }
 }

 Frame GL {
  

  FrameTransformMatrix {
   1.000000,0.000000,0.000000,0.000000,0.000000,1.000000,0.000000,0.000000,0.000000,0.000000,1.000000,0.000000,0.000000,0.000000,0.000000,1.000000;;
  }
 }

 Frame SH {
  

  FrameTransformMatrix {
   1.000000,0.000000,0.000000,0.000000,0.000000,1.000000,0.000000,0.000000,0.000000,0.000000,1.000000,0.000000,0.000000,0.000000,0.000000,1.000000;;
  }
 }

 Frame PA_Skin {
  

  FrameTransformMatrix {
   1.000000,0.000000,0.000000,0.000000,0.000000,1.000000,0.000000,0.000000,0.000000,0.000000,1.000000,0.000000,0.000000,0.000000,0.000000,1.000000;;
  }
 }

 Frame PA_Panty {
  

  FrameTransformMatrix {
   1.000000,0.000000,0.000000,0.000000,0.000000,1.000000,0.000000,0.000000,0.000000,0.000000,1.000000,0.000000,0.000000,0.000000,0.000000,1.000000;;
  }
 }

 Frame FA_Skin {
  

  FrameTransformMatrix {
   1.000000,0.000001,-0.000000,0.000000,-0.000001,1.000000,0.000000,0.000000,0.000000,0.000000,1.000000,0.000000,-0.000000,0.000000,-0.000034,1.000000;;
  }
 }
}

Frame HR_ {
 

 FrameTransformMatrix {
  0.393701,0.000000,0.000000,0.000000,0.000000,-0.000000,-0.393701,0.000000,0.000000,0.393701,-0.000000,0.000000,0.000000,0.000000,0.000000,1.000000;;
 }

 Mesh HR_ {
  58;
  -24.692704;-4.620994;100.781363;,
  -20.054710;-17.307918;102.136621;,
  -23.776181;-11.450627;111.053363;,
  10.991239;-24.516739;112.762867;,
  0.000001;-25.566613;102.768173;,
  10.822071;-23.710547;102.684243;,
  -20.263461;-17.894075;111.816384;,
  -10.822027;-23.710568;102.684243;,
  -11.245745;-24.520624;112.736934;,
  -0.127380;-26.228541;113.115802;,
  -0.137655;-24.282326;121.631219;,
  -11.222850;-22.370992;121.423885;,
  -19.158528;-16.395408;120.415987;,
  -10.590545;-17.814368;127.767949;,
  -23.293658;-9.102471;119.098138;,
  -16.757597;-13.456075;126.347277;,
  -25.381814;-3.900581;109.883366;,
  -25.244979;-0.889671;103.986323;,
  -24.954760;2.698828;108.283968;,
  -24.460637;5.827428;116.092109;,
  -24.867067;-1.272820;117.501146;,
  -23.086522;1.730400;122.576154;,
  -21.468130;10.634818;121.855040;,
  -21.779344;-6.284531;124.417664;,
  -19.563517;4.861045;127.069914;,
  -12.874573;17.785421;125.854387;,
  -18.285837;-3.562657;129.192422;,
  -11.735271;-10.939624;131.764851;,
  -12.231467;-0.990363;133.231027;,
  -12.863054;8.428290;131.014963;,
  -0.153704;-10.548150;133.330586;,
  -0.157453;0.438584;134.898086;,
  -0.156672;11.054592;132.637555;,
  -0.000029;20.436931;127.346957;,
  12.874569;17.785424;125.854413;,
  12.554378;8.432732;131.044595;,
  11.920914;-0.986142;133.259200;,
  19.265283;4.867826;127.115200;,
  21.468123;10.634819;121.855040;,
  22.799858;1.738415;122.629658;,
  24.460637;5.827430;116.092109;,
  17.985590;-3.556323;129.234726;,
  24.593278;-1.264175;117.558835;,
  11.431620;-10.935577;131.791859;,
  21.491184;-6.276976;124.468122;,
  16.467445;-13.450270;126.386022;,
  23.018886;-9.094377;119.152154;,
  10.298628;-17.810710;127.792307;,
  18.883251;-16.388755;120.460352;,
  -0.146468;-19.135755;128.416333;,
  10.947326;-22.367118;121.449754;,
  20.008760;-17.887037;111.863347;,
  20.054707;-17.307918;102.136621;,
  23.521000;-11.442362;111.108518;,
  24.692709;-4.620993;100.781363;,
  25.126718;-3.891754;109.942272;,
  25.244976;-0.889669;103.986323;,
  24.954755;2.698830;108.283994;;
  96;
  3;0,1,2;,
  3;3,4,5;,
  3;1,6,2;,
  3;7,6,1;,
  3;4,8,7;,
  3;6,7,8;,
  3;8,4,9;,
  3;4,3,9;,
  3;10,8,9;,
  3;3,10,9;,
  3;11,6,8;,
  3;8,10,11;,
  3;6,11,12;,
  3;12,2,6;,
  3;10,13,11;,
  3;13,12,11;,
  3;2,12,14;,
  3;12,13,15;,
  3;15,14,12;,
  3;14,16,2;,
  3;0,2,16;,
  3;17,0,16;,
  3;16,18,17;,
  3;16,19,18;,
  3;19,16,20;,
  3;16,14,20;,
  3;21,19,20;,
  3;21,22,19;,
  3;23,20,14;,
  3;20,23,21;,
  3;14,15,23;,
  3;21,24,22;,
  3;24,25,22;,
  3;26,21,23;,
  3;15,26,23;,
  3;21,26,24;,
  3;26,15,27;,
  3;15,13,27;,
  3;28,24,26;,
  3;26,27,28;,
  3;24,28,29;,
  3;29,25,24;,
  3;30,28,27;,
  3;13,30,27;,
  3;31,29,28;,
  3;28,30,31;,
  3;32,25,29;,
  3;29,31,32;,
  3;25,32,33;,
  3;32,34,33;,
  3;31,35,32;,
  3;34,32,35;,
  3;35,31,36;,
  3;30,36,31;,
  3;35,37,34;,
  3;36,37,35;,
  3;34,37,38;,
  3;39,38,37;,
  3;39,40,38;,
  3;37,36,41;,
  3;39,42,40;,
  3;41,36,43;,
  3;36,30,43;,
  3;44,37,41;,
  3;37,44,39;,
  3;43,44,41;,
  3;44,42,39;,
  3;44,43,45;,
  3;42,44,46;,
  3;45,46,44;,
  3;45,43,47;,
  3;30,47,43;,
  3;46,45,48;,
  3;47,48,45;,
  3;47,30,49;,
  3;30,13,49;,
  3;13,10,49;,
  3;10,47,49;,
  3;47,10,50;,
  3;48,47,50;,
  3;10,3,50;,
  3;51,50,3;,
  3;50,51,48;,
  3;5,51,3;,
  3;51,5,52;,
  3;53,48,51;,
  3;52,53,51;,
  3;48,53,46;,
  3;54,53,52;,
  3;55,46,53;,
  3;54,55,53;,
  3;46,55,42;,
  3;56,55,54;,
  3;55,40,42;,
  3;55,56,57;,
  3;40,55,57;;

  MeshNormals {
   58;
   -0.861472;-0.357641;-0.360499;,
   -0.715948;-0.595893;-0.363771;,
   -0.935596;-0.351520;0.033070;,
   0.383031;-0.920787;0.073750;,
   0.000002;-0.967554;-0.252664;,
   0.371055;-0.874159;-0.313311;,
   -0.750787;-0.656923;0.069072;,
   -0.371053;-0.874160;-0.313310;,
   -0.384222;-0.920697;0.068484;,
   -0.000430;-0.996622;0.082120;,
   -0.000328;-0.908631;0.417600;,
   -0.380084;-0.834549;0.398829;,
   -0.729275;-0.579246;0.364186;,
   -0.321153;-0.640871;0.697241;,
   -0.909840;-0.302057;0.284521;,
   -0.646272;-0.456344;0.611623;,
   -0.995721;-0.089451;0.023196;,
   -0.980619;0.177819;-0.082257;,
   -0.969672;0.236575;-0.061386;,
   -0.956120;0.286462;0.061439;,
   -0.979178;-0.026790;0.201227;,
   -0.894277;0.074274;0.441307;,
   -0.829722;0.451701;0.327915;,
   -0.830525;-0.209087;0.516247;,
   -0.706723;0.200989;0.678340;,
   -0.470203;0.702014;0.534870;,
   -0.667547;-0.086391;0.739539;,
   -0.345924;-0.343802;0.873004;,
   -0.345958;0.024338;0.937935;,
   -0.396535;0.318927;0.860840;,
   -0.001047;-0.322639;0.946522;,
   -0.001173;0.048479;0.998824;,
   -0.001883;0.364066;0.931372;,
   -0.000002;0.808101;0.589044;,
   0.470202;0.702014;0.534870;,
   0.391744;0.315050;0.864454;,
   0.343760;0.024459;0.938739;,
   0.703171;0.189957;0.685177;,
   0.829721;0.451702;0.327915;,
   0.887921;0.058793;0.456223;,
   0.956119;0.286463;0.061440;,
   0.670314;-0.097513;0.735643;,
   0.976671;-0.042183;0.210559;,
   0.349976;-0.342564;0.871876;,
   0.823724;-0.208788;0.527150;,
   0.646618;-0.444510;0.619916;,
   0.909280;-0.301739;0.286643;,
   0.319750;-0.640759;0.697989;,
   0.728626;-0.578991;0.365887;,
   -0.000754;-0.665065;0.746785;,
   0.379444;-0.834416;0.399716;,
   0.750065;-0.656556;0.079608;,
   0.715949;-0.595892;-0.363772;,
   0.935569;-0.350039;0.046734;,
   0.861472;-0.357640;-0.360499;,
   0.993847;-0.103000;0.040730;,
   0.980619;0.177820;-0.082256;,
   0.969672;0.236576;-0.061386;;
   96;
   3;0,1,2;,
   3;3,4,5;,
   3;1,6,2;,
   3;7,6,1;,
   3;4,8,7;,
   3;6,7,8;,
   3;8,4,9;,
   3;4,3,9;,
   3;10,8,9;,
   3;3,10,9;,
   3;11,6,8;,
   3;8,10,11;,
   3;6,11,12;,
   3;12,2,6;,
   3;10,13,11;,
   3;13,12,11;,
   3;2,12,14;,
   3;12,13,15;,
   3;15,14,12;,
   3;14,16,2;,
   3;0,2,16;,
   3;17,0,16;,
   3;16,18,17;,
   3;16,19,18;,
   3;19,16,20;,
   3;16,14,20;,
   3;21,19,20;,
   3;21,22,19;,
   3;23,20,14;,
   3;20,23,21;,
   3;14,15,23;,
   3;21,24,22;,
   3;24,25,22;,
   3;26,21,23;,
   3;15,26,23;,
   3;21,26,24;,
   3;26,15,27;,
   3;15,13,27;,
   3;28,24,26;,
   3;26,27,28;,
   3;24,28,29;,
   3;29,25,24;,
   3;30,28,27;,
   3;13,30,27;,
   3;31,29,28;,
   3;28,30,31;,
   3;32,25,29;,
   3;29,31,32;,
   3;25,32,33;,
   3;32,34,33;,
   3;31,35,32;,
   3;34,32,35;,
   3;35,31,36;,
   3;30,36,31;,
   3;35,37,34;,
   3;36,37,35;,
   3;34,37,38;,
   3;39,38,37;,
   3;39,40,38;,
   3;37,36,41;,
   3;39,42,40;,
   3;41,36,43;,
   3;36,30,43;,
   3;44,37,41;,
   3;37,44,39;,
   3;43,44,41;,
   3;44,42,39;,
   3;44,43,45;,
   3;42,44,46;,
   3;45,46,44;,
   3;45,43,47;,
   3;30,47,43;,
   3;46,45,48;,
   3;47,48,45;,
   3;47,30,49;,
   3;30,13,49;,
   3;13,10,49;,
   3;10,47,49;,
   3;47,10,50;,
   3;48,47,50;,
   3;10,3,50;,
   3;51,50,3;,
   3;50,51,48;,
   3;5,51,3;,
   3;51,5,52;,
   3;53,48,51;,
   3;52,53,51;,
   3;48,53,46;,
   3;54,53,52;,
   3;55,46,53;,
   3;54,55,53;,
   3;46,55,42;,
   3;56,55,54;,
   3;55,40,42;,
   3;55,56,57;,
   3;40,55,57;;
  }

  MeshMaterialList {
   1;
   96;
   0,
   0,
   0,
   0,
   0,
   0,
   0,
   0,
   0,
   0,
   0,
   0,
   0,
   0,
   0,
   0,
   0,
   0,
   0,
   0,
   0,
   0,
   0,
   0,
   0,
   0,
   0,
   0,
   0,
   0,
   0,
   0,
   0,
   0,
   0,
   0,
   0,
   0,
   0,
   0,
   0,
   0,
   0,
   0,
   0,
   0,
   0,
   0,
   0,
   0,
   0,
   0,
   0,
   0,
   0,
   0,
   0,
   0,
   0,
   0,
   0,
   0,
   0,
   0,
   0,
   0,
   0,
   0,
   0,
   0,
   0,
   0,
   0,
   0,
   0,
   0,
   0,
   0,
   0,
   0,
   0,
   0,
   0,
   0,
   0,
   0,
   0,
   0,
   0,
   0,
   0,
   0,
   0,
   0,
   0,
   0;
   { Standard_7_32 }
  }

  MeshTextureCoords c1 {
   58;
   0.980934;0.962051;,
   0.986321;0.900638;,
   0.963915;0.918426;,
   0.966935;0.835987;,
   0.990237;0.789480;,
   0.989234;0.842584;,
   0.966470;0.886121;,
   0.989234;0.842584;,
   0.966935;0.835987;,
   0.965931;0.785359;,
   0.943644;0.787328;,
   0.947453;0.836928;,
   0.948818;0.881398;,
   0.932350;0.846143;,
   0.945740;0.916607;,
   0.930958;0.882197;,
   0.960068;0.953098;,
   0.970196;0.975247;,
   0.957068;0.984073;,
   0.936003;0.982496;,
   0.940604;0.951146;,
   0.927244;0.948364;,
   0.914553;0.984118;,
   0.933311;0.914334;,
   0.912443;0.944107;,
   0.885058;0.982398;,
   0.919589;0.908979;,
   0.917342;0.866716;,
   0.903163;0.899634;,
   0.893926;0.937653;,
   0.899865;0.828445;,
   0.880322;0.869636;,
   0.866494;0.915593;,
   0.855901;0.961863;,
   0.885058;0.982398;,
   0.893926;0.937653;,
   0.903163;0.899634;,
   0.912443;0.944107;,
   0.914553;0.984118;,
   0.927244;0.948364;,
   0.936003;0.982496;,
   0.919589;0.908979;,
   0.940604;0.951146;,
   0.917342;0.866716;,
   0.933311;0.914334;,
   0.930958;0.882197;,
   0.945740;0.916607;,
   0.932350;0.846143;,
   0.948818;0.881398;,
   0.924358;0.798348;,
   0.947453;0.836928;,
   0.966470;0.886121;,
   0.986321;0.900638;,
   0.963915;0.918426;,
   0.980934;0.962051;,
   0.960068;0.953098;,
   0.970196;0.975247;,
   0.957068;0.984073;;
  }

  XSkinMeshHeader {
   1;
   1;
   1;
  }

  SkinWeights {
   "HR";
   58;
   0,
   1,
   2,
   3,
   4,
   5,
   6,
   7,
   8,
   9,
   10,
   11,
   12,
   13,
   14,
   15,
   16,
   17,
   18,
   19,
   20,
   21,
   22,
   23,
   24,
   25,
   26,
   27,
   28,
   29,
   30,
   31,
   32,
   33,
   34,
   35,
   36,
   37,
   38,
   39,
   40,
   41,
   42,
   43,
   44,
   45,
   46,
   47,
   48,
   49,
   50,
   51,
   52,
   53,
   54,
   55,
   56,
   57;
   1.000000,
   1.000000,
   1.000000,
   1.000000,
   1.000000,
   1.000000,
   1.000000,
   1.000000,
   1.000000,
   1.000000,
   1.000000,
   1.000000,
   1.000000,
   1.000000,
   1.000000,
   1.000000,
   1.000000,
   1.000000,
   1.000000,
   1.000000,
   1.000000,
   1.000000,
   1.000000,
   1.000000,
   1.000000,
   1.000000,
   1.000000,
   1.000000,
   1.000000,
   1.000000,
   1.000000,
   1.000000,
   1.000000,
   1.000000,
   1.000000,
   1.000000,
   1.000000,
   1.000000,
   1.000000,
   1.000000,
   1.000000,
   1.000000,
   1.000000,
   1.000000,
   1.000000,
   1.000000,
   1.000000,
   1.000000,
   1.000000,
   1.000000,
   1.000000,
   1.000000,
   1.000000,
   1.000000,
   1.000000,
   1.000000,
   1.000000,
   1.000000;
   1.000000,-0.000003,-0.000000,0.000000,0.000003,1.000000,-0.000000,0.000000,0.000000,0.000000,1.000000,0.000000,-0.000001,-0.000007,0.000071,1.000000;;
  }
 }
}

Frame FA_ {
 

 FrameTransformMatrix {
  0.393701,0.000000,0.000000,0.000000,0.000000,-0.000000,-0.393701,0.000000,0.000000,0.393701,-0.000000,0.000000,0.000000,0.000000,0.000000,1.000000;;
 }

 Mesh FA_ {
  136;
  -12.020221;24.376770;111.055514;,
  -18.432229;18.546619;105.455322;,
  -19.625546;18.237869;111.835546;,
  -10.947611;23.207384;104.068064;,
  -0.000001;26.872720;110.518118;,
  -22.049280;14.807643;106.333651;,
  -22.830362;12.896041;113.979853;,
  -0.000001;25.632416;102.895552;,
  -23.206901;11.432119;106.793197;,
  -23.967373;8.178235;107.222150;,
  -22.809088;10.447895;102.124678;,
  -23.866288;6.114612;100.925050;,
  -22.542723;5.925964;95.572525;,
  -22.103821;9.947231;95.564115;,
  -21.408083;6.057070;90.878355;,
  -21.445826;14.317218;102.433946;,
  -21.056782;13.301139;95.489594;,
  -20.702170;10.206770;90.788256;,
  -20.161146;6.496357;87.319610;,
  -19.643707;10.893692;87.259917;,
  -18.469603;7.650843;85.005094;,
  -19.734494;13.709579;90.597747;,
  -18.296253;11.324018;85.281248;,
  -15.664446;9.931157;82.801101;,
  -18.646266;14.608538;87.230605;,
  -15.656029;13.081833;83.184205;,
  -11.849482;12.894155;80.937158;,
  -17.720334;14.898162;85.600723;,
  -11.771317;15.593838;81.518195;,
  -7.776172;14.451013;79.877626;,
  -15.516283;15.726051;83.870989;,
  -7.695521;16.602814;80.235482;,
  -3.954841;14.986077;79.186982;,
  -11.706724;17.783946;82.136678;,
  -3.848173;16.925323;79.483110;,
  -0.000001;15.405638;78.964019;,
  -7.418067;18.851203;81.091072;,
  -11.593654;19.279066;83.921408;,
  -3.601889;19.072803;80.540090;,
  -15.577363;17.424646;85.297350;,
  -6.932338;20.554064;83.145869;,
  -11.627862;19.830870;85.283667;,
  -6.718127;21.402258;84.982829;,
  -11.669567;20.218338;87.132166;,
  -16.299901;17.386931;87.280397;,
  -18.400234;15.600984;90.279514;,
  -15.920440;17.208787;89.512557;,
  -19.989379;14.858531;95.128845;,
  -17.110733;17.198443;94.420915;,
  -18.025510;17.734058;102.821075;,
  -12.364567;20.956926;101.911066;,
  -12.441056;19.468083;94.075386;,
  -8.351130;21.895402;98.782842;,
  -12.156814;19.305790;89.471334;,
  -6.715083;21.302706;94.283379;,
  -6.432244;21.069670;90.358163;,
  -6.455628;21.532066;88.163264;,
  -6.533168;21.895099;86.920192;,
  -2.865280;22.065464;88.357722;,
  -3.203628;21.711085;90.450950;,
  -2.755524;22.372638;86.991264;,
  -3.645150;22.460042;94.499014;,
  -2.999178;21.809408;84.818490;,
  -4.574345;23.353272;98.754099;,
  -0.000001;23.975979;98.358278;,
  -0.000001;22.889000;94.533914;,
  -0.000001;22.091430;90.458918;,
  3.645148;22.460042;94.499008;,
  4.574343;23.353274;98.754086;,
  -0.000001;22.439632;88.544486;,
  3.203627;21.711086;90.450944;,
  -0.000002;22.760779;87.069312;,
  2.865278;22.065466;88.357709;,
  -0.000002;22.111427;84.682170;,
  2.755522;22.372640;86.991258;,
  -0.000002;21.246454;82.761530;,
  2.999175;21.809410;84.818483;,
  6.533165;21.895099;86.920179;,
  6.455625;21.532064;88.163251;,
  6.718124;21.402259;84.982816;,
  6.432242;21.069670;90.358157;,
  11.669563;20.218336;87.132173;,
  12.156809;19.305792;89.471341;,
  6.715082;21.302706;94.283373;,
  12.441053;19.468085;94.075392;,
  8.351126;21.895398;98.782835;,
  12.364563;20.956926;101.911072;,
