xof 0303txt 0032
template ColorRGBA {
 <35ff44e0-6c7c-11cf-8f52-0040333594a3>
 FLOAT red;
 FLOAT green;
 FLOAT blue;
 FLOAT alpha;
}

template ColorRGB {
 <d3e16e81-7835-11cf-8f52-0040333594a3>
 FLOAT red;
 FLOAT green;
 FLOAT blue;
}

template Material {
 <3d82ab4d-62da-11cf-ab39-0020af71e433>
 ColorRGBA faceColor;
 FLOAT power;
 ColorRGB specularColor;
 ColorRGB emissiveColor;
 [...]
}

template TextureFilename {
 <a42790e1-7810-11cf-8f52-0040333594a3>
 STRING filename;
}

template Frame {
 <3d82ab46-62da-11cf-ab39-0020af71e433>
 [...]
}

template Matrix4x4 {
 <f6f23f45-7686-11cf-8f52-0040333594a3>
 array FLOAT matrix[16];
}

template FrameTransformMatrix {
 <f6f23f41-7686-11cf-8f52-0040333594a3>
 Matrix4x4 frameMatrix;
}

template Vector {
 <3d82ab5e-62da-11cf-ab39-0020af71e433>
 FLOAT x;
 FLOAT y;
 FLOAT z;
}

template MeshFace {
 <3d82ab5f-62da-11cf-ab39-0020af71e433>
 DWORD nFaceVertexIndices;
 array DWORD faceVertexIndices[nFaceVertexIndices];
}

template Mesh {
 <3d82ab44-62da-11cf-ab39-0020af71e433>
 DWORD nVertices;
 array Vector vertices[nVertices];
 DWORD nFaces;
 array MeshFace faces[nFaces];
 [...]
}

template MeshNormals {
 <f6f23f43-7686-11cf-8f52-0040333594a3>
 DWORD nNormals;
 array Vector normals[nNormals];
 DWORD nFaceNormals;
 array MeshFace faceNormals[nFaceNormals];
}

template MeshMaterialList {
 <f6f23f42-7686-11cf-8f52-0040333594a3>
 DWORD nMaterials;
 DWORD nFaceIndexes;
 array DWORD faceIndexes[nFaceIndexes];
 [Material <3d82ab4d-62da-11cf-ab39-0020af71e433>]
}

template Coords2d {
 <f6f23f44-7686-11cf-8f52-0040333594a3>
 FLOAT u;
 FLOAT v;
}

template MeshTextureCoords {
 <f6f23f40-7686-11cf-8f52-0040333594a3>
 DWORD nTextureCoords;
 array Coords2d textureCoords[nTextureCoords];
}

template XSkinMeshHeader {
 <3cf169ce-ff7c-44ab-93c0-f78f62d172e2>
 WORD nMaxSkinWeightsPerVertex;
 WORD nMaxSkinWeightsPerFace;
 WORD nBones;
}

template SkinWeights {
 <6f0d123b-bad2-4167-a0d0-80224f25fabb>
 STRING transformNodeName;
 DWORD nWeights;
 array DWORD vertexIndices[nWeights];
 array FLOAT weights[nWeights];
 Matrix4x4 matrixOffset;
}

template AnimTicksPerSecond {
 <9e415a43-7ba6-4a73-8743-b73d47e88476>
 DWORD AnimTicksPerSecond;
}

template Animation {
 <3d82ab4f-62da-11cf-ab39-0020af71e433>
 [...]
}

template AnimationSet {
 <3d82ab50-62da-11cf-ab39-0020af71e433>
 [Animation <3d82ab4f-62da-11cf-ab39-0020af71e433>]
}

template FloatKeys {
 <10dd46a9-775b-11cf-8f52-0040333594a3>
 DWORD nValues;
 array FLOAT values[nValues];
}

template TimedFloatKeys {
 <f406b180-7b3b-11cf-8f52-0040333594a3>
 DWORD time;
 FloatKeys tfkeys;
}

template AnimationKey {
 <10dd46a8-775b-11cf-8f52-0040333594a3>
 DWORD keyType;
 DWORD nKeys;
 array TimedFloatKeys keys[nKeys];
}


Material Standard_7_264 {
 1.000000;1.000000;1.000000;1.000000;;
 43.219280;
 0.020000;0.020000;0.020000;;
 0.000000;0.000000;0.000000;;

 TextureFilename {
  "11500001_M_Viking_D.dds";
 }
}

Material Standard_7_290 {
 1.000000;1.000000;1.000000;1.000000;;
 43.219280;
 0.020000;0.020000;0.020000;;
 0.000000;0.000000;0.000000;;

 TextureFilename {
  "11500001_M_Viking_D.dds";
 }
}

Frame Scene_Root {
 

 FrameTransformMatrix {
  0.393701,0.000000,0.000000,0.000000,0.000000,-0.000000,-0.393701,0.000000,0.000000,0.393701,-0.000000,0.000000,0.000000,0.000000,0.000000,1.000000;;
 }

 Frame FA {
  

  FrameTransformMatrix {
   1.000000,0.000000,0.000000,0.000000,0.000000,1.000000,0.000000,0.000000,0.000000,0.000000,1.000000,0.000000,0.000000,0.000000,0.000000,1.000000;;
  }
 }

 Frame Bip01 {
  

  FrameTransformMatrix {
   0.000727,0.996840,-0.069707,0.000000,-0.999275,0.000729,-0.000000,0.000000,0.000051,0.069757,0.997562,0.000000,0.000000,1.527915,43.145398,1.000000;;
  }

  Frame Bip01_Footsteps {
   

   FrameTransformMatrix {
    0.000003,-0.998550,-0.000051,0.000000,0.996114,-0.000000,0.069707,0.000000,-0.069808,-0.000051,0.997557,0.000000,2.988398,-0.002164,-42.766547,1.000000;;
   }
  }

  Frame Bip01_Pelvis {
   

   FrameTransformMatrix {
    0.000674,0.000052,0.999271,0.000000,-0.997825,0.000728,0.000673,0.000000,-0.000728,-0.997825,0.000052,0.000000,0.000000,0.000000,0.000000,1.000000;;
   }

   Frame Bip01_Spine {
    

    FrameTransformMatrix {
     0.998546,-0.001692,0.000679,0.000000,0.001695,0.999997,-0.000722,0.000000,-0.000678,0.000723,0.999998,0.000000,3.643448,0.085184,0.002410,1.000000;;
    }

    Frame Bip01_Spine1 {
     

     FrameTransformMatrix {
      0.991824,0.114479,0.000589,0.000000,-0.114675,0.993534,-0.000800,0.000000,-0.000677,0.000727,0.999998,0.000000,8.593918,0.001920,0.005823,1.000000;;
     }

     Frame Bip01_Spine2 {
      

      FrameTransformMatrix {
       0.991461,0.115728,0.000491,0.000000,-0.115956,0.993418,-0.000863,0.000000,-0.000589,0.000800,0.999998,0.000000,9.745922,0.001808,0.005742,1.000000;;
      }

      Frame Bip01_Neck {
       

       FrameTransformMatrix {
        0.966005,-0.253440,0.000695,0.000000,0.253619,0.966688,-0.000709,0.000000,-0.000493,0.000863,0.999998,0.000000,12.185722,-0.374652,0.006320,1.000000;;
       }

       Frame Bip01_Head {
        

        FrameTransformMatrix {
         0.994151,0.092053,0.000625,0.000000,-0.092209,0.995842,-0.000772,0.000000,-0.000694,0.000711,0.999998,0.000000,3.158974,0.775028,0.001642,1.000000;;
        }

        Frame Bip01_HeadNub {
         

         FrameTransformMatrix {
          0.998374,-0.000768,0.000625,0.000000,0.000770,0.999999,-0.000772,0.000000,-0.000625,0.000772,0.999998,0.000000,54.345466,-0.041817,0.034018,1.000000;;
         }
        }
       }

       Frame Bip01_L_Clavicle {
        

        FrameTransformMatrix {
         -0.350548,0.011568,0.934731,0.000000,0.252712,-0.960578,0.106661,0.000000,0.899959,0.273865,0.334119,0.000000,-2.647339,0.599680,3.126310,1.000000;;
        }

        Frame Bip01_L_UpperArm {
         

         FrameTransformMatrix {
          0.866394,-0.069712,-0.492149,0.000000,-0.052476,0.971057,-0.229930,0.000000,0.495657,0.225822,0.840582,0.000000,7.154710,0.004478,0.008980,1.000000;;
         }

         Frame Bip01_L_Forearm {
          

          FrameTransformMatrix {
           0.999998,0.001272,-0.000530,0.000000,-0.001272,1.000000,0.000719,0.000000,0.000530,-0.000717,0.998037,0.000000,16.098995,-0.002869,-0.008568,1.000000;;
          }

          Frame Bip01_L_Hand {
           

           FrameTransformMatrix {
            0.999140,-0.032149,0.025450,0.000000,-0.026401,-0.031725,0.996421,0.000000,-0.031290,-0.998260,-0.032613,0.000000,12.943895,-0.002309,-0.006874,1.000000;;
           }

           Frame Bip01_L_Finger0 {
            

            FrameTransformMatrix {
             0.981821,-0.074926,-0.174275,0.000000,-0.174249,0.005459,-0.984020,0.000000,0.074671,0.996384,-0.007695,0.000000,4.323239,-4.274772,-6.131997,1.000000;;
            }

            Frame Bip01_L_Finger01 {
             

             FrameTransformMatrix {
              0.999999,-0.002872,-0.000589,0.000000,0.002873,0.999993,0.000900,0.000000,0.000586,-0.000902,0.999998,0.000000,6.608987,-0.004409,-0.003868,1.000000;;
             }
            }
           }

           Frame Bip01_L_Finger1 {
            

            FrameTransformMatrix {
             0.992240,-0.112904,-0.053511,0.000000,0.106076,0.987559,-0.116740,0.000000,0.066004,0.110122,0.991549,0.000000,11.956377,2.022164,-4.582972,1.000000;;
            }

            Frame Bip01_L_Finger11 {
             

             FrameTransformMatrix {
              0.990536,-0.138664,0.000329,0.000000,0.138608,0.990136,-0.000371,0.000000,-0.000274,0.000413,0.999999,0.000000,4.403205,-0.003242,0.001209,1.000000;;
             }
            }
           }

           Frame Bip01_L_Finger2 {
            

            FrameTransformMatrix {
             0.993653,-0.110249,-0.026007,0.000000,0.111104,0.993003,0.035457,0.000000,0.021919,-0.038127,0.999104,0.000000,11.783014,2.234886,-1.185467,1.000000;;
            }

            Frame Bip01_L_Finger21 {
             

             FrameTransformMatrix {
              0.983206,-0.183816,0.000498,0.000000,0.183723,0.982708,-0.000892,0.000000,-0.000325,0.000968,0.999998,0.000000,4.551591,-0.003201,0.001484,1.000000;;
             }
            }
           }

           Frame Bip01_L_Finger3 {
            

            FrameTransformMatrix {
             0.975573,-0.220281,-0.010294,0.000000,0.220323,0.972369,0.072576,0.000000,-0.005980,-0.073091,0.997425,0.000000,11.642090,1.674805,2.135175,1.000000;;
            }

            Frame Bip01_L_Finger31 {
             

             FrameTransformMatrix {
              0.988602,-0.152298,0.000578,0.000000,0.152216,0.988062,-0.000963,0.000000,-0.000425,0.001040,0.999998,0.000000,3.923153,-0.003567,0.001669,1.000000;;
             }
            }
           }

           Frame Bip01_L_Finger4 {
            

            FrameTransformMatrix {
             0.965306,-0.260545,0.028036,0.000000,0.256078,0.960268,0.106958,0.000000,-0.054808,-0.096099,0.993995,0.000000,11.592650,1.287269,4.985702,1.000000;;
            }

            Frame Bip01_L_Finger41 {
             

             FrameTransformMatrix {
              0.951189,-0.310390,0.000734,0.000000,0.310027,0.950072,-0.000898,0.000000,-0.000419,0.001082,0.999997,0.000000,3.433445,-0.003418,0.001442,1.000000;;
             }
            }
           }

           Frame Weapon_Hand_L_Point {
            

            FrameTransformMatrix {
             0.032686,-0.101306,0.993795,0.000000,0.997211,-0.051622,-0.038060,0.000000,0.055179,0.992642,0.099374,0.000000,11.054545,-2.082119,-0.430641,1.000000;;
            }
           }
          }
         }

         Frame Bip01_L_ForeTwist {
          

          FrameTransformMatrix {
           0.999998,0.001272,-0.000530,0.000000,-0.001266,0.999944,0.012030,0.000000,0.000545,-0.012006,0.997948,0.000000,16.098995,-0.002869,-0.008568,1.000000;;
          }

          Frame Bip01_L_ForeTwist1 {
           

           FrameTransformMatrix {
            1.000000,-0.000184,-0.000529,0.000000,0.000191,0.999944,0.012074,0.000000,0.000525,-0.012050,0.997930,0.000000,6.471952,-0.001194,-0.003426,1.000000;;
           }
          }
         }

         Frame Bip01_L_UpperTwist_Bone01 {
          

          FrameTransformMatrix {
           1.000000,-0.000178,-0.000532,0.000000,0.000179,1.000000,0.000718,0.000000,0.000530,-0.000717,0.998037,0.000000,0.000000,0.000000,0.000000,1.000000;;
          }
         }
        }
       }

       Frame Bip01_R_Clavicle {
        

        FrameTransformMatrix {
         -0.351842,0.012893,-0.935236,0.000000,0.251473,-0.960388,-0.107845,0.000000,-0.899387,-0.273072,0.334591,0.000000,-2.651657,0.604114,-3.130852,1.000000;;
        }

        Frame Bip01_R_UpperArm {
         

         FrameTransformMatrix {
          0.866816,-0.070729,0.492652,0.000000,-0.052288,0.971168,0.231428,0.000000,-0.495424,-0.226643,0.839153,0.000000,7.154717,-0.006639,-0.004425,1.000000;;
         }

         Frame Bip01_R_Forearm {
          

          FrameTransformMatrix {
           0.999997,0.000294,0.000327,0.000000,-0.000294,1.000001,0.000410,0.000000,-0.000326,-0.000410,1.000000,0.000000,16.098987,-0.018625,0.005249,1.000000;;
          }

          Frame Bip01_R_Hand {
           

           FrameTransformMatrix {
            0.999177,-0.033158,-0.025741,0.000000,-0.026810,-0.032810,-0.998394,0.000000,0.032253,0.998059,-0.033665,0.000000,12.943914,-0.014998,0.004242,1.000000;;
           }

           Frame Bip01_R_Finger0 {
            

            FrameTransformMatrix {
             0.981638,-0.074924,0.173414,0.000000,-0.173595,0.004179,0.984466,0.000000,-0.074478,-0.996399,-0.008903,0.000000,4.316458,-4.280873,6.132723,1.000000;;
            }

            Frame Bip01_R_Finger01 {
             

             FrameTransformMatrix {
              1.000001,-0.003926,0.000415,0.000000,0.003926,0.999980,0.000347,0.000000,-0.000416,-0.000346,1.000000,0.000000,6.608979,-0.011374,0.002750,1.000000;;
             }
            }
           }

           Frame Bip01_R_Finger1 {
            

            FrameTransformMatrix {
             0.992166,-0.112763,0.052683,0.000000,0.106095,0.987457,0.115503,0.000000,-0.065074,-0.109056,0.992108,0.000000,11.952385,2.019397,4.569124,1.000000;;
            }

            Frame Bip01_R_Finger11 {
             

             FrameTransformMatrix {
              0.990493,-0.138353,-0.001106,0.000000,0.138320,0.990264,-0.000844,0.000000,0.001212,0.000683,0.999996,0.000000,4.403209,-0.001858,-0.005339,1.000000;;
             }
            }
           }

           Frame Bip01_R_Finger2 {
            

            FrameTransformMatrix {
             0.993606,-0.110075,0.025174,0.000000,0.110951,0.993110,-0.036711,0.000000,-0.020961,0.039271,0.999033,0.000000,11.782330,2.235950,1.171541,1.000000;;
            }

            Frame Bip01_R_Finger21 {
             

             FrameTransformMatrix {
              0.983118,-0.183344,-0.001095,0.000000,0.183314,0.982961,-0.000536,0.000000,0.001175,0.000326,0.999997,0.000000,4.551595,-0.001022,-0.005349,1.000000;;
             }
            }
           }

           Frame Bip01_R_Finger3 {
            

            FrameTransformMatrix {
             0.975518,-0.220093,0.009605,0.000000,0.220162,0.972595,-0.073906,0.000000,0.006924,0.074205,0.997157,0.000000,11.644476,1.679638,-2.148329,1.000000;;
            }

            Frame Bip01_R_Finger31 {
             

             FrameTransformMatrix {
              0.988484,-0.151533,-0.001006,0.000000,0.151521,0.988405,-0.000513,0.000000,0.001072,0.000355,0.999997,0.000000,3.923152,-0.000526,-0.004205,1.000000;;
             }
            }
           }

           Frame Bip01_R_Finger4 {
            

            FrameTransformMatrix {
             0.965279,-0.260316,-0.028669,0.000000,0.255835,0.960590,-0.108289,0.000000,0.055711,0.097163,0.993516,0.000000,11.597710,1.295334,-4.998364,1.000000;;
            }

            Frame Bip01_R_Finger41 {
             

             FrameTransformMatrix {
              0.950904,-0.309513,-0.000782,0.000000,0.309486,0.950821,-0.000584,0.000000,0.000925,0.000314,0.999999,0.000000,3.433449,-0.000252,-0.003174,1.000000;;
             }
            }
           }

           Frame Weapon_Hand_R_Point {
            

            FrameTransformMatrix {
             -0.066949,0.101929,0.991848,0.000000,0.995349,-0.047899,0.072108,0.000000,0.054904,0.992876,-0.098329,0.000000,11.053684,-2.080349,0.422343,1.000000;;
            }
           }
          }
         }

         Frame Bip01_R_ForeTwist {
          

          FrameTransformMatrix {
           0.999997,0.000294,0.000327,0.000000,-0.000290,0.999932,-0.010923,0.000000,-0.000330,0.010923,0.999949,0.000000,16.098987,-0.018625,0.005249,1.000000;;
          }

          Frame Bip01_R_ForeTwist1 {
           

           FrameTransformMatrix {
            1.000000,-0.001162,0.000313,0.000000,0.001166,0.999929,-0.010952,0.000000,-0.000301,0.010952,0.999948,0.000000,6.471956,-0.007522,0.002033,1.000000;;
           }
          }
         }

         Frame Bip01_R_UpperTwist_Bone01 {
          

          FrameTransformMatrix {
           1.000000,-0.001157,0.000326,0.000000,0.001157,0.999997,0.000411,0.000000,-0.000326,-0.000411,1.000000,0.000000,0.000008,-0.000000,-0.000011,1.000000;;
          }
         }
        }
       }
      }
     }

     Frame Weapon_Back_R_Point {
      

      FrameTransformMatrix {
       -0.124176,-0.985957,0.103322,0.000000,-0.472571,0.150330,0.866581,0.000000,-0.870609,0.058826,-0.484972,0.000000,22.046002,8.782306,-28.844077,1.000000;;
      }
     }

     Frame Weapon_Back_B_Point {
      

      FrameTransformMatrix {
       -0.019167,-0.995391,0.086915,0.000000,0.645684,0.053971,0.760494,0.000000,-0.761513,0.070680,0.641532,0.000000,6.569889,15.327181,3.540045,1.000000;;
      }
     }
    }
   }

   Frame Bip01_L_Thigh {
    

    FrameTransformMatrix {
     -0.993538,0.068286,0.049855,0.000000,0.068155,0.997552,-0.008112,0.000000,-0.050366,-0.004669,-0.997326,0.000000,0.005215,-0.005653,7.749223,1.000000;;
    }

    Frame Bip01_L_Calf {
     

     FrameTransformMatrix {
      0.999645,0.027934,0.000813,0.000000,-0.027933,0.999574,0.000679,0.000000,-0.000793,-0.000702,0.999998,0.000000,20.567834,0.013148,0.016330,1.000000;;
     }

     Frame Bip01_L_Foot {
      

      FrameTransformMatrix {
       0.985239,-0.162446,0.050992,0.000000,0.161466,0.986833,0.024010,0.000000,-0.054210,-0.015419,0.998302,0.000000,13.299989,0.008986,0.010809,1.000000;;
      }

      Frame Bip01_L_Toe0 {
       

       FrameTransformMatrix {
        0.000241,-0.999274,-0.000716,0.000000,0.999275,0.000240,0.000611,0.000000,-0.000611,-0.000717,0.999998,0.000000,9.711802,-7.945918,0.000236,1.000000;;
       }
      }
     }

     Frame L_Calf_Point01 {
      

      FrameTransformMatrix {
       0.985046,-0.163514,0.051268,0.000000,0.162529,0.986658,0.024080,0.000000,-0.054511,-0.015385,0.998286,0.000000,12.277261,-0.067099,-1.646702,1.000000;;
      }
     }
    }
   }

   Frame Bip01_R_Thigh {
    

    FrameTransformMatrix {
     -0.993605,0.068359,-0.051302,0.000000,0.068281,0.997533,0.006762,0.000000,0.051706,0.003220,-0.997136,0.000000,-0.005215,0.005650,-7.749224,1.000000;;
    }

    Frame Bip01_R_Calf {
     

     FrameTransformMatrix {
      0.999646,0.027993,0.000666,0.000000,-0.027991,0.999569,0.000641,0.000000,-0.000647,-0.000659,0.999998,0.000000,20.567814,0.014347,0.013326,1.000000;;
     }

     Frame Bip01_R_Foot {
      

      FrameTransformMatrix {
       0.985156,-0.162459,-0.049751,0.000000,0.161594,0.986792,-0.022473,0.000000,0.052756,0.014103,0.998597,0.000000,13.299979,0.009699,0.008853,1.000000;;
      }

      Frame Bip01_R_Toe0 {
       

       FrameTransformMatrix {
        0.000269,-0.999275,-0.000828,0.000000,0.999275,0.000268,0.000637,0.000000,-0.000637,-0.000828,0.999998,0.000000,9.712026,-7.946194,-0.000398,1.000000;;
       }
      }
     }

     Frame R_Calf_Point01 {
      

      FrameTransformMatrix {
       0.985135,-0.162492,-0.050040,0.000000,0.161625,0.986789,-0.022435,0.000000,0.053035,0.014016,0.998583,0.000000,12.278353,-0.064046,1.638479,1.000000;;
      }
     }
    }
   }

   Frame Weapon_Side_R_Point {
    

    FrameTransformMatrix {
     0.374418,-0.025444,-0.925671,0.000000,-0.398603,0.898659,-0.185930,0.000000,0.835579,0.438059,0.325936,0.000000,4.744503,-9.720312,-14.986435,1.000000;;
    }
   }

   Frame Weapon_Side_L_Point {
    

    FrameTransformMatrix {
     -0.396002,0.014872,-0.917340,0.000000,-0.395371,0.899465,0.185258,0.000000,0.826422,0.435289,-0.349697,0.000000,4.853447,-9.811074,15.181422,1.000000;;
    }
   }
  }

  Frame EFF_Lock_D {
   

   FrameTransformMatrix {
    0.996132,0.000002,0.069420,0.000000,-0.000006,0.998550,0.000050,0.000000,-0.069521,-0.000051,0.997575,0.000000,1.485546,-0.002183,-43.146794,1.000000;;
   }
  }

  Frame Move_Link_D {
   

   FrameTransformMatrix {
    0.996114,0.000002,0.069707,0.000000,-0.000005,0.998550,0.000050,0.000000,-0.069808,-0.000051,0.997557,0.000000,0.597634,-0.000433,-8.552654,1.000000;;
   }

   Frame EFF_Move_D {
    

    FrameTransformMatrix {
     0.998550,0.000003,0.000051,0.000000,-0.000003,0.998550,0.000051,0.000000,-0.000051,-0.000051,0.999996,0.000000,-1.705449,0.011384,-34.571814,1.000000;;
    }
   }
  }

  Frame SATA9NI_Bone01 {
   

   FrameTransformMatrix {
    0.043791,-0.000387,-0.998344,0.000000,0.996865,0.000724,0.043726,0.000000,0.000706,-0.997825,0.000418,0.000000,-1.032794,0.013127,-0.145443,1.000000;;
   }
  }

  Frame SATA9NI_Lock_Dummy01 {
   

   FrameTransformMatrix {
    0.000728,-0.997826,-0.000051,0.000000,0.995391,0.000722,0.069656,0.000000,-0.069808,-0.000101,0.997555,0.000000,1.485546,-0.002183,-43.146794,1.000000;;
   }
  }

  Frame SATA9NI_Link_Point02 {
   

   FrameTransformMatrix {
    -0.996114,-0.000003,-0.069706,0.000000,0.069807,-0.000050,-0.997557,0.000000,-0.000001,-0.998550,0.000050,0.000000,0.648059,-0.001977,-39.109824,1.000000;;
   }
  }
 }

 Frame Point01 {
  

  FrameTransformMatrix {
   1.000000,-0.000057,0.000000,0.000000,0.000057,0.999998,0.002106,0.000000,-0.000000,-0.002106,0.999998,0.000000,0.000074,-0.000031,-0.000061,1.000000;;
  }
 }

 Frame PA_D_CL {
  

  FrameTransformMatrix {
   1.000000,0.000000,0.000000,0.000000,0.000000,1.000000,0.000000,0.000000,0.000000,0.000000,1.000000,0.000000,0.000000,0.000000,0.000000,1.000000;;
  }
 }

 Frame GL {
  

  FrameTransformMatrix {
   1.000000,0.000000,0.000000,0.000000,0.000000,1.000000,0.000000,0.000000,0.000000,0.000000,1.000000,0.000000,0.000001,0.000000,0.000000,1.000000;;
  }
 }

 Frame PA {
  

  FrameTransformMatrix {
   1.000000,0.000000,0.000000,0.000000,0.000000,1.000000,0.000000,0.000000,0.000000,0.000000,1.000000,0.000000,0.000000,0.000000,0.000000,1.000000;;
  }
 }

 Frame CL {
  

  FrameTransformMatrix {
   1.000000,0.000000,0.000000,0.000000,0.000000,1.000000,0.000000,0.000000,0.000000,0.000000,1.000000,0.000000,0.000000,0.000000,0.000000,1.000000;;
  }
 }
}

Frame PA_D_CL_ {
 

 FrameTransformMatrix {
  0.393701,0.000000,0.000000,0.000000,0.000000,-0.000000,-0.393701,0.000000,0.000000,0.393701,-0.000000,0.000000,0.000000,0.000000,0.000000,1.000000;;
 }

 Mesh PA_D_CL_ {
  449;
  -12.324274;-5.158338;45.691907;,
  -15.397062;-11.510358;35.938374;,
  -19.365315;-7.872018;36.157466;,
  -10.970817;-12.844165;37.095635;,
  -6.626713;-11.459931;45.461309;,
  -8.341260;-12.743031;40.500621;,
  -6.460498;-10.065667;51.362282;,
  -6.333496;-10.751959;48.726323;,
  -10.153001;-7.053382;53.201142;,
  -12.475202;-4.008779;53.603587;,
  -13.951080;-1.921196;45.493405;,
  -13.966317;-0.589238;53.498925;,
  -21.630984;-3.972008;36.031952;,
  -14.259928;1.959776;44.865914;,
  -14.310189;3.361860;52.970106;,
  -22.012022;0.169019;35.392499;,
  -12.941607;7.239529;51.803037;,
  -20.813898;3.929457;34.267322;,
  -13.425774;5.273941;44.077846;,
  -10.318797;10.107762;50.316285;,
  -6.890133;12.313855;48.075600;,
  -6.429284;12.186461;44.239792;,
  -7.160895;11.746616;40.280304;,
  -9.632730;10.956766;35.453194;,
  -13.594126;9.564380;33.087021;,
  -17.649226;7.739235;32.902950;,
  -7.543827;8.308853;46.204749;,
  -2.604650;8.641194;47.637299;,
  -5.438836;7.459543;50.019482;,
  -4.605550;10.609237;44.776931;,
  -0.682547;9.261672;46.341136;,
  -3.338317;10.584071;43.738269;,
  -0.098843;10.365125;45.036790;,
  -0.160255;10.430181;42.046333;,
  -2.614336;10.469046;42.090256;,
  -2.497281;10.448444;40.882656;,
  -0.502557;10.297409;40.484886;,
  -1.575053;10.287525;39.174166;,
  -2.553488;10.198292;39.932157;,
  -3.055047;10.307486;38.768822;,
  2.624338;8.637661;47.641091;,
  7.562834;8.298650;46.215699;,
  5.454611;7.452186;50.027379;,
  4.631518;10.602998;44.783629;,
  0.704301;9.260737;46.342141;,
  3.364427;10.579544;43.743126;,
  0.124061;10.364974;45.036954;,
  0.186270;10.429946;42.046586;,
  2.640450;10.465496;42.094067;,
  2.523582;10.445053;40.886294;,
  0.528505;10.296713;40.485629;,
  1.601237;10.285379;39.176467;,
  2.579256;10.194825;39.935875;,
  3.081368;10.303340;38.773270;,
  -4.428060;-11.676477;21.813350;,
  -8.853450;-8.534719;28.289939;,
  -8.853691;-10.187804;21.811027;,
  -4.428214;-10.023273;28.292589;,
  -0.002162;-11.679521;21.815755;,
  -8.854046;-8.325653;34.253331;,
  -0.002638;-10.026291;28.295312;,
  -4.429515;-9.814020;34.256467;,
  -0.004420;-9.817008;34.259667;,
  -4.434486;-9.604943;38.827264;,
  -8.857757;-8.116546;38.824125;,
  -8.859848;-7.912734;43.501405;,
  -0.008141;-9.607704;38.829680;,
  -4.436900;-9.401146;43.504544;,
  -0.010823;-9.404163;43.507651;,
  -4.437629;-8.053766;48.602672;,
  -8.860414;-6.195498;48.599555;,
  -4.435888;-5.178367;53.814067;,
  -8.857761;-2.950236;53.810931;,
  -0.012535;-8.056755;48.605882;,
  -0.010794;-5.181356;53.817267;,
  4.414300;-5.184344;53.820480;,
  8.839966;-6.207451;48.612381;,
  8.842619;-2.962191;53.823763;,
  4.412560;-8.059744;48.609085;,
  8.840205;-7.924687;43.514234;,
  4.414246;-9.407122;43.510963;,
  -0.008141;-9.607704;38.829680;,
  4.416695;-9.610920;38.833680;,
  8.842331;-8.128498;38.836957;,
  8.846331;-8.337605;34.266160;,
  4.420674;-9.819996;34.262880;,
  -0.002638;-10.026291;28.295312;,
  4.422938;-10.029316;28.298042;,
  8.848859;-8.546806;28.300845;,
  4.423735;-11.682565;21.818163;,
  8.849901;-10.199982;21.820648;,
  -8.849460;8.766522;28.290826;,
  -4.424048;10.509107;21.274467;,
  -8.850214;9.026523;21.271984;,
  -4.423540;10.249027;28.293629;,
  0.001851;10.506063;21.276872;,
  -8.847748;8.719046;34.768691;,
  0.002037;10.246006;28.296355;,
  -4.420054;10.199853;34.772099;,
  -8.839298;8.715613;42.348307;,
  0.003161;10.198307;34.775184;,
  -4.413414;10.198069;42.351510;,
  0.012647;10.195071;42.354682;,
  0.012133;10.110891;46.203744;,
  -4.605614;9.620396;46.159571;,
  -8.840430;8.471473;46.094758;,
  -4.831164;8.338857;50.588451;,
  -8.842096;7.610691;50.218243;,
  0.010762;9.446620;50.224726;,
  4.427748;10.503018;21.279278;,
  8.852848;8.754434;28.301734;,
  8.853380;9.014347;21.281605;,
  4.427614;10.242984;28.299082;,
  0.001851;10.506063;21.276872;,
  8.852634;8.707094;34.781520;,
  0.002037;10.246006;28.296355;,
  4.430136;10.193878;34.778518;,
  8.860289;8.703658;42.361142;,
  0.003161;10.198307;34.775184;,
  4.438709;10.192090;42.357926;,
  0.012647;10.195071;42.354682;,
  4.630796;9.603554;46.213242;,
  0.010762;9.446620;50.224726;,
  8.859773;8.446794;46.197402;,
  4.849371;8.332318;50.595472;,
  8.858283;7.598736;50.231078;,
  20.912693;3.901276;34.297581;,
  13.709502;9.545939;33.106822;,
  17.759342;7.715322;32.928627;,
  13.526485;5.255738;44.097392;,
  9.751668;10.943674;35.467258;,
  7.281142;11.736862;40.290784;,
  6.550001;12.177696;44.249210;,
  7.010437;12.304469;48.085696;,
  10.432248;10.093747;50.331344;,
  13.046441;7.221978;51.821891;,
  14.350874;1.940453;44.886662;,
  14.403547;3.342467;52.990938;,
  22.099691;0.139226;35.424483;,
  14.048120;-0.608159;53.519248;,
  21.706526;-4.001278;36.063376;,
  14.030654;-1.940095;45.513696;,
  12.547081;-4.025680;53.621747;,
  19.429538;-7.898221;36.185597;,
  12.394432;-5.175033;45.709830;,
  10.216144;-7.067140;53.215923;,
  15.450798;-11.531194;35.960742;,
  6.515296;-10.074432;51.371706;,
  11.020459;-12.859020;37.111587;,
  6.678672;-11.468919;45.470963;,
  6.386842;-10.760551;48.735562;,
  8.390509;-12.754334;40.512762;,
  -11.949837;10.180927;44.841798;,
  -13.020357;9.928234;42.044458;,
  -18.267443;12.944126;45.240182;,
  -14.409562;8.686113;41.905155;,
  -12.950721;8.987624;46.407155;,
  -15.681046;7.297858;43.443024;,
  -14.508253;7.202370;46.027430;,
  12.064611;10.164708;44.859216;,
  18.390126;12.919370;45.266765;,
  13.134965;9.910569;42.063427;,
  13.061716;8.970055;46.426019;,
  14.520598;8.666574;41.926141;,
  14.614150;7.182702;46.048554;,
  15.787744;7.276605;43.465843;,
  -11.242270;-8.431733;48.265462;,
  -17.219040;-11.643258;49.068906;,
  -11.979513;-9.101878;45.545994;,
  -13.389937;-8.101095;44.973949;,
  -12.485728;-6.947830;49.329437;,
  -14.900613;-6.468902;45.933667;,
  -14.095773;-5.516757;48.406528;,
  11.302422;-8.446962;48.281821;,
  12.038278;-9.118101;45.563411;,
  17.269712;-11.666554;49.093923;,
  13.451712;-8.119226;44.993414;,
  12.549961;-6.964739;49.347603;,
  14.966920;-6.489075;45.955325;,
  14.164338;-5.535844;48.427027;,
  1.930001;11.315195;39.551322;,
  2.579256;10.194825;39.935875;,
  3.081368;10.303340;38.773270;,
  1.601237;10.285379;39.176467;,
  2.114950;11.467066;40.827542;,
  2.523582;10.445053;40.886294;,
  1.192439;11.826898;40.721882;,
  0.467113;11.158547;40.645357;,
  0.528505;10.296713;40.485629;,
  0.186270;10.429946;42.046586;,
  -0.051396;11.409632;41.940250;,
  0.809672;12.363772;42.289283;,
  -0.045522;11.374644;45.680435;,
  0.124061;10.364974;45.036954;,
  0.704301;9.260737;46.342141;,
  0.539571;10.954484;47.088765;,
  2.624338;8.637661;47.641091;,
  2.387057;10.353489;49.144179;,
  5.454611;7.452186;50.027379;,
  1.398840;12.609033;46.583702;,
  0.922627;12.586525;45.269926;,
  2.976601;12.416066;44.650781;,
  3.256314;12.317008;48.302285;,
  2.338153;11.945500;42.410326;,
  2.640450;10.465496;42.094067;,
  3.364427;10.579544;43.743126;,
  4.631518;10.602998;44.783629;,
  4.532937;12.115899;46.009629;,
  7.562834;8.298650;46.215699;,
  8.773451;9.955466;47.744944;,
  10.839841;5.678840;47.799414;,
  8.241932;10.353351;49.938915;,
  12.299656;6.693716;49.107578;,
  12.514178;0.772946;49.125958;,
  6.056907;9.107471;51.042218;,
  12.293867;6.972529;51.410934;,
  10.835083;6.278548;52.710547;,
  9.372757;5.284405;51.709309;,
  14.197206;0.907422;50.291779;,
  10.830300;-3.442136;49.602845;,
  14.196440;1.179605;52.596122;,
  12.278548;-4.151288;50.909062;,
  6.242131;-6.121384;49.823907;,
  12.514004;1.319280;53.756915;,
  10.812325;1.189823;53.161770;,
  12.276985;-3.881398;53.213750;,
  10.825308;-2.902820;54.234733;,
  9.369654;-2.168778;53.397482;,
  7.066974;-7.438186;51.230717;,
  -0.012348;-6.517726;49.850074;,
  7.065514;-7.166580;53.537613;,
  -0.014723;-8.055842;51.291283;,
  -7.094594;-7.428621;51.220454;,
  -6.265639;-6.112936;49.814842;,
  -0.014563;-7.782530;53.604157;,
  -12.296557;-4.134689;50.891251;,
  -10.845992;-3.427496;49.587133;,
  -7.092816;-7.157018;53.527350;,
  -12.294682;-3.864802;53.195939;,
  -14.200430;0.926602;50.271194;,
  -12.517557;0.789852;49.107811;,
  -14.199342;1.198784;52.575542;,
  -12.285878;6.710321;49.089757;,
  -10.828739;5.693475;47.783712;,
  -12.279750;6.989126;51.393126;,
  -8.749952;9.967301;47.732243;,
  -7.543827;8.308853;46.204749;,
  -8.217729;10.364469;49.926979;,
  -4.502834;12.122002;46.003078;,
  -4.605550;10.609237;44.776931;,
  -6.036542;9.115638;51.033446;,
  -3.226099;12.321386;48.297581;,
  -2.945356;12.420065;44.646483;,
  -3.338317;10.584071;43.738269;,
  -1.367432;12.610901;46.581696;,
  -2.362704;10.356696;49.140739;,
  -0.891018;12.587750;45.268608;,
  -5.438836;7.459543;50.019482;,
  -2.604650;8.641194;47.637299;,
  -10.823243;6.293177;52.694848;,
  -9.363598;5.297059;51.695725;,
  -12.516741;1.336186;53.738778;,
  -10.815321;1.204431;53.146096;,
  -10.840381;-2.888186;54.219027;,
  -9.382432;-2.156113;53.383888;,
  -6.260947;-5.567671;54.446784;,
  -5.440036;-4.232014;53.423469;,
  -0.012027;-5.970040;54.482560;,
  -0.009681;-4.427380;53.389901;,
  5.421244;-4.239350;53.431341;,
  6.238063;-5.576113;54.455846;,
  -0.513062;10.955194;47.088000;,
  -0.682547;9.261672;46.341136;,
  0.073534;11.374563;45.680518;,
  -0.098843;10.365125;45.036790;,
  -0.160255;10.430181;42.046333;,
  -0.778102;12.364844;42.288131;,
  0.080271;11.409542;41.940346;,
  -0.438701;11.159158;40.644694;,
  -0.502557;10.297409;40.484886;,
  -1.575053;10.287525;39.174166;,
  -1.162105;11.828490;40.720170;,
  -1.900910;11.317782;39.548547;,
  -3.055047;10.307486;38.768822;,
  -2.553488;10.198292;39.932157;,
  -2.085678;11.469902;40.824502;,
  -2.497281;10.448444;40.882656;,
  -2.307816;11.948638;42.406960;,
  -2.614336;10.469046;42.090256;,
  -6.626713;-11.459931;45.461309;,
  -10.358936;-13.527677;41.542675;,
  -8.341260;-12.743031;40.500621;,
  -10.970817;-12.844165;37.095635;,
  -8.734987;-12.394049;46.118019;,
  -6.333496;-10.751959;48.726323;,
  -12.445073;-13.835064;39.165405;,
  -8.437399;-11.833750;48.901814;,
  -6.460498;-10.065667;51.362282;,
  -11.159787;-11.048872;46.178986;,
  -13.068112;-12.090097;40.689814;,
  -16.369371;-12.301628;37.934301;,
  -15.397062;-11.510358;35.938374;,
  -20.146797;-8.650598;38.342515;,
  -19.365315;-7.872018;36.157466;,
  -15.372806;-11.056816;39.796109;,
  -14.650347;-10.063440;39.767091;,
  -18.982214;-8.027738;40.106259;,
  -22.879466;-4.063301;38.257850;,
  -21.630984;-3.972008;36.031952;,
  -22.012022;0.169019;35.392499;,
  -23.851173;0.512916;37.702470;,
  -20.813898;3.929457;34.267322;,
  -22.226499;5.247763;36.109715;,
  -17.649226;7.739235;32.902950;,
  -22.317186;1.054388;39.836051;,
  -18.827770;8.963370;34.476051;,
  -13.594126;9.564380;33.087021;,
  -20.995242;5.526175;38.278912;,
  -14.813957;11.152950;34.432048;,
  -9.632730;10.956766;35.453194;,
  -17.982432;8.957434;36.927418;,
  -11.347818;12.462826;36.672432;,
  -7.160895;11.746616;40.280304;,
  -14.450139;10.815080;37.240864;,
  -9.045406;12.933058;40.750998;,
  -6.429284;12.186461;44.239792;,
  -11.495351;11.754613;41.708016;,
  -8.259566;13.502581;44.544544;,
  -6.890133;12.313855;48.075600;,
  -8.608062;13.661920;47.739098;,
  -10.318797;10.107762;50.316285;,
  -10.858655;11.936469;45.856045;,
  -12.167593;11.336802;49.862483;,
  -12.941607;7.239529;51.803037;,
  -15.032066;7.903392;51.346256;,
  -14.310189;3.361860;52.970106;,
  -13.144725;10.415862;47.626467;,
  -12.721766;9.467982;46.786048;,
  -15.898416;7.152165;49.005555;,
  -15.256742;6.485145;48.187082;,
  -14.379843;8.682183;42.434202;,
  -16.649738;5.724345;43.607955;,
  -16.839811;7.974729;37.384051;,
  -19.251082;4.928738;38.267174;,
  -17.810280;1.794587;44.716026;,
  -20.135005;0.901983;39.385379;,
  -21.351014;-3.657919;40.184784;,
  -19.462514;-3.171980;39.938390;,
  -17.465150;-7.174056;39.919158;,
  -15.859827;-6.288139;45.998330;,
  -17.492891;-2.355423;45.569571;,
  -16.001283;2.670491;49.356528;,
  -15.728634;-1.404987;50.107776;,
  -16.917674;2.766229;50.156102;,
  -16.536352;-1.553362;50.914157;,
  -16.298643;3.375410;52.544451;,
  -16.009293;-1.148780;53.283210;,
  -13.966317;-0.589238;53.498925;,
  -12.475202;-4.008779;53.603587;,
  -14.765269;-5.508555;51.298253;,
  -14.388819;-5.061285;53.500003;,
  -11.928632;-8.146026;53.109814;,
  -10.153001;-7.053382;53.201142;,
  -12.405373;-8.538818;51.141994;,
  -14.472557;-5.269796;50.489418;,
  -12.070164;-8.502755;50.144429;,
  -10.797944;-10.533729;49.826659;,
  -13.207534;-9.088170;46.088038;,
  -8.437719;-11.292166;50.990272;,
  10.405696;-13.541704;41.557734;,
  6.678672;-11.468919;45.470963;,
  8.390509;-12.754334;40.512762;,
  11.020459;-12.859020;37.111587;,
  8.784102;-12.405884;46.130726;,
  6.386842;-10.760551;48.735562;,
  12.491422;-13.851909;39.183491;,
  8.487573;-11.845183;48.914099;,
  6.515296;-10.074432;51.371706;,
  16.420405;-12.323777;37.958077;,
  15.450798;-11.531194;35.960742;,
  13.119205;-12.107786;40.708810;,
  20.208318;-8.677854;38.371776;,
  19.429538;-7.898221;36.185597;,
  15.427070;-11.077619;39.818445;,
  11.212781;-11.063984;46.195213;,
  14.707496;-10.083270;39.788381;,
  19.045182;-8.053424;40.133834;,
  13.266224;-9.106052;46.107242;,
  22.954286;-4.094257;38.291085;,
  21.706526;-4.001278;36.063376;,
  22.099691;0.139226;35.424483;,
  23.939365;0.480638;37.737120;,
  20.912693;3.901276;34.297581;,
  22.328738;5.217671;36.142022;,
  17.759342;7.715322;32.928627;,
  22.406515;1.024182;39.868480;,
  21.426622;-3.686811;40.215805;,
  21.097845;5.497746;38.309434;,
  17.530634;-7.197693;39.944538;,
  20.223987;0.874725;39.414646;,
  19.539581;-3.198322;39.966672;,
  15.926643;-6.309609;46.021376;,
  17.900770;1.770468;44.741923;,
  12.129727;-8.519101;50.161990;,
  17.571184;-2.379105;45.595002;,
  15.808760;-1.426288;50.130656;,
  16.093368;2.648815;49.379811;,
  14.541411;-5.289393;50.510467;,
  16.615883;-1.575753;50.938205;,
  12.464627;-8.555618;51.160042;,
  14.833267;-5.528546;51.319725;,
  10.851690;-10.548352;49.842374;,
  8.489034;-11.303600;51.002560;,
  10.216144;-7.067140;53.215923;,
  11.988626;-8.162181;53.127171;,
  12.547081;-4.025680;53.621747;,
  14.457666;-5.080768;53.520931;,
  16.089515;-1.170460;53.306499;,
  14.048120;-0.608159;53.519248;,
  14.403547;3.342467;52.990938;,
  17.009874;2.743315;50.180714;,
  16.392122;3.353332;52.568166;,
  15.138910;7.883016;51.368144;,
  13.046441;7.221978;51.821891;,
  16.003557;7.130619;49.028698;,
  12.284693;11.320288;49.880227;,
  10.432248;10.093747;50.331344;,
  13.259610;10.398028;47.645622;,
  15.360120;6.464468;48.209293;,
  10.978309;11.921721;45.871885;,
  12.834077;9.450722;46.804586;,
  16.751843;5.701786;43.632179;,
  19.351962;4.902666;38.295165;,
  14.490760;8.662685;42.455136;,
  16.949701;7.951909;37.408554;,
  11.615321;11.739004;41.724778;,
  18.095259;8.933068;36.953578;,
  14.568293;10.795481;37.261910;,
  18.941112;8.937861;34.503437;,
  13.709502;9.545939;33.106822;,
  14.933661;11.132859;34.453626;,
  9.751668;10.943674;35.467258;,
  11.470866;12.447418;36.688982;,
  7.281142;11.736862;40.290784;,
  9.168992;12.920758;40.764214;,
  6.550001;12.177696;44.249210;,
  8.384030;13.491342;44.556618;,
  7.010437;12.304469;48.085696;,
  8.732339;13.650210;47.751680;;
  634;
  3;0,1,2;,
  3;1,0,3;,
  3;3,4,5;,
  3;4,3,0;,
  3;4,6,7;,
  3;6,4,0;,
  3;0,8,6;,
  3;8,0,9;,
  3;10,9,0;,
  3;2,10,0;,
  3;9,10,11;,
  3;10,2,12;,
  3;13,11,10;,
  3;12,13,10;,
  3;11,13,14;,
  3;13,12,15;,
  3;13,16,14;,
  3;17,13,15;,
  3;16,13,18;,
  3;13,17,18;,
  3;18,19,16;,
  3;19,18,20;,
  3;18,21,20;,
  3;21,18,22;,
  3;18,23,22;,
  3;23,18,24;,
  3;17,24,18;,
  3;24,17,25;,
  3;26,27,28;,
  3;27,26,29;,
  3;27,29,30;,
  3;31,30,29;,
  3;30,31,32;,
  3;31,33,32;,
  3;33,31,34;,
  3;35,33,34;,
  3;33,35,36;,
  3;35,37,36;,
  3;37,35,38;,
  3;39,37,38;,
  3;40,41,42;,
  3;41,40,43;,
  3;44,43,40;,
  3;44,45,43;,
  3;45,44,46;,
  3;47,45,46;,
  3;45,47,48;,
  3;47,49,48;,
  3;49,47,50;,
  3;51,49,50;,
  3;49,51,52;,
  3;51,53,52;,
  3;54,55,56;,
  3;55,54,57;,
  3;58,57,54;,
  3;57,59,55;,
  3;57,58,60;,
  3;60,61,57;,
  3;59,57,61;,
  3;61,60,62;,
  3;63,59,61;,
  3;59,63,64;,
  3;63,65,64;,
  3;61,66,63;,
  3;66,61,62;,
  3;66,67,63;,
  3;65,63,67;,
  3;67,66,68;,
  3;69,65,67;,
  3;65,69,70;,
  3;70,71,72;,
  3;71,70,69;,
  3;67,73,69;,
  3;73,71,69;,
  3;73,67,68;,
  3;71,73,74;,
  3;73,75,74;,
  3;75,76,77;,
  3;76,75,78;,
  3;75,73,78;,
  3;78,79,76;,
  3;73,80,78;,
  3;79,78,80;,
  3;80,73,68;,
  3;81,80,68;,
  3;82,79,80;,
  3;80,81,82;,
  3;79,82,83;,
  3;82,84,83;,
  3;81,85,82;,
  3;84,82,85;,
  3;85,81,62;,
  3;86,85,62;,
  3;87,84,85;,
  3;85,86,87;,
  3;58,87,86;,
  3;84,87,88;,
  3;87,58,89;,
  3;89,88,87;,
  3;88,89,90;,
  3;91,92,93;,
  3;92,91,94;,
  3;94,95,92;,
  3;96,94,91;,
  3;95,94,97;,
  3;94,96,98;,
  3;98,97,94;,
  3;99,98,96;,
  3;97,98,100;,
  3;101,100,98;,
  3;98,99,101;,
  3;100,101,102;,
  3;101,103,102;,
  3;99,104,101;,
  3;103,101,104;,
  3;104,99,105;,
  3;106,105,107;,
  3;105,106,104;,
  3;108,104,106;,
  3;104,108,103;,
  3;109,110,111;,
  3;110,109,112;,
  3;113,112,109;,
  3;112,114,110;,
  3;112,113,115;,
  3;114,112,116;,
  3;115,116,112;,
  3;116,117,114;,
  3;116,115,118;,
  3;118,119,116;,
  3;117,116,119;,
  3;119,118,120;,
  3;103,119,120;,
  3;121,117,119;,
  3;119,103,121;,
  3;122,121,103;,
  3;117,121,123;,
  3;121,122,124;,
  3;124,123,121;,
  3;123,124,125;,
  3;126,127,128;,
  3;127,126,129;,
  3;129,130,127;,
  3;130,129,131;,
  3;129,132,131;,
  3;132,129,133;,
  3;129,134,133;,
  3;134,129,135;,
  3;136,135,129;,
  3;126,136,129;,
  3;135,136,137;,
  3;136,126,138;,
  3;136,139,137;,
  3;140,136,138;,
  3;139,136,141;,
  3;136,140,141;,
  3;141,142,139;,
  3;143,141,140;,
  3;142,141,144;,
  3;141,143,144;,
  3;144,145,142;,
  3;146,144,143;,
  3;145,144,147;,
  3;144,146,148;,
  3;149,147,144;,
  3;148,149,144;,
  3;147,149,150;,
  3;149,148,151;,
  3;152,153,154;,
  3;153,155,154;,
  3;156,152,154;,
  3;155,157,154;,
  3;158,156,154;,
  3;157,158,154;,
  3;159,160,161;,
  3;162,160,159;,
  3;161,160,163;,
  3;164,160,162;,
  3;163,160,165;,
  3;165,160,164;,
  3;166,167,168;,
  3;168,167,169;,
  3;170,167,166;,
  3;169,167,171;,
  3;172,167,170;,
  3;171,167,172;,
  3;173,174,175;,
  3;174,176,175;,
  3;177,173,175;,
  3;176,178,175;,
  3;179,177,175;,
  3;178,179,175;,
  3;180,181,182;,
  3;183,180,182;,
  3;180,184,181;,
  3;184,185,181;,
  3;183,186,180;,
  3;184,180,186;,
  3;186,183,187;,
  3;188,187,183;,
  3;189,187,188;,
  3;190,186,187;,
  3;187,189,190;,
  3;186,190,191;,
  3;191,184,186;,
  3;189,192,190;,
  3;192,191,190;,
  3;192,189,193;,
  3;194,192,193;,
  3;192,194,195;,
  3;196,195,194;,
  3;195,196,197;,
  3;198,197,196;,
