xof 0303txt 0032
template ColorRGBA {
 <35ff44e0-6c7c-11cf-8f52-0040333594a3>
 FLOAT red;
 FLOAT green;
 FLOAT blue;
 FLOAT alpha;
}

template ColorRGB {
 <d3e16e81-7835-11cf-8f52-0040333594a3>
 FLOAT red;
 FLOAT green;
 FLOAT blue;
}

template Material {
 <3d82ab4d-62da-11cf-ab39-0020af71e433>
 ColorRGBA faceColor;
 FLOAT power;
 ColorRGB specularColor;
 ColorRGB emissiveColor;
 [...]
}

template TextureFilename {
 <a42790e1-7810-11cf-8f52-0040333594a3>
 STRING filename;
}

template Frame {
 <3d82ab46-62da-11cf-ab39-0020af71e433>
 [...]
}

template Matrix4x4 {
 <f6f23f45-7686-11cf-8f52-0040333594a3>
 array FLOAT matrix[16];
}

template FrameTransformMatrix {
 <f6f23f41-7686-11cf-8f52-0040333594a3>
 Matrix4x4 frameMatrix;
}

template Vector {
 <3d82ab5e-62da-11cf-ab39-0020af71e433>
 FLOAT x;
 FLOAT y;
 FLOAT z;
}

template MeshFace {
 <3d82ab5f-62da-11cf-ab39-0020af71e433>
 DWORD nFaceVertexIndices;
 array DWORD faceVertexIndices[nFaceVertexIndices];
}

template Mesh {
 <3d82ab44-62da-11cf-ab39-0020af71e433>
 DWORD nVertices;
 array Vector vertices[nVertices];
 DWORD nFaces;
 array MeshFace faces[nFaces];
 [...]
}

template MeshNormals {
 <f6f23f43-7686-11cf-8f52-0040333594a3>
 DWORD nNormals;
 array Vector normals[nNormals];
 DWORD nFaceNormals;
 array MeshFace faceNormals[nFaceNormals];
}

template MeshMaterialList {
 <f6f23f42-7686-11cf-8f52-0040333594a3>
 DWORD nMaterials;
 DWORD nFaceIndexes;
 array DWORD faceIndexes[nFaceIndexes];
 [Material <3d82ab4d-62da-11cf-ab39-0020af71e433>]
}

template Coords2d {
 <f6f23f44-7686-11cf-8f52-0040333594a3>
 FLOAT u;
 FLOAT v;
}

template MeshTextureCoords {
 <f6f23f40-7686-11cf-8f52-0040333594a3>
 DWORD nTextureCoords;
 array Coords2d textureCoords[nTextureCoords];
}

template XSkinMeshHeader {
 <3cf169ce-ff7c-44ab-93c0-f78f62d172e2>
 WORD nMaxSkinWeightsPerVertex;
 WORD nMaxSkinWeightsPerFace;
 WORD nBones;
}

template SkinWeights {
 <6f0d123b-bad2-4167-a0d0-80224f25fabb>
 STRING transformNodeName;
 DWORD nWeights;
 array DWORD vertexIndices[nWeights];
 array FLOAT weights[nWeights];
 Matrix4x4 matrixOffset;
}

template AnimTicksPerSecond {
 <9e415a43-7ba6-4a73-8743-b73d47e88476>
 DWORD AnimTicksPerSecond;
}

template Animation {
 <3d82ab4f-62da-11cf-ab39-0020af71e433>
 [...]
}

template AnimationSet {
 <3d82ab50-62da-11cf-ab39-0020af71e433>
 [Animation <3d82ab4f-62da-11cf-ab39-0020af71e433>]
}

template FloatKeys {
 <10dd46a9-775b-11cf-8f52-0040333594a3>
 DWORD nValues;
 array FLOAT values[nValues];
}

template TimedFloatKeys {
 <f406b180-7b3b-11cf-8f52-0040333594a3>
 DWORD time;
 FloatKeys tfkeys;
}

template AnimationKey {
 <10dd46a8-775b-11cf-8f52-0040333594a3>
 DWORD keyType;
 DWORD nKeys;
 array TimedFloatKeys keys[nKeys];
}


Material Material__28 {
 1.000000;1.000000;1.000000;1.000000;;
 10.000000;
 0.000000;0.000000;0.000000;;
 0.000000;0.000000;0.000000;;

 TextureFilename {
  "11500001_m_basicsportwearpants_d.dds";
 }
}

Material Material__29 {
 1.000000;1.000000;1.000000;1.000000;;
 10.000000;
 0.000000;0.000000;0.000000;;
 0.000000;0.000000;0.000000;;

 TextureFilename {
  "11500001_m_basicsportwearpants_d.dds";
 }
}

Frame Scene_Root {
 

 FrameTransformMatrix {
  0.393701,0.000000,0.000000,0.000000,0.000000,-0.000000,-0.393701,0.000000,0.000000,0.393701,-0.000000,0.000000,0.000000,0.000000,0.000000,1.000000;;
 }

 Frame Bip01 {
  

  FrameTransformMatrix {
   0.000001,0.997564,-0.069757,0.000000,-1.000000,0.000001,-0.000000,0.000000,0.000000,0.069757,0.997564,0.000000,0.000000,1.527915,43.145398,1.000000;;
  }

  Frame Bip01_Footsteps {
   

   FrameTransformMatrix {
    0.000002,-1.000000,0.000000,0.000000,0.997564,0.000002,0.069757,0.000000,-0.069757,-0.000000,0.997564,0.000000,2.991024,0.000004,-42.773021,1.000000;;
   }
  }

  Frame Bip01_Pelvis {
   

   FrameTransformMatrix {
    0.000001,-0.000000,1.000000,0.000000,-1.000000,0.000001,0.000001,0.000000,-0.000001,-1.000000,-0.000000,0.000000,0.000000,0.000000,0.000000,1.000000;;
   }

   Frame Bip01_Spine {
    

    FrameTransformMatrix {
     0.999999,-0.001017,0.000001,0.000000,0.001017,0.999999,0.000004,0.000000,-0.000001,-0.000004,1.000000,0.000000,3.648819,0.087648,0.000006,1.000000;;
    }

    Frame Bip01_Spine1 {
     

     FrameTransformMatrix {
      0.993338,0.115232,-0.000000,0.000000,-0.115232,0.993339,0.000000,0.000000,0.000000,-0.000000,1.000000,0.000000,8.606411,0.007721,-0.000000,1.000000;;
     }

     Frame Bip01_Spine2 {
      

      FrameTransformMatrix {
       0.993176,0.116629,-0.000000,0.000000,-0.116629,0.993176,0.000000,0.000000,0.000000,-0.000000,1.000000,0.000000,9.761890,0.009832,-0.000000,1.000000;;
      }

      Frame Bip01_Neck {
       

       FrameTransformMatrix {
        0.967538,-0.252726,0.000001,0.000000,0.252726,0.967538,0.000000,0.000000,-0.000001,0.000000,1.000000,0.000000,12.207958,-0.363331,0.000003,1.000000;;
       }

       Frame Bip01_Head {
        

        FrameTransformMatrix {
         0.995689,0.092758,-0.000000,0.000000,-0.092758,0.995689,0.000000,0.000000,0.000000,-0.000000,1.000000,0.000000,3.164185,0.777052,-0.000000,1.000000;;
        }

        Frame Bip01_HeadNub {
         

         FrameTransformMatrix {
          1.000000,0.000000,-0.000000,0.000000,-0.000000,1.000000,0.000000,0.000000,0.000000,-0.000000,1.000000,0.000000,54.433946,0.000000,-0.000001,1.000000;;
         }
        }

        Frame Tail_Point02 {
         

         FrameTransformMatrix {
          0.000001,-0.000000,1.000000,0.000000,-0.999999,-0.001053,0.000001,0.000000,0.001053,-0.999999,-0.000000,0.000000,19.123314,-15.099806,19.392765,1.000000;;
         }
        }

        Frame Tail_Point01 {
         

         FrameTransformMatrix {
          0.000001,-0.000000,1.000000,0.000000,-0.999999,-0.001053,0.000001,0.000000,0.001053,-0.999999,-0.000000,0.000000,12.513458,-23.171248,4.274388,1.000000;;
         }
        }

        Frame Tail_Point04 {
         

         FrameTransformMatrix {
          0.000001,-0.000000,1.000000,0.000000,-0.999999,-0.001053,0.000001,0.000000,0.001053,-0.999999,-0.000000,0.000000,19.123826,-15.099858,-19.392976,1.000000;;
         }
        }

        Frame Tail_Point03 {
         

         FrameTransformMatrix {
          0.000001,-0.000000,1.000000,0.000000,-0.999999,-0.001053,0.000001,0.000000,0.001053,-0.999999,-0.000000,0.000000,12.513306,-23.171253,-4.273966,1.000000;;
         }
        }

        Frame Tail_Point05 {
         

         FrameTransformMatrix {
          0.000001,-0.000000,1.000000,0.000000,-0.999999,-0.001053,0.000001,0.000000,0.001053,-0.999999,-0.000000,0.000000,18.363640,-22.216832,9.580283,1.000000;;
         }
        }

        Frame Tail_Point06 {
         

         FrameTransformMatrix {
          0.000001,-0.000000,1.000000,0.000000,-0.999999,-0.001053,0.000001,0.000000,0.001053,-0.999999,-0.000000,0.000000,8.652519,-18.881099,13.965819,1.000000;;
         }
        }

        Frame Tail_Point07 {
         

         FrameTransformMatrix {
          0.000001,-0.000000,1.000000,0.000000,-0.999999,-0.001053,0.000001,0.000000,0.001053,-0.999999,-0.000000,0.000000,9.050385,-18.880720,-14.099008,1.000000;;
         }
        }

        Frame Tail_Point08 {
         

         FrameTransformMatrix {
          0.000001,-0.000000,1.000000,0.000000,-0.999999,-0.001053,0.000001,0.000000,0.001053,-0.999999,-0.000000,0.000000,18.363624,-22.216854,-9.579964,1.000000;;
         }
        }
       }

       Frame Bip01_L_Clavicle {
        

        FrameTransformMatrix {
         -0.352692,0.012017,0.935662,0.000000,0.252031,-0.961746,0.107353,0.000000,0.901159,0.273679,0.336172,0.000000,-2.653053,0.600207,3.128576,1.000000;;
        }

        Frame Bip01_L_UpperArm {
         

         FrameTransformMatrix {
          0.866962,-0.069581,-0.493494,0.000000,-0.053550,0.971468,-0.231048,0.000000,0.495490,0.226737,0.838499,0.000000,7.154713,-0.000003,-0.000000,1.000000;;
         }

         Frame Bip01_L_Forearm {
          

          FrameTransformMatrix {
           0.999999,0.001452,0.000000,0.000000,-0.001452,0.999999,-0.000000,0.000000,0.000000,0.000000,1.000000,0.000000,16.099011,0.000001,0.000000,1.000000;;
          }

          Frame Bip01_L_Hand {
           

           FrameTransformMatrix {
            0.999148,-0.032013,0.026073,0.000000,-0.027134,-0.033162,0.999081,0.000000,-0.031119,-0.998937,-0.034003,0.000000,12.943914,0.000001,0.000000,1.000000;;
           }

           Frame Weapon_Hand_L_Point {
            

            FrameTransformMatrix {
             0.031765,-0.100533,0.994426,0.000000,0.997954,-0.052046,-0.037140,0.000000,0.055490,0.993571,0.098674,0.000000,11.053602,-2.077034,-0.434262,1.000000;;
            }
           }
          }
         }
        }
       }

       Frame Bip01_R_Clavicle {
        

        FrameTransformMatrix {
         -0.352692,0.012011,-0.935662,0.000000,0.252031,-0.961747,-0.107348,0.000000,-0.901159,-0.273677,0.336173,0.000000,-2.653076,0.600190,-3.128585,1.000000;;
        }

        Frame Bip01_R_UpperArm {
         

         FrameTransformMatrix {
          0.866961,-0.069581,0.493494,0.000000,-0.053550,0.971467,0.231048,0.000000,-0.495490,-0.226737,0.838499,0.000000,7.154707,0.000002,0.000000,1.000000;;
         }

         Frame Bip01_R_Forearm {
          

          FrameTransformMatrix {
           0.999999,0.001452,-0.000000,0.000000,-0.001452,0.999999,-0.000000,0.000000,0.000000,0.000000,1.000000,0.000000,16.098979,0.000001,0.000000,1.000000;;
          }

          Frame Bip01_R_Hand {
           

           FrameTransformMatrix {
            0.999147,-0.032013,-0.026073,0.000000,-0.027134,-0.033162,-0.999082,0.000000,0.031119,0.998937,-0.034003,0.000000,12.943894,0.000000,-0.000004,1.000000;;
           }

           Frame Weapon_Hand_R_Point {
            

            FrameTransformMatrix {
             -0.066572,0.102286,0.992525,0.000000,0.996238,-0.048502,0.071820,0.000000,0.055485,0.993572,-0.098672,0.000000,11.053575,-2.077053,0.434246,1.000000;;
            }
           }
          }
         }
        }
       }
      }
     }

     Frame Weapon_Back_R_Point {
      

      FrameTransformMatrix {
       -0.126066,-0.986694,0.102681,0.000000,-0.473971,0.150837,0.867525,0.000000,-0.871469,0.060697,-0.486680,0.000000,22.106290,8.777394,-28.850064,1.000000;;
      }
     }

     Frame Weapon_Back_B_Point {
      

      FrameTransformMatrix {
       -0.020807,-0.996061,0.086193,0.000000,0.646766,0.052332,0.760891,0.000000,-0.762405,0.071578,0.643130,0.000000,6.591152,15.335438,3.548436,1.000000;;
      }
     }
    }
   }

   Frame Bip01_L_Thigh {
    

    FrameTransformMatrix {
     -0.996421,0.067699,0.050614,0.000000,0.067412,0.997698,-0.007358,0.000000,-0.050996,-0.003919,-0.998692,0.000000,-0.000008,-0.000013,7.749222,1.000000;;
    }

    Frame Bip01_L_Calf {
     

     FrameTransformMatrix {
      0.999628,0.027315,-0.000000,0.000000,-0.027315,0.999627,-0.000000,0.000000,0.000000,0.000000,1.000001,0.000000,20.567846,0.000000,-0.000001,1.000000;;
     }

     Frame Bip01_L_Foot {
      

      FrameTransformMatrix {
       0.985298,-0.163264,0.050339,0.000000,0.162268,0.986472,0.023295,0.000000,-0.053461,-0.014784,0.998461,0.000000,13.299996,-0.000000,-0.000000,1.000000;;
      }
     }

     Frame L_Calf_Point01 {
      

      FrameTransformMatrix {
       0.985106,-0.164333,0.050615,0.000000,0.163331,0.986295,0.023365,0.000000,-0.053761,-0.014750,0.998446,0.000000,12.278660,-0.074271,-1.656631,1.000000;;
      }
     }
    }
   }

   Frame Bip01_R_Thigh {
    

    FrameTransformMatrix {
     -0.996421,0.067700,-0.050617,0.000000,0.067413,0.997698,0.007361,0.000000,0.050999,0.003922,-0.998691,0.000000,0.000011,0.000009,-7.749222,1.000000;;
    }

    Frame Bip01_R_Calf {
     

     FrameTransformMatrix {
      0.999627,0.027315,-0.000000,0.000000,-0.027315,0.999627,-0.000000,0.000000,0.000000,0.000000,1.000000,0.000000,20.567826,-0.000000,0.000001,1.000000;;
     }

     Frame Bip01_R_Foot {
      

      FrameTransformMatrix {
       0.985298,-0.163264,-0.050339,0.000000,0.162268,0.986472,-0.023295,0.000000,0.053461,0.014784,0.998461,0.000000,13.299989,-0.000001,-0.000000,1.000000;;
      }
     }

     Frame R_Calf_Point01 {
      

      FrameTransformMatrix {
       0.985277,-0.163296,-0.050628,0.000000,0.162299,0.986468,-0.023257,0.000000,0.053740,0.014697,0.998447,0.000000,12.277331,-0.074044,1.630356,1.000000;;
      }
     }
    }
   }

   Frame Weapon_Side_R_Point {
    

    FrameTransformMatrix {
     0.375118,-0.025883,-0.926616,0.000000,-0.398265,0.898148,-0.186316,0.000000,0.837061,0.438930,0.326603,0.000000,4.754982,-9.728017,-14.996736,1.000000;;
    }
   }

   Frame Weapon_Side_L_Point {
    

    FrameTransformMatrix {
     -0.396964,0.013947,-0.917729,0.000000,-0.396286,0.899279,0.185080,0.000000,0.827875,0.437153,-0.351454,0.000000,4.843651,-9.796758,15.171016,1.000000;;
    }
   }
  }

  Frame EFF_Lock_D {
   

   FrameTransformMatrix {
    0.997581,0.000000,0.069521,0.000000,-0.000000,1.000000,0.000000,0.000000,-0.069521,-0.000000,0.997580,0.000000,1.485519,0.000002,-43.146867,1.000000;;
   }
  }

  Frame Move_Link_D {
   

   FrameTransformMatrix {
    0.997564,-0.000000,0.069757,0.000000,0.000000,1.000000,-0.000000,0.000000,-0.069757,0.000000,0.997564,0.000000,0.598068,0.000001,-8.552654,1.000000;;
   }

   Frame EFF_Move_D {
    

    FrameTransformMatrix {
     1.000000,0.000001,-0.000000,0.000000,-0.000001,1.000000,0.000000,0.000000,0.000000,-0.000000,1.000000,0.000000,-1.706174,0.013154,-34.571846,1.000000;;
    }
   }
  }

  Frame SATA9NI_Bone01 {
   

   FrameTransformMatrix {
    0.043110,-0.000337,-0.999070,0.000000,0.999070,-0.000001,0.043110,0.000000,-0.000016,-1.000000,0.000337,0.000000,-1.034301,0.013151,-0.145493,1.000000;;
   }
  }

  Frame SATA9NI_Lock_Dummy01 {
   

   FrameTransformMatrix {
    0.000001,-1.000000,0.000000,0.000000,0.997564,0.000001,0.069757,0.000000,-0.069757,-0.000000,0.997564,0.000000,1.485519,0.000002,-43.146867,1.000000;;
   }
  }

  Frame SATA9NI_Link_Point02 {
   

   FrameTransformMatrix {
    -0.997564,-0.000001,-0.069757,0.000000,0.069757,0.000000,-0.997564,0.000000,0.000001,-1.000000,-0.000000,0.000000,0.647019,0.000002,-39.109933,1.000000;;
   }
  }
 }

 Frame CP {
  

  FrameTransformMatrix {
   1.000000,0.000000,0.000000,0.000000,0.000000,1.000000,0.000000,0.000000,0.000000,0.000000,1.000000,0.000000,0.000000,-0.730835,-0.000000,1.000000;;
  }
 }

 Frame PA {
  

  FrameTransformMatrix {
   1.000000,0.000000,0.000000,0.000000,0.000000,1.000000,0.000000,0.000000,0.000000,0.000000,1.000000,0.000000,0.000000,0.000000,0.000000,1.000000;;
  }
 }

 Frame PA_Skin {
  

  FrameTransformMatrix {
   1.000000,0.000000,0.000000,0.000000,0.000000,1.000000,0.000000,0.000000,0.000000,0.000000,1.000000,0.000000,0.000000,0.000000,0.000000,1.000000;;
  }
 }
}

Frame PA_ {
 

 FrameTransformMatrix {
  0.393701,0.000000,0.000000,0.000000,0.000000,-0.000000,-0.393701,0.000000,0.000000,0.393701,-0.000000,0.000000,0.000000,0.000000,0.000000,1.000000;;
 }

 Mesh PA_ {
  394;
  -11.864136;-6.290077;27.846947;,
  -14.067200;-4.452550;27.895699;,
  -8.768056;-0.387808;28.605805;,
  -14.769507;-1.683828;27.844371;,
  -8.613958;-6.866568;27.704886;,
  -14.699026;1.650082;27.688874;,
  -4.886309;-5.818387;27.527027;,
  -13.245560;4.554921;27.312448;,
  -2.510104;-2.909891;27.270486;,
  -10.131722;6.490570;26.838120;,
  -2.501353;0.564745;26.963562;,
  -5.542066;5.818461;26.682773;,
  -3.592498;3.783854;26.806650;,
  -1.924093;0.706648;27.526854;,
  -3.031348;4.409646;29.743910;,
  -1.842217;0.901463;29.914909;,
  -3.113223;4.214831;27.355856;,
  -2.501353;0.564745;26.963562;,
  -5.155986;6.626958;29.608909;,
  -3.592498;3.783854;26.806650;,
  -5.237862;6.432143;27.220854;,
  -10.157788;7.359422;29.778205;,
  -5.542066;5.818461;26.682773;,
  -10.239664;7.164606;27.390150;,
  -13.551250;5.249956;30.295126;,
  -10.131722;6.490570;26.838120;,
  -13.633125;5.055138;27.907072;,
  -15.135238;2.084262;30.705354;,
  -13.245560;4.554921;27.312448;,
  -15.217114;1.889446;28.317299;,
  -15.212027;-1.548955;30.883802;,
  -14.699026;1.650082;27.688874;,
  -15.293904;-1.743770;28.495747;,
  -14.446674;-4.566381;30.930755;,
  -14.769507;-1.683828;27.844371;,
  -14.528549;-4.761200;28.542701;,
  -12.045774;-6.568918;30.877622;,
  -14.067200;-4.452550;27.895699;,
  -12.127650;-6.763736;28.489568;,
  -8.503732;-7.197178;30.722803;,
  -11.864136;-6.290077;27.846947;,
  -8.585607;-7.391995;28.334749;,
  -4.482492;-6.065284;30.528976;,
  -8.613958;-6.866568;27.704886;,
  -4.564368;-6.260103;28.140922;,
  -1.876404;-2.935860;30.249398;,
  -4.886309;-5.818387;27.527027;,
  -1.958280;-3.130676;27.861344;,
  -1.842217;0.901463;29.914909;,
  -2.510104;-2.909891;27.270486;,
  -1.924093;0.706648;27.526854;,
  -2.501353;0.564745;26.963562;,
  3.031346;4.409646;29.743907;,
  1.924092;0.706648;27.526854;,
  1.842216;0.901463;29.914909;,
  3.113222;4.214830;27.355853;,
  2.501352;0.564745;26.963562;,
  5.155985;6.626958;29.608909;,
  3.592497;3.783854;26.806650;,
  5.237861;6.432142;27.220854;,
  10.157788;7.359422;29.778205;,
  5.542065;5.818460;26.682773;,
  10.239664;7.164606;27.390150;,
  13.551250;5.249956;30.295126;,
  10.131722;6.490570;26.838117;,
  13.633125;5.055138;27.907069;,
  15.135238;2.084263;30.705354;,
  13.245561;4.554921;27.312448;,
  15.217115;1.889447;28.317299;,
  15.212029;-1.548953;30.883802;,
  14.699029;1.650082;27.688874;,
  15.293906;-1.743769;28.495747;,
  14.446677;-4.566379;30.930755;,
  14.769509;-1.683827;27.844371;,
  14.528552;-4.761198;28.542698;,
  12.045776;-6.568916;30.877622;,
  14.067203;-4.452549;27.895699;,
  12.127652;-6.763734;28.489568;,
  8.503734;-7.197175;30.722803;,
  11.864138;-6.290075;27.846947;,
  8.585609;-7.391994;28.334749;,
  4.482492;-6.065283;30.528973;,
  8.613959;-6.866566;27.704883;,
  4.564368;-6.260101;28.140918;,
  1.876403;-2.935859;30.249395;,
  4.886309;-5.818386;27.527027;,
  1.958279;-3.130675;27.861341;,
  1.842216;0.901463;29.914909;,
  2.510103;-2.909890;27.270486;,
  1.924092;0.706648;27.526854;,
  2.501352;0.564745;26.963562;,
  -17.369144;-1.337826;32.536515;,
  -15.135238;2.084262;30.705354;,
  -15.212027;-1.548955;30.883802;,
  -16.799982;2.871098;32.246250;,
  -18.794571;-0.905887;35.271587;,
  -13.551250;5.249956;30.295126;,
  -17.812586;3.513737;34.792080;,
  -18.915797;-0.433685;38.343104;,
  -14.520979;6.351880;31.850291;,
  -10.157788;7.359422;29.778205;,
  -15.318123;7.473016;34.217494;,
  -10.162946;9.009679;31.253469;,
  -4.487977;8.060297;31.089549;,
  -5.155986;6.626958;29.608909;,
  -9.937144;10.259630;33.549123;,
  -1.984315;5.429644;31.104410;,
  -3.031348;4.409646;29.743910;,
  -1.842217;0.901463;29.914909;,
  -0.521375;1.244198;31.177878;,
  0.067106;1.262936;32.835485;,
  -1.367827;5.952727;32.895677;,
  -0.047026;1.281675;34.820653;,
  -4.145736;8.769908;33.083910;,
  -1.430686;5.994130;34.816154;,
  -0.300829;1.259684;36.403549;,
  -9.517198;10.448331;35.895987;,
  -4.255480;8.685202;35.161158;,
  -1.706473;5.843664;36.501786;,
  -0.545485;1.311144;37.188989;,
  -4.453147;8.265595;37.156589;,
  -1.949652;5.776240;37.448096;,
  0.000000;1.334513;37.156502;,
  -4.616424;8.243845;38.062358;,
  0.000000;5.702223;37.385654;,
  -7.818962;9.454767;39.853213;,
  -2.620255;7.975814;37.857555;,
  -0.000000;8.019160;37.812269;,
  1.949652;5.776241;37.448096;,
  0.545485;1.311144;37.188989;,
  1.706472;5.843664;36.501786;,
  0.300828;1.259684;36.403549;,
  1.430684;5.994130;34.816154;,
  0.047024;1.281675;34.820653;,
  4.255478;8.685201;35.161158;,
  1.367824;5.952726;32.895677;,
  -0.067108;1.262936;32.835485;,
  4.145734;8.769907;33.083910;,
  4.453146;8.265595;37.156589;,
  9.517198;10.448330;35.895987;,
  4.616424;8.243846;38.062358;,
  2.620255;7.975814;37.857555;,
  7.818961;9.454767;39.853213;,
  -0.000000;9.511270;39.559018;,
  3.389578;9.350558;39.587152;,
  7.736735;8.779382;43.241379;,
  -3.389579;9.350558;39.587152;,
  3.744320;9.212875;42.771699;,
  -3.744321;9.212875;42.771699;,
  -0.000000;9.768454;42.420630;,
  3.773279;9.037517;46.272147;,
  -0.000001;9.495284;46.053818;,
  7.663614;8.063289;46.695754;,
  -3.773280;9.037517;46.272147;,
  -7.663615;8.063288;46.695754;,
  12.834584;6.359035;44.535424;,
  11.730517;5.595524;47.644090;,
  14.017578;7.147919;41.025901;,
  14.823014;3.672771;45.129238;,
  13.127819;3.411352;48.176973;,
  13.080582;0.908670;48.522477;,
  15.310938;0.579564;45.283203;,
  17.370965;0.112911;41.812144;,
  16.506402;3.932778;41.520554;,
  17.842891;3.928898;37.838672;,
  18.915798;-0.433683;38.343104;,
  15.372184;7.726725;37.167194;,
  17.812587;3.513738;34.792080;,
  18.794573;-0.905885;35.271587;,
  15.318125;7.473016;34.217494;,
  16.799982;2.871099;32.246246;,
  17.369149;-1.337825;32.536512;,
  15.135238;2.084263;30.705354;,
  15.212029;-1.548953;30.883802;,
  13.551250;5.249956;30.295126;,
  14.520981;6.351880;31.850291;,
  10.157788;7.359422;29.778205;,
  10.162945;9.009678;31.253469;,
  9.937143;10.259630;33.549123;,
  4.487975;8.060296;31.089549;,
  5.155985;6.626958;29.608909;,
  1.984313;5.429643;31.104410;,
  3.031346;4.409646;29.743907;,
  1.842216;0.901463;29.914909;,
  0.521373;1.244198;31.177878;,
  -0.521375;1.244198;31.177878;,
  -1.876404;-2.935860;30.249398;,
  -1.842217;0.901463;29.914909;,
  -1.117273;-3.646463;31.541658;,
  -4.482492;-6.065284;30.528976;,
  -0.709445;-3.881454;33.139421;,
  0.067106;1.262936;32.835485;,
  -4.352238;-7.170613;31.852931;,
  -8.503732;-7.197178;30.722803;,
  -4.050644;-7.673077;33.429853;,
  -8.609548;-8.799094;31.997322;,
  -12.045774;-6.568918;30.877622;,
  -8.557074;-9.795770;33.856064;,
  -13.309019;-7.671494;32.246333;,
  -14.446674;-4.566381;30.930755;,
  -16.077309;-5.012530;32.477738;,
  -15.212027;-1.548955;30.883802;,
  -17.369144;-1.337826;32.536515;,
  -14.268358;-8.328386;34.424515;,
  -17.286502;-5.146992;34.905843;,
  -18.794571;-0.905887;35.271587;,
  -14.562936;-8.101173;37.200317;,
  -17.398173;-4.838380;37.977360;,
  -18.915797;-0.433685;38.343104;,
  -8.459015;-9.500326;36.032189;,
  -14.100536;-7.488517;39.864310;,
  -16.170278;-3.805159;41.630922;,
  -17.370962;0.112909;41.812144;,
  -14.406405;-2.513383;45.660861;,
  -15.310936;0.579562;45.283200;,
  -13.080582;0.908669;48.522477;,
  -11.458077;-3.284584;48.869606;,
  -12.661861;-4.840550;45.978634;,
  -7.446575;-5.370420;48.897226;,
  -13.648629;-6.989328;41.558122;,
  -7.745726;-6.940592;46.209174;,
  -7.828948;-7.882913;44.155690;,
  -4.062772;-7.461605;46.243504;,
  -3.902894;-6.179452;48.965584;,
  0.000000;-7.688082;46.105418;,
  0.000000;-6.612771;48.988349;,
  3.902894;-6.179452;48.965584;,
  -4.022597;-8.288120;44.131187;,
  -7.912170;-8.477702;41.460307;,
  0.000001;-8.211940;44.039546;,
  -8.081664;-8.094340;39.644813;,
  -3.817353;-8.793020;41.508790;,
  -5.444989;-8.203585;39.349834;,
  -8.283285;-8.740622;38.053562;,
  -4.085248;-6.482459;38.334381;,
  -3.944063;-7.032514;36.977296;,
  -2.977807;-6.430687;38.293405;,
  -1.165327;-3.324758;37.415549;,
  -3.397580;-8.211097;39.284515;,
  0.000001;-8.701718;41.463600;,
  0.000001;-8.093454;39.192819;,
  0.000001;-6.402181;38.155190;,
  3.397581;-8.211096;39.284515;,
  2.977808;-6.430686;38.293405;,
  3.817354;-8.793018;41.508790;,
  5.444990;-8.203584;39.349834;,
  4.022598;-8.288119;44.131187;,
  7.912172;-8.477701;41.460307;,
  4.062774;-7.461605;46.243504;,
  7.446575;-5.370420;48.897226;,
  7.828949;-7.882912;44.155690;,
  7.745727;-6.940591;46.209174;,
  12.661862;-4.840548;45.978634;,
  11.458077;-3.284584;48.869606;,
  13.648629;-6.989326;41.558122;,
  14.406405;-2.513381;45.660858;,
  13.080582;0.908670;48.522477;,
  15.310938;0.579564;45.283203;,
  17.370965;0.112911;41.812144;,
  16.170280;-3.805157;41.630922;,
  18.915798;-0.433683;38.343104;,
  17.398176;-4.838378;37.977360;,
  18.794573;-0.905885;35.271587;,
  14.100541;-7.488514;39.864310;,
  17.286507;-5.146990;34.905843;,
  17.369149;-1.337825;32.536512;,
  14.562939;-8.101170;37.200317;,
  16.077312;-5.012528;32.477734;,
  15.212029;-1.548953;30.883802;,
  14.446677;-4.566379;30.930755;,
  14.268362;-8.328382;34.424515;,
  13.309021;-7.671492;32.246330;,
  12.045776;-6.568916;30.877622;,
  8.557075;-9.795767;33.856064;,
  8.609550;-8.799091;31.997322;,
  8.503734;-7.197175;30.722803;,
  4.352238;-7.170611;31.852931;,
  4.482492;-6.065283;30.528973;,
  1.117272;-3.646462;31.541658;,
  1.876403;-2.935859;30.249395;,
  0.521373;1.244198;31.177878;,
  1.842216;0.901463;29.914909;,
  4.050644;-7.673074;33.429853;,
  0.709444;-3.881454;33.139421;,
  -0.067108;1.262936;32.835485;,
  8.459017;-9.500324;36.032189;,
  3.936612;-7.488650;35.284611;,
  0.831293;-3.711293;34.904147;,
  0.047024;1.281675;34.820653;,
  0.300828;1.259684;36.403549;,
  3.944064;-7.032513;36.977296;,
  0.993287;-3.430270;36.491936;,
  1.165328;-3.324758;37.415549;,
  0.545485;1.311144;37.188989;,
  8.283287;-8.740620;38.053562;,
  4.085249;-6.482458;38.334381;,
  8.081666;-8.094339;39.644813;,
  0.000001;-3.338537;37.415872;,
  0.000000;1.334513;37.156502;,
  -0.545485;1.311144;37.188989;,
  -0.300829;1.259684;36.403549;,
  -0.993287;-3.430270;36.491936;,
  -0.831294;-3.711294;34.904147;,
  -0.047026;1.281675;34.820653;,
  -3.936612;-7.488651;35.284611;,
  -7.736736;8.779382;43.241376;,
  -14.017578;7.147919;41.025901;,
  -12.834583;6.359034;44.535421;,
  -11.730518;5.595524;47.644090;,
  -15.372184;7.726725;37.167194;,
  -16.506398;3.932777;41.520554;,
  -17.842890;3.928898;37.838672;,
  -17.370962;0.112909;41.812144;,
  -14.823016;3.672770;45.129238;,
  -15.310936;0.579562;45.283200;,
  -13.080582;0.908669;48.522477;,
  -13.127819;3.411350;48.176973;,
  10.131722;6.490570;26.838117;,
  8.768056;-0.387807;28.605805;,
  5.542065;5.818460;26.682773;,
  13.245561;4.554921;27.312448;,
  3.592497;3.783854;26.806650;,
  14.699029;1.650082;27.688874;,
  2.501352;0.564745;26.963562;,
  14.769509;-1.683827;27.844371;,
  2.510103;-2.909890;27.270486;,
  14.067203;-4.452549;27.895699;,
  4.886309;-5.818386;27.527027;,
  11.864138;-6.290075;27.846947;,
  8.613959;-6.866566;27.704883;,
  -3.902894;-6.179452;48.965584;,
  -7.446575;-5.859009;49.260314;,
  -7.446575;-5.370420;48.897226;,
  -11.458077;-3.284584;48.869606;,
  -3.902894;-6.655501;49.304573;,
  0.000000;-6.612771;48.988349;,
  -12.159664;-3.737780;49.380653;,
  0.000000;-6.915772;49.302627;,
  -6.972385;-4.677864;52.109856;,
  3.902894;-6.655501;49.304573;,
  3.902894;-6.179452;48.965584;,
  0.000000;-5.892791;52.128800;,
  -3.660461;-5.507199;52.143942;,
  0.000000;-5.099499;52.451818;,
  -3.660461;-4.934043;52.466960;,
  -6.972385;-4.172342;52.432870;,
  -10.269234;-2.393767;52.346013;,
  -10.877175;-2.829743;52.022998;,
  -11.627921;1.239876;52.091859;,
  -12.245046;1.214922;51.903984;,
  -9.921481;5.834719;51.488621;,
  -13.523782;0.855752;48.970854;,
  -13.080582;0.908669;48.522477;,
  -13.511205;3.517671;48.697462;,
  -13.127819;3.411350;48.176973;,
  -11.990314;6.078334;48.061958;,
  -11.730518;5.595524;47.644090;,
  -10.486510;6.217754;51.165613;,
  -4.847300;8.339821;50.613139;,
  -7.612262;8.545281;46.945098;,
  -7.663615;8.063288;46.695754;,
  -3.773280;9.037517;46.272147;,
  -3.785658;9.524806;46.549622;,
  -0.000001;9.495284;46.053818;,
  -4.847300;8.945290;50.290118;,
  -0.000001;9.452682;50.202186;,
  -0.000001;10.087049;46.330054;,
  -0.000001;10.156968;49.879168;,
  4.847299;8.945290;50.290118;,
  4.847299;8.339821;50.613139;,
  3.785658;9.524806;46.549622;,
  3.773279;9.037517;46.272147;,
  7.612261;8.545282;46.945098;,
  7.663614;8.063289;46.695754;,
  11.730517;5.595524;47.644090;,
  11.990313;6.078335;48.061958;,
  13.127819;3.411352;48.176973;,
  10.486507;6.217755;51.165613;,
  9.921479;5.834720;51.488621;,
  13.511203;3.517672;48.697462;,
  13.080582;0.908670;48.522477;,
  12.245046;1.214922;51.903984;,
  11.627921;1.239877;52.091859;,
  13.523782;0.855753;48.970854;,
  11.458077;-3.284584;48.869606;,
  10.877175;-2.829742;52.022998;,
  10.269234;-2.393766;52.346013;,
  12.159665;-3.737779;49.380653;,
  6.972385;-4.677864;52.109856;,
  6.972385;-4.172341;52.432870;,
  3.660461;-4.934043;52.466960;,
  7.446576;-5.859009;49.260314;,
  7.446575;-5.370420;48.897226;,
  3.660461;-5.507199;52.143942;;
  574;
  3;0,1,2;,
  3;1,3,2;,
  3;4,0,2;,
  3;3,5,2;,
  3;6,4,2;,
  3;5,7,2;,
  3;8,6,2;,
  3;7,9,2;,
  3;10,8,2;,
  3;9,11,2;,
  3;12,10,2;,
  3;11,12,2;,
  3;13,14,15;,
  3;14,13,16;,
  3;17,16,13;,
  3;16,18,14;,
  3;16,17,19;,
  3;18,16,20;,
  3;19,20,16;,
  3;20,21,18;,
  3;20,19,22;,
  3;21,20,23;,
  3;22,23,20;,
  3;23,24,21;,
  3;23,22,25;,
  3;24,23,26;,
  3;25,26,23;,
  3;26,27,24;,
  3;26,25,28;,
  3;27,26,29;,
  3;28,29,26;,
  3;29,30,27;,
  3;29,28,31;,
  3;30,29,32;,
  3;31,32,29;,
  3;32,33,30;,
  3;32,31,34;,
  3;33,32,35;,
  3;34,35,32;,
  3;35,36,33;,
  3;35,34,37;,
  3;36,35,38;,
  3;37,38,35;,
  3;38,39,36;,
  3;38,37,40;,
  3;39,38,41;,
  3;40,41,38;,
  3;41,42,39;,
  3;41,40,43;,
  3;42,41,44;,
  3;43,44,41;,
  3;44,45,42;,
  3;44,43,46;,
  3;45,44,47;,
  3;46,47,44;,
  3;47,48,45;,
  3;47,46,49;,
  3;48,47,50;,
  3;49,50,47;,
  3;50,49,51;,
  3;52,53,54;,
  3;53,52,55;,
  3;55,56,53;,
  3;57,55,52;,
  3;56,55,58;,
  3;55,57,59;,
  3;59,58,55;,
  3;60,59,57;,
  3;58,59,61;,
  3;59,60,62;,
  3;62,61,59;,
  3;63,62,60;,
  3;61,62,64;,
  3;62,63,65;,
  3;65,64,62;,
  3;66,65,63;,
  3;64,65,67;,
  3;65,66,68;,
  3;68,67,65;,
  3;69,68,66;,
  3;67,68,70;,
  3;68,69,71;,
  3;71,70,68;,
  3;72,71,69;,
  3;70,71,73;,
  3;71,72,74;,
  3;74,73,71;,
  3;75,74,72;,
  3;73,74,76;,
  3;74,75,77;,
  3;77,76,74;,
  3;78,77,75;,
  3;76,77,79;,
  3;77,78,80;,
  3;80,79,77;,
  3;81,80,78;,
  3;79,80,82;,
  3;80,81,83;,
  3;83,82,80;,
  3;84,83,81;,
  3;82,83,85;,
  3;83,84,86;,
  3;86,85,83;,
  3;87,86,84;,
  3;85,86,88;,
  3;86,87,89;,
  3;89,88,86;,
  3;88,89,90;,
  3;91,92,93;,
  3;92,91,94;,
  3;95,94,91;,
  3;94,96,92;,
  3;94,95,97;,
  3;98,97,95;,
  3;96,94,99;,
  3;99,100,96;,
  3;94,101,99;,
  3;101,94,97;,
  3;100,99,102;,
  3;101,102,99;,
  3;103,100,102;,
  3;100,103,104;,
  3;102,101,105;,
  3;105,103,102;,
  3;106,104,103;,
  3;104,106,107;,
  3;106,108,107;,
  3;108,106,109;,
  3;106,110,109;,
  3;110,106,111;,
  3;103,111,106;,
  3;111,112,110;,
  3;111,103,113;,
  3;103,105,113;,
  3;112,111,114;,
  3;113,114,111;,
  3;114,115,112;,
  3;116,113,105;,
  3;101,116,105;,
  3;114,113,117;,
  3;113,116,117;,
  3;115,114,118;,
  3;117,118,114;,
  3;118,119,115;,
  3;118,117,120;,
  3;116,120,117;,
  3;119,118,121;,
  3;120,121,118;,
  3;121,122,119;,
  3;121,120,123;,
  3;122,121,124;,
  3;125,123,120;,
  3;120,116,125;,
  3;121,123,126;,
  3;125,126,123;,
  3;121,127,124;,
  3;127,121,126;,
  3;128,122,124;,
  3;127,128,124;,
  3;122,128,129;,
  3;130,129,128;,
  3;129,130,131;,
  3;132,131,130;,
  3;131,132,133;,
  3;130,134,132;,
  3;135,133,132;,
  3;133,135,136;,
  3;137,132,134;,
  3;132,137,135;,
  3;134,130,138;,
  3;128,138,130;,
  3;139,137,134;,
  3;138,139,134;,
  3;138,128,140;,
  3;128,141,140;,
  3;128,127,141;,
  3;142,138,140;,
  3;141,142,140;,
  3;139,138,142;,
  3;143,141,127;,
  3;126,143,127;,
  3;142,141,144;,
  3;141,143,144;,
  3;144,145,142;,
  3;143,126,146;,
  3;126,125,146;,
  3;143,147,144;,
  3;145,144,147;,
  3;148,143,146;,
  3;147,143,149;,
  3;143,148,149;,
  3;149,150,147;,
  3;150,149,151;,
  3;152,147,150;,
  3;149,153,151;,
  3;153,149,148;,
  3;147,152,145;,
  3;148,154,153;,
  3;152,155,145;,
  3;155,152,156;,
  3;157,145,155;,
  3;145,157,142;,
  3;157,139,142;,
  3;156,158,155;,
  3;158,156,159;,
  3;160,158,159;,
  3;158,160,161;,
  3;162,158,161;,
  3;163,155,158;,
  3;158,162,163;,
  3;155,163,157;,
  3;162,164,163;,
  3;164,162,165;,
  3;163,166,157;,
  3;166,163,164;,
  3;139,157,166;,
  3;165,167,164;,
  3;167,166,164;,
  3;167,165,168;,
  3;166,167,169;,
  3;169,139,166;,
  3;168,170,167;,
  3;170,169,167;,
  3;170,168,171;,
  3;172,171,173;,
  3;171,172,170;,
  3;174,170,172;,
  3;170,174,175;,
  3;169,170,175;,
  3;176,175,174;,
  3;177,169,175;,
  3;175,176,177;,
  3;169,177,178;,
  3;139,169,178;,
  3;137,139,178;,
  3;176,179,177;,
  3;179,178,177;,
  3;178,179,137;,
  3;179,176,180;,
  3;179,135,137;,
  3;180,181,179;,
  3;135,179,181;,
  3;181,180,182;,
  3;181,136,135;,
  3;183,181,182;,
  3;136,181,184;,
  3;181,183,184;,
  3;185,186,187;,
  3;186,185,188;,
  3;188,189,186;,
  3;185,190,188;,
  3;190,185,191;,
  3;189,188,192;,
  3;192,193,189;,
  3;188,194,192;,
  3;194,188,190;,
  3;193,192,195;,
  3;195,196,193;,
  3;192,197,195;,
  3;197,192,194;,
  3;196,195,198;,
  3;197,198,195;,
  3;198,199,196;,
  3;199,198,200;,
  3;200,201,199;,
  3;201,200,202;,
  3;203,200,198;,
  3;198,197,203;,
  3;204,202,200;,
  3;200,203,204;,
  3;202,204,205;,
  3;197,206,203;,
  3;206,204,203;,
  3;207,205,204;,
  3;204,206,207;,
  3;205,207,208;,
  3;206,197,209;,
  3;194,209,197;,
  3;210,207,206;,
  3;209,210,206;,
  3;211,208,207;,
  3;207,210,211;,
  3;208,211,212;,
  3;213,212,211;,
  3;212,213,214;,
  3;214,213,215;,
  3;213,216,215;,
  3;213,217,216;,
  3;211,217,213;,
  3;217,218,216;,
  3;217,211,219;,
  3;210,219,211;,
  3;218,217,220;,
  3;221,217,219;,
  3;221,220,217;,
  3;222,218,220;,
  3;221,222,220;,
  3;218,222,223;,
  3;224,223,222;,
  3;223,224,225;,
  3;224,226,225;,
  3;222,221,227;,
  3;227,224,222;,
  3;228,227,221;,
  3;228,221,219;,
  3;224,227,229;,
  3;230,228,219;,
  3;210,230,219;,
  3;227,228,231;,
  3;231,229,227;,
  3;228,230,232;,
  3;232,231,228;,
  3;230,210,233;,
  3;210,209,233;,
  3;233,234,230;,
  3;209,235,233;,
  3;234,233,235;,
  3;236,230,234;,
  3;230,236,232;,
  3;235,237,234;,
  3;237,236,234;,
  3;238,232,236;,
  3;231,232,238;,
  3;238,239,231;,
  3;229,231,239;,
  3;236,240,238;,
  3;239,238,240;,
  3;240,236,241;,
  3;237,241,236;,
  3;242,239,240;,
  3;243,240,241;,
  3;240,243,242;,
  3;239,242,244;,
  3;244,229,239;,
  3;245,242,243;,
  3;245,244,242;,
  3;229,244,246;,
  3;246,224,229;,
  3;244,245,247;,
  3;247,246,244;,
  3;224,246,248;,
  3;226,224,248;,
  3;248,249,226;,
  3;250,248,246;,
  3;246,247,250;,
  3;249,248,251;,
  3;248,250,251;,
  3;252,249,251;,
  3;250,252,251;,
  3;249,252,253;,
  3;247,254,250;,
  3;250,254,252;,
  3;255,253,252;,
  3;255,256,253;,
  3;257,256,255;,
  3;255,258,257;,
  3;252,259,255;,
  3;258,255,259;,
  3;259,252,254;,
  3;259,260,258;,
  3;260,259,261;,
  3;261,262,260;,
  3;263,259,254;,
  3;263,261,259;,
  3;262,261,264;,
  3;264,265,262;,
  3;266,264,261;,
  3;261,263,266;,
  3;265,264,267;,
  3;267,268,265;,
  3;268,267,269;,
  3;270,267,264;,
  3;264,266,270;,
  3;271,269,267;,
  3;267,270,271;,
  3;269,271,272;,
  3;266,273,270;,
  3;273,271,270;,
  3;274,272,271;,
  3;271,273,274;,
  3;272,274,275;,
  3;276,275,274;,
  3;273,276,274;,
  3;275,276,277;,
  3;278,277,276;,
  3;277,278,279;,
  3;279,280,281;,
  3;280,279,278;,
  3;282,278,276;,
  3;276,273,282;,
  3;283,280,278;,
  3;278,282,283;,
  3;280,283,284;,
  3;285,282,273;,
  3;273,266,285;,
  3;263,285,266;,
  3;286,283,282;,
  3;282,285,286;,
  3;287,284,283;,
  3;283,286,287;,
  3;284,287,288;,
  3;287,289,288;,
  3;290,287,286;,
  3;285,290,286;,
  3;289,287,291;,
  3;287,290,291;,
  3;292,289,291;,
  3;290,292,291;,
  3;289,292,293;,
  3;290,285,294;,
  3;285,263,294;,
  3;294,295,290;,
  3;292,290,295;,
  3;263,296,294;,
  3;295,294,296;,
  3;296,263,254;,
  3;296,254,247;,
  3;247,245,296;,
  3;243,296,245;,
  3;296,243,295;,
  3;292,295,243;,
  3;241,292,243;,
  3;292,241,297;,
  3;297,293,292;,
  3;293,297,298;,
  3;297,299,298;,
  3;241,237,297;,
  3;299,297,237;,
  3;237,300,299;,
  3;300,237,301;,
  3;237,235,301;,
  3;302,300,301;,
  3;235,302,301;,
  3;300,302,303;,
  3;302,191,303;,
  3;191,302,190;,
  3;304,190,302;,
  3;302,235,304;,
  3;190,304,194;,
  3;235,209,304;,
  3;209,194,304;,
  3;305,148,146;,
  3;146,125,305;,
  3;154,148,305;,
  3;306,305,125;,
  3;116,306,125;,
  3;307,154,305;,
  3;305,306,307;,
  3;154,307,308;,
  3;306,116,309;,
  3;116,101,309;,
  3;97,309,101;,
  3;310,307,306;,
  3;309,310,306;,
  3;309,97,311;,
  3;310,309,311;,
  3;97,98,311;,
  3;312,311,98;,
  3;311,312,310;,
  3;312,313,310;,
  3;307,310,313;,
  3;313,312,314;,
  3;313,308,307;,
  3;315,313,314;,
  3;308,313,316;,
  3;313,315,316;,
  3;317,318,319;,
  3;320,318,317;,
  3;319,318,321;,
  3;322,318,320;,
  3;321,318,323;,
  3;324,318,322;,
  3;323,318,325;,
  3;326,318,324;,
  3;325,318,327;,
  3;328,318,326;,
  3;327,318,329;,
  3;329,318,328;,
  3;330,331,332;,
  3;331,333,332;,
  3;331,330,334;,
  3;335,334,330;,
  3;333,331,336;,
  3;334,335,337;,
  3;338,336,331;,
  3;334,338,331;,
  3;335,339,337;,
  3;339,335,340;,
  3;341,334,337;,
  3;339,341,337;,
  3;334,341,342;,
  3;338,334,342;,
  3;343,342,341;,
  3;342,343,344;,
  3;344,338,342;,
  3;338,344,345;,
  3;346,338,345;,
  3;338,346,347;,
  3;348,347,346;,
  3;336,338,347;,
  3;347,348,349;,
  3;349,336,347;,
  3;350,349,348;,
  3;336,349,351;,
  3;351,333,336;,
  3;333,351,352;,
  3;353,352,351;,
  3;353,351,349;,
  3;352,353,354;,
  3;355,354,353;,
  3;354,355,356;,
  3;353,349,357;,
  3;355,353,357;,
  3;349,350,357;,
  3;358,357,350;,
  3;359,356,355;,
  3;357,359,355;,
  3;356,359,360;,
  3;359,361,360;,
  3;361,359,362;,
  3;362,363,361;,
  3;359,357,364;,
  3;362,359,364;,
  3;357,358,364;,
  3;365,364,358;,
  3;364,366,362;,
  3;363,362,366;,
  3;364,365,367;,
  3;366,364,367;,
  3;365,368,367;,
  3;368,366,367;,
  3;368,365,369;,
  3;370,363,366;,
  3;366,368,370;,
  3;363,370,371;,
  3;372,371,370;,
  3;370,368,372;,
  3;371,372,373;,
  3;372,374,373;,
  3;374,372,375;,
  3;375,376,374;,
  3;377,372,368;,
  3;372,377,375;,
  3;369,377,368;,
  3;377,369,378;,
  3;376,375,379;,
  3;375,377,379;,
  3;379,380,376;,
  3;378,381,377;,
  3;379,377,381;,
  3;381,378,382;,
  3;380,379,383;,
  3;379,381,383;,
  3;383,384,380;,
  3;382,385,381;,
  3;385,382,386;,
  3;381,387,383;,
  3;387,381,385;,
  3;384,383,387;,
  3;386,388,385;,
  3;388,387,385;,
  3;388,386,389;,
  3;390,388,389;,
  3;391,384,387;,
  3;387,388,391;,
  3;384,391,392;,
  3;391,340,392;,
  3;340,391,339;,
  3;388,339,391;,
  3;339,388,393;,
  3;388,390,393;,
  3;341,339,393;,
  3;343,393,390;,
  3;393,343,341;;

  MeshNormals {
   394;
   -0.142388;-0.342007;-0.928847;,
   -0.285343;-0.235374;-0.929074;,
   -0.056623;-0.068417;-0.996049;,
   -0.362849;-0.088351;-0.927650;,
   0.015291;-0.359094;-0.933176;,
   -0.365328;-0.020810;-0.930646;,
   0.169198;-0.284255;-0.943701;,
   -0.319380;0.082210;-0.944054;,
   0.257852;-0.128750;-0.957568;,
   -0.164757;0.185297;-0.968773;,
   0.421831;0.040420;-0.905773;,
   0.033859;0.201153;-0.978975;,
   0.202083;0.099479;-0.974303;,
   0.958662;0.170252;-0.227993;,
   0.852731;0.420150;-0.310361;,
   0.920136;0.116132;-0.373982;,
   0.816581;0.511880;-0.266784;,
   0.421831;0.040420;-0.905773;,
   0.442434;0.786789;-0.430366;,
   0.202083;0.099479;-0.974303;,
   0.310222;0.913493;-0.263236;,
   -0.124744;0.869179;-0.478505;,
   0.033859;0.201153;-0.978975;,
   -0.249394;0.925803;-0.284062;,
   -0.679227;0.616843;-0.397689;,
   -0.164757;0.185297;-0.968773;,
   -0.765148;0.603730;-0.223740;,
   -0.870424;0.201777;-0.449052;,
   -0.319380;0.082210;-0.944054;,
   -0.970982;0.175361;-0.162614;,
   -0.896800;-0.107361;-0.429213;,
   -0.365328;-0.020810;-0.930646;,
   -0.981108;-0.134366;-0.139188;,
   -0.801978;-0.461737;-0.378985;,
   -0.362849;-0.088351;-0.927650;,
   -0.803892;-0.583494;-0.115289;,
   -0.409363;-0.829077;-0.380859;,
   -0.285343;-0.235374;-0.929074;,
   -0.357113;-0.928964;-0.097449;,
   0.042346;-0.941813;-0.333459;,
   -0.142388;-0.342007;-0.928847;,
   0.106195;-0.989113;-0.101869;,
   0.486562;-0.839145;-0.243090;,
   0.015291;-0.359094;-0.933176;,
   0.580493;-0.801723;-0.142369;,
   0.870793;-0.393957;-0.294139;,
   0.169198;-0.284255;-0.943701;,
   0.934994;-0.292706;-0.200274;,
   0.920136;0.116132;-0.373982;,
   0.257852;-0.128750;-0.957568;,
   0.958662;0.170252;-0.227993;,
