xof 0303txt 0032
template ColorRGBA {
 <35ff44e0-6c7c-11cf-8f52-0040333594a3>
 FLOAT red;
 FLOAT green;
 FLOAT blue;
 FLOAT alpha;
}

template ColorRGB {
 <d3e16e81-7835-11cf-8f52-0040333594a3>
 FLOAT red;
 FLOAT green;
 FLOAT blue;
}

template Material {
 <3d82ab4d-62da-11cf-ab39-0020af71e433>
 ColorRGBA faceColor;
 FLOAT power;
 ColorRGB specularColor;
 ColorRGB emissiveColor;
 [...]
}

template TextureFilename {
 <a42790e1-7810-11cf-8f52-0040333594a3>
 STRING filename;
}

template Frame {
 <3d82ab46-62da-11cf-ab39-0020af71e433>
 [...]
}

template Matrix4x4 {
 <f6f23f45-7686-11cf-8f52-0040333594a3>
 array FLOAT matrix[16];
}

template FrameTransformMatrix {
 <f6f23f41-7686-11cf-8f52-0040333594a3>
 Matrix4x4 frameMatrix;
}

template Vector {
 <3d82ab5e-62da-11cf-ab39-0020af71e433>
 FLOAT x;
 FLOAT y;
 FLOAT z;
}

template MeshFace {
 <3d82ab5f-62da-11cf-ab39-0020af71e433>
 DWORD nFaceVertexIndices;
 array DWORD faceVertexIndices[nFaceVertexIndices];
}

template Mesh {
 <3d82ab44-62da-11cf-ab39-0020af71e433>
 DWORD nVertices;
 array Vector vertices[nVertices];
 DWORD nFaces;
 array MeshFace faces[nFaces];
 [...]
}

template MeshNormals {
 <f6f23f43-7686-11cf-8f52-0040333594a3>
 DWORD nNormals;
 array Vector normals[nNormals];
 DWORD nFaceNormals;
 array MeshFace faceNormals[nFaceNormals];
}

template MeshMaterialList {
 <f6f23f42-7686-11cf-8f52-0040333594a3>
 DWORD nMaterials;
 DWORD nFaceIndexes;
 array DWORD faceIndexes[nFaceIndexes];
 [Material <3d82ab4d-62da-11cf-ab39-0020af71e433>]
}

template Coords2d {
 <f6f23f44-7686-11cf-8f52-0040333594a3>
 FLOAT u;
 FLOAT v;
}

template MeshTextureCoords {
 <f6f23f40-7686-11cf-8f52-0040333594a3>
 DWORD nTextureCoords;
 array Coords2d textureCoords[nTextureCoords];
}

template XSkinMeshHeader {
 <3cf169ce-ff7c-44ab-93c0-f78f62d172e2>
 WORD nMaxSkinWeightsPerVertex;
 WORD nMaxSkinWeightsPerFace;
 WORD nBones;
}

template SkinWeights {
 <6f0d123b-bad2-4167-a0d0-80224f25fabb>
 STRING transformNodeName;
 DWORD nWeights;
 array DWORD vertexIndices[nWeights];
 array FLOAT weights[nWeights];
 Matrix4x4 matrixOffset;
}

template AnimTicksPerSecond {
 <9e415a43-7ba6-4a73-8743-b73d47e88476>
 DWORD AnimTicksPerSecond;
}

template Animation {
 <3d82ab4f-62da-11cf-ab39-0020af71e433>
 [...]
}

template AnimationSet {
 <3d82ab50-62da-11cf-ab39-0020af71e433>
 [Animation <3d82ab4f-62da-11cf-ab39-0020af71e433>]
}

template FloatKeys {
 <10dd46a9-775b-11cf-8f52-0040333594a3>
 DWORD nValues;
 array FLOAT values[nValues];
}

template TimedFloatKeys {
 <f406b180-7b3b-11cf-8f52-0040333594a3>
 DWORD time;
 FloatKeys tfkeys;
}

template AnimationKey {
 <10dd46a8-775b-11cf-8f52-0040333594a3>
 DWORD keyType;
 DWORD nKeys;
 array TimedFloatKeys keys[nKeys];
}


Material PA_150 {
 1.000000;1.000000;1.000000;1.000000;;
 43.219280;
 0.020000;0.020000;0.020000;;
 0.000000;0.000000;0.000000;;

 TextureFilename {
  "11500003_M_BronzeWarrior_D.dds";
 }
}

Material Standard_7_170 {
 1.000000;1.000000;1.000000;1.000000;;
 43.219280;
 0.020000;0.020000;0.020000;;
 0.000000;0.000000;0.000000;;

 TextureFilename {
  "F_Skin_body_D.dds";
 }
}

Frame Scene_Root {
 

 FrameTransformMatrix {
  0.393701,0.000000,0.000000,0.000000,0.000000,-0.000000,-0.393701,0.000000,0.000000,0.393701,-0.000000,0.000000,0.000000,0.000000,0.000000,1.000000;;
 }

 Frame Bip01 {
  

  FrameTransformMatrix {
   0.000001,0.997564,-0.069757,0.000000,-1.000000,0.000001,-0.000000,0.000000,0.000000,0.069757,0.997564,0.000000,0.000000,1.527915,43.145398,1.000000;;
  }

  Frame Bip01_Footsteps {
   

   FrameTransformMatrix {
    0.000002,-1.000000,0.000000,0.000000,0.997564,0.000002,0.069757,0.000000,-0.069757,-0.000000,0.997564,0.000000,3.007984,0.000004,-43.015565,1.000000;;
   }
  }

  Frame Bip01_Pelvis {
   

   FrameTransformMatrix {
    0.000001,-0.000000,1.000000,0.000000,-1.000000,0.000001,0.000001,0.000000,-0.000001,-1.000000,-0.000000,0.000000,0.000000,0.000000,0.000000,1.000000;;
   }

   Frame Bip01_Spine {
    

    FrameTransformMatrix {
     0.999999,-0.001017,0.000001,0.000000,0.001017,0.999999,0.000004,0.000000,-0.000001,-0.000004,1.000000,0.000000,3.648819,0.087648,0.000006,1.000000;;
    }

    Frame Bip01_Spine1 {
     

     FrameTransformMatrix {
      0.993338,0.115232,-0.000000,0.000000,-0.115232,0.993339,0.000000,0.000000,0.000000,-0.000000,1.000000,0.000000,8.606411,0.007721,-0.000000,1.000000;;
     }

     Frame Bip01_Spine2 {
      

      FrameTransformMatrix {
       0.993176,0.116629,-0.000000,0.000000,-0.116629,0.993176,0.000000,0.000000,0.000000,-0.000000,1.000000,0.000000,9.761890,0.009832,-0.000000,1.000000;;
      }

      Frame Bip01_Neck {
       

       FrameTransformMatrix {
        0.967538,-0.252726,0.000001,0.000000,0.252726,0.967538,0.000000,0.000000,-0.000001,0.000000,1.000000,0.000000,12.207958,-0.363331,0.000003,1.000000;;
       }

       Frame Bip01_Head {
        

        FrameTransformMatrix {
         0.995689,0.092758,-0.000000,0.000000,-0.092758,0.995689,0.000000,0.000000,0.000000,-0.000000,1.000000,0.000000,3.164185,0.777052,-0.000000,1.000000;;
        }

        Frame Bip01_HeadNub {
         

         FrameTransformMatrix {
          1.000000,0.000000,-0.000000,0.000000,-0.000000,1.000000,0.000000,0.000000,0.000000,-0.000000,1.000000,0.000000,54.433946,0.000000,-0.000001,1.000000;;
         }
        }
       }

       Frame Bip01_L_Clavicle {
        

        FrameTransformMatrix {
         -0.352692,0.012017,0.935662,0.000000,0.252031,-0.961746,0.107353,0.000000,0.901159,0.273679,0.336172,0.000000,-2.653053,0.600207,3.128576,1.000000;;
        }

        Frame Bip01_L_UpperArm {
         

         FrameTransformMatrix {
          0.866962,-0.069581,-0.493494,0.000000,-0.053550,0.971468,-0.231048,0.000000,0.495490,0.226737,0.838499,0.000000,7.154713,-0.000003,-0.000000,1.000000;;
         }

         Frame Bip01_L_Forearm {
          

          FrameTransformMatrix {
           0.999999,0.001452,0.000000,0.000000,-0.001452,0.999999,-0.000000,0.000000,0.000000,0.000000,1.000000,0.000000,16.099011,0.000001,0.000000,1.000000;;
          }

          Frame Bip01_L_Hand {
           

           FrameTransformMatrix {
            0.999148,-0.032013,0.026073,0.000000,-0.027134,-0.033162,0.999081,0.000000,-0.031119,-0.998937,-0.034003,0.000000,12.943914,0.000001,0.000000,1.000000;;
           }

           Frame Weapon_Hand_L_Point {
            

            FrameTransformMatrix {
             0.031765,-0.100532,0.994427,0.000000,0.997954,-0.052045,-0.037139,0.000000,0.055489,0.993572,0.098673,0.000000,11.053598,-2.077042,-0.434262,1.000000;;
            }
           }
          }
         }
        }
       }

       Frame Bip01_R_Clavicle {
        

        FrameTransformMatrix {
         -0.352692,0.012011,-0.935662,0.000000,0.252031,-0.961747,-0.107348,0.000000,-0.901159,-0.273677,0.336173,0.000000,-2.653076,0.600190,-3.128585,1.000000;;
        }

        Frame Bip01_R_UpperArm {
         

         FrameTransformMatrix {
          0.866961,-0.069581,0.493494,0.000000,-0.053550,0.971467,0.231048,0.000000,-0.495490,-0.226737,0.838499,0.000000,7.154707,0.000002,0.000000,1.000000;;
         }

         Frame Bip01_R_Forearm {
          

          FrameTransformMatrix {
           0.999999,0.001452,-0.000000,0.000000,-0.001452,0.999999,-0.000000,0.000000,0.000000,0.000000,1.000000,0.000000,16.098979,0.000001,0.000000,1.000000;;
          }

          Frame Bip01_R_Hand {
           

           FrameTransformMatrix {
            0.999147,-0.032013,-0.026073,0.000000,-0.027134,-0.033162,-0.999082,0.000000,0.031119,0.998937,-0.034003,0.000000,12.943894,0.000000,-0.000004,1.000000;;
           }

           Frame Weapon_Hand_R_Point {
            

            FrameTransformMatrix {
             -0.066572,0.102286,0.992525,0.000000,0.996237,-0.048502,0.071820,0.000000,0.055486,0.993572,-0.098672,0.000000,11.053572,-2.077049,0.434246,1.000000;;
            }
           }
          }
         }
        }
       }
      }
     }

     Frame Weapon_Back_R_Point {
      

      FrameTransformMatrix {
       -0.126066,-0.986694,0.102681,0.000000,-0.473971,0.150837,0.867525,0.000000,-0.871469,0.060697,-0.486680,0.000000,22.106290,8.777389,-28.850067,1.000000;;
      }
     }

     Frame Weapon_Back_B_Point {
      

      FrameTransformMatrix {
       -0.020807,-0.996061,0.086193,0.000000,0.646766,0.052332,0.760891,0.000000,-0.762405,0.071578,0.643130,0.000000,6.591152,15.335430,3.548436,1.000000;;
      }
     }
    }
   }

   Frame Bip01_L_Thigh {
    

    FrameTransformMatrix {
     -0.996421,0.067699,0.050614,0.000000,0.067412,0.997698,-0.007358,0.000000,-0.050996,-0.003919,-0.998692,0.000000,-0.000008,-0.000013,7.749222,1.000000;;
    }

    Frame Bip01_L_Calf {
     

     FrameTransformMatrix {
      0.999628,0.027315,-0.000000,0.000000,-0.027315,0.999627,-0.000000,0.000000,0.000000,0.000000,1.000001,0.000000,20.567846,0.000000,-0.000001,1.000000;;
     }

     Frame Bip01_L_Foot {
      

      FrameTransformMatrix {
       0.985298,-0.163264,0.050339,0.000000,0.162268,0.986472,0.023295,0.000000,-0.053461,-0.014784,0.998461,0.000000,13.299996,-0.000000,-0.000000,1.000000;;
      }
     }

     Frame L_Calf_Point01 {
      

      FrameTransformMatrix {
       0.985106,-0.164333,0.050615,0.000000,0.163331,0.986295,0.023365,0.000000,-0.053761,-0.014750,0.998446,0.000000,12.278660,-0.074271,-1.656631,1.000000;;
      }
     }
    }
   }

   Frame Bip01_R_Thigh {
    

    FrameTransformMatrix {
     -0.996421,0.067700,-0.050617,0.000000,0.067413,0.997698,0.007361,0.000000,0.050999,0.003922,-0.998691,0.000000,0.000011,0.000009,-7.749222,1.000000;;
    }

    Frame Bip01_R_Calf {
     

     FrameTransformMatrix {
      0.999627,0.027315,-0.000000,0.000000,-0.027315,0.999627,-0.000000,0.000000,0.000000,0.000000,1.000000,0.000000,20.567826,-0.000000,0.000001,1.000000;;
     }

     Frame Bip01_R_Foot {
      

      FrameTransformMatrix {
       0.985298,-0.163264,-0.050339,0.000000,0.162268,0.986472,-0.023295,0.000000,0.053461,0.014784,0.998461,0.000000,13.299989,-0.000001,-0.000000,1.000000;;
      }
     }

     Frame R_Calf_Point01 {
      

      FrameTransformMatrix {
       0.985277,-0.163296,-0.050628,0.000000,0.162299,0.986468,-0.023257,0.000000,0.053740,0.014697,0.998447,0.000000,12.277331,-0.074044,1.630356,1.000000;;
      }
     }
    }
   }

   Frame Weapon_Side_R_Point {
    

    FrameTransformMatrix {
     0.375118,-0.025884,-0.926616,0.000000,-0.398265,0.898149,-0.186316,0.000000,0.837061,0.438929,0.326603,0.000000,4.754982,-9.728017,-14.996736,1.000000;;
    }
   }

   Frame Weapon_Side_L_Point {
    

    FrameTransformMatrix {
     -0.396963,0.013947,-0.917728,0.000000,-0.396286,0.899279,0.185080,0.000000,0.827875,0.437153,-0.351454,0.000000,4.843651,-9.796758,15.171016,1.000000;;
    }
   }
  }

  Frame EFF_Lock_D {
   

   FrameTransformMatrix {
    0.997581,0.000000,0.069521,0.000000,-0.000000,1.000000,0.000000,0.000000,-0.069521,-0.000000,0.997580,0.000000,1.485519,0.000002,-43.146867,1.000000;;
   }
  }

  Frame Move_Link_D {
   

   FrameTransformMatrix {
    0.997564,-0.000000,0.069757,0.000000,0.000000,1.000000,-0.000000,0.000000,-0.069757,0.000000,0.997564,0.000000,0.598068,0.000001,-8.552654,1.000000;;
   }

   Frame EFF_Move_D {
    

    FrameTransformMatrix {
     1.000000,0.000001,-0.000000,0.000000,-0.000001,1.000000,0.000000,0.000000,0.000000,-0.000000,1.000000,0.000000,-1.706174,0.013154,-34.571846,1.000000;;
    }
   }
  }

  Frame SATA9NI_Bone01 {
   

   FrameTransformMatrix {
    0.043110,-0.000337,-0.999070,0.000000,0.999070,-0.000001,0.043110,0.000000,-0.000016,-1.000000,0.000337,0.000000,-1.034301,0.013151,-0.145493,1.000000;;
   }
  }

  Frame SATA9NI_Lock_Dummy01 {
   

   FrameTransformMatrix {
    0.000001,-1.000000,0.000000,0.000000,0.997564,0.000001,0.069757,0.000000,-0.069757,-0.000000,0.997564,0.000000,1.485519,0.000002,-43.146867,1.000000;;
   }
  }

  Frame SATA9NI_Link_Point02 {
   

   FrameTransformMatrix {
    -0.997564,-0.000001,-0.069757,0.000000,0.069757,0.000000,-0.997564,0.000000,0.000001,-1.000000,-0.000000,0.000000,0.647019,0.000002,-39.109933,1.000000;;
   }
  }
 }

 Frame PA {
  

  FrameTransformMatrix {
   1.000000,0.000000,0.000000,0.000000,0.000000,1.000000,0.000000,0.000000,0.000000,0.000000,1.000000,0.000000,0.000000,0.000000,0.000000,1.000000;;
  }
 }

 Frame PA_Skin {
  

  FrameTransformMatrix {
   1.000000,0.000000,0.000000,0.000000,0.000000,1.000000,0.000000,0.000000,0.000000,0.000000,1.000000,0.000000,0.000000,0.000000,0.000000,1.000000;;
  }
 }
}

Frame PA_ {
 

 FrameTransformMatrix {
  0.393701,0.000000,0.000000,0.000000,0.000000,-0.000000,-0.393701,0.000000,0.000000,0.393701,-0.000000,0.000000,0.000000,0.000000,0.000000,1.000000;;
 }

 Mesh PA_ {
  552;
  -13.638003;-8.200698;32.497200;,
  -18.482213;-2.006958;27.948544;,
  -13.888000;-8.336950;27.773590;,
  -8.937221;-9.506139;27.520896;,
  -18.168789;-1.517287;32.608109;,
  -8.861327;-0.522157;27.531952;,
  -16.867144;5.669133;27.178880;,
  -13.613122;8.734105;26.462149;,
  -18.482213;-2.006958;27.948544;,
  -10.137219;9.576887;26.128531;,
  -13.888000;-8.336950;27.773590;,
  -6.083832;9.542921;25.920891;,
  -8.937221;-9.506139;27.520896;,
  -1.338574;6.191425;26.024314;,
  -4.077023;-8.343324;27.269571;,
  0.227681;1.360994;26.422682;,
  -0.189912;-4.611220;26.919626;,
  0.440375;1.448941;30.758765;,
  -2.059856;5.800968;31.048656;,
  -0.575392;1.317908;31.156717;,
  -1.239457;6.584210;30.713578;,
  0.227681;1.360994;26.422682;,
  -5.159773;7.868528;31.022304;,
  -1.338574;6.191425;26.024314;,
  -5.064526;9.086282;30.642394;,
  -5.352307;8.059076;32.720794;,
  -6.083832;9.542921;25.920891;,
  -5.206440;9.275078;32.520656;,
  -6.226771;8.214564;34.377504;,
  -6.280731;9.710537;30.703392;,
  -6.260858;9.468117;34.235958;,
  -7.535464;8.247930;35.393552;,
  -9.718496;9.989098;31.079920;,
  -10.137219;9.576887;26.128531;,
  -7.663726;9.592688;35.383712;,
  -9.424894;8.290201;36.012842;,
  -13.613122;8.734105;26.462149;,
  -9.542681;9.590588;35.989725;,
  -11.218118;8.039957;35.784109;,
  -11.366866;9.331342;35.798144;,
  -12.523190;7.753494;34.868176;,
  -12.873815;9.175560;31.440525;,
  -12.717938;9.060992;34.741837;,
  -13.321029;7.366772;33.492054;,
  -13.742522;8.639819;33.351059;,
  -13.737643;6.951530;32.013194;,
  -14.184115;8.200071;31.588659;,
  -15.629243;5.495384;32.397453;,
  -16.867144;5.669133;27.178880;,
  -16.755717;6.174633;32.069107;,
  -17.180784;-1.293505;32.965382;,
  -12.925854;-7.246638;32.793904;,
  -8.726071;-8.265063;32.438128;,
  -8.790103;-9.437678;31.985245;,
  -4.304874;-7.196204;31.959427;,
  -4.077023;-8.343324;27.269571;,
  -3.790317;-8.215812;31.451638;,
  -1.009220;-3.970526;31.406493;,
  0.012744;-4.496614;30.902134;,
  -0.575392;1.317908;31.156717;,
  -0.189912;-4.611220;26.919626;,
  0.440375;1.448941;30.758765;,
  0.227681;1.360994;26.422682;,
  2.059852;5.800967;31.048656;,
  -0.440378;1.448941;30.758765;,
  0.575388;1.317908;31.156717;,
  1.239453;6.584210;30.713578;,
  -0.227685;1.360994;26.422680;,
  5.159770;7.868527;31.022304;,
  1.338570;6.191424;26.024310;,
  5.064523;9.086282;30.642394;,
  5.352304;8.059075;32.720794;,
  6.083828;9.542919;25.920891;,
  5.206437;9.275078;32.520656;,
  6.226768;8.214563;34.377504;,
  6.280728;9.710536;30.703392;,
  6.260855;9.468116;34.235958;,
  7.535461;8.247929;35.393552;,
  9.718494;9.989097;31.079920;,
  10.137218;9.576886;26.128528;,
  13.613122;8.734105;26.462147;,
  7.663723;9.592686;35.383712;,
  9.424891;8.290200;36.012842;,
  9.542679;9.590586;35.989725;,
  11.218117;8.039956;35.784109;,
  11.366865;9.331342;35.798144;,
  12.523190;7.753494;34.868176;,
  12.873814;9.175559;31.440525;,
  12.717935;9.060991;34.741837;,
  13.321028;7.366772;33.492054;,
  13.742520;8.639819;33.351059;,
  13.737643;6.951530;32.013194;,
  14.184114;8.200071;31.588659;,
  15.629243;5.495384;32.397453;,
  16.867144;5.669133;27.178880;,
  16.755717;6.174633;32.069104;,
  17.180784;-1.293503;32.965379;,
  18.482213;-2.006957;27.948541;,
  18.168789;-1.517286;32.608106;,
  12.925854;-7.246636;32.793901;,
  13.638005;-8.200695;32.497197;,
  13.888002;-8.336947;27.773587;,
  8.726071;-8.265062;32.438128;,
  8.937221;-9.506136;27.520896;,
  8.790103;-9.437675;31.985242;,
  4.304872;-7.196202;31.959427;,
  4.077022;-8.343322;27.269571;,
  3.790316;-8.215810;31.451638;,
  1.009217;-3.970524;31.406493;,
  -0.012746;-4.496612;30.902134;,
  0.575388;1.317908;31.156717;,
  0.189909;-4.611218;26.919622;,
  -0.440378;1.448941;30.758765;,
  -0.227685;1.360994;26.422680;,
  -15.629243;5.495384;32.397453;,
  -13.321029;7.366772;33.492054;,
  -13.737643;6.951530;32.013194;,
  -15.035238;5.375060;36.692854;,
  -12.523190;7.753494;34.868176;,
  -17.180784;-1.293505;32.965382;,
  -12.051934;7.612011;36.410470;,
  -11.218118;8.039957;35.784109;,
  -9.424894;8.290201;36.012842;,
  -11.855311;7.386026;40.549699;,
  -16.522632;-0.835687;37.265523;,
  -13.562763;5.463970;41.018304;,
  -12.455771;-6.871560;36.507344;,
  -12.925854;-7.246638;32.793904;,
  -15.207037;-0.048579;42.215446;,
  -8.372955;-8.138748;35.784298;,
  -8.726071;-8.265063;32.438128;,
  -12.486478;-6.745039;38.478096;,
  -8.289011;-7.599022;37.511344;,
  -11.525426;-6.197876;40.391600;,
  -7.971295;-7.975463;39.209350;,
  -3.855375;-7.173795;38.095520;,
  -6.928688;-7.734938;41.538429;,
  -11.525350;-4.604463;45.819354;,
  -14.071752;0.458941;45.054848;,
  -12.295822;6.078791;44.519795;,
  -14.293214;0.674270;47.022563;,
  -11.163284;-3.284584;47.994800;,
  -13.142068;0.908669;47.391050;,
  -11.584345;5.704260;46.472262;,
  -7.446582;-5.337154;48.146755;,
  -6.708373;8.251428;45.566704;,
  -7.745726;-6.940593;46.160698;,
  -4.062772;-7.461605;46.227872;,
  -3.902894;-6.078025;48.191021;,
  -3.982422;-7.930246;42.036797;,
  0.000000;-7.356082;46.153264;,
  0.000000;-6.407581;48.157453;,
  3.902894;-6.078025;48.191021;,
  -2.559387;-6.646217;39.109267;,
  0.000001;-7.576644;42.595306;,
  4.062774;-7.461604;46.227872;,
  7.446582;-5.337154;48.146755;,
  3.982423;-7.930245;42.036797;,
  7.745726;-6.940591;46.160698;,
  6.928690;-7.734937;41.538429;,
  11.525350;-4.604462;45.819354;,
  11.163286;-3.284583;47.994800;,
  2.559389;-6.646217;39.109267;,
  14.293214;0.674271;47.022563;,
  13.142068;0.908670;47.391050;,
  11.584343;5.704261;46.472262;,
  12.295822;6.078792;44.519795;,
  6.708372;8.251428;45.566704;,
  3.744321;8.695482;42.586563;,
  4.083711;9.038115;45.323072;,
  7.085231;8.096293;43.008080;,
  3.622036;8.442446;39.741408;,
  14.071752;0.458942;45.054848;,
  6.534820;8.320780;39.523315;,
  1.951268;5.868814;38.581798;,
  11.855310;7.386026;40.549699;,
  13.562762;5.463970;41.018304;,
  15.207037;-0.048578;42.215446;,
  11.525427;-6.197874;40.391600;,
  16.522632;-0.835685;37.265523;,
  7.971296;-7.975462;39.209354;,
  12.486478;-6.745037;38.478096;,
  3.855375;-7.173794;38.095520;,
  8.289011;-7.599020;37.511344;,
  12.455771;-6.871558;36.507344;,
  4.083406;-6.674601;37.033386;,
  8.372955;-8.138746;35.784298;,
  12.925854;-7.246636;32.793901;,
  17.180784;-1.293503;32.965379;,
  8.726071;-8.265062;32.438128;,
  15.035237;5.375061;36.692854;,
  15.629243;5.495384;32.397453;,
  13.321028;7.366772;33.492054;,
  13.737643;6.951530;32.013194;,
  12.523190;7.753494;34.868176;,
  12.051932;7.612010;36.410470;,
  11.218117;8.039956;35.784109;,
  9.424891;8.290200;36.012842;,
  6.420657;8.246488;35.567421;,
  7.535461;8.247929;35.393552;,
  6.226768;8.214563;34.377504;,
  5.352304;8.059075;32.720794;,
  1.791111;5.819742;37.089088;,
  0.630678;1.311144;38.045501;,
  2.147710;5.782623;34.800525;,
  2.059852;5.800967;31.048656;,
  5.159770;7.868527;31.022304;,
  0.690378;1.281675;34.805024;,
  0.575388;1.317908;31.156717;,
  0.887274;-3.739656;34.897270;,
  1.009217;-3.970524;31.406493;,
  0.443973;1.259684;36.930522;,
  1.140461;-3.419361;36.831603;,
  0.634682;-3.367512;37.978419;,
  0.633360;-3.338924;38.384442;,
  0.000001;-3.338536;38.491661;,
  0.000000;1.334513;38.182877;,
  1.951268;5.868814;38.581798;,
  0.630678;1.311144;38.045501;,
  -0.630678;1.311144;38.045501;,
  -0.633359;-3.338924;38.384438;,
  -0.634683;-3.367513;37.978419;,
  -0.000000;5.799698;38.565994;,
  3.622036;8.442446;39.741408;,
  -1.951268;5.868814;38.581798;,
  -0.000000;8.603158;39.713280;,
  3.744321;8.695482;42.586563;,
  -3.622038;8.442446;39.741408;,
  -0.000000;9.251059;42.405008;,
  4.083711;9.038115;45.323072;,
  -0.000001;9.481368;45.048547;,
  -4.083712;9.038115;45.323072;,
  -3.744322;8.695482;42.586563;,
  -7.085232;8.096293;43.008080;,
  -6.534822;8.320781;39.523315;,
  -1.791113;5.819742;37.089088;,
  -6.420660;8.246489;35.567421;,
  -7.535464;8.247930;35.393552;,
  -6.226771;8.214564;34.377504;,
  -5.352307;8.059076;32.720794;,
  -2.059856;5.800968;31.048656;,
  -5.159773;7.868528;31.022304;,
  -2.147713;5.782623;34.800525;,
  -0.690381;1.281675;34.805024;,
  -0.575392;1.317908;31.156717;,
  -0.443976;1.259684;36.930522;,
  -1.140462;-3.419362;36.831603;,
  -0.887277;-3.739656;34.897270;,
  -1.009220;-3.970526;31.406493;,
  -0.887277;-3.739656;34.897270;,
  -4.304874;-7.196204;31.959427;,
  -1.009220;-3.970526;31.406493;,
  -4.048912;-7.099991;35.363008;,
  -4.083406;-6.674602;37.033386;,
  -1.140462;-3.419362;36.831603;,
  -0.634683;-3.367513;37.978419;,
  -0.633359;-3.338924;38.384438;,
  0.000001;-6.531779;39.649766;,
  0.000001;-3.338536;38.491661;,
  0.633360;-3.338924;38.384442;,
  0.634682;-3.367512;37.978419;,
  1.140461;-3.419361;36.831603;,
  0.887274;-3.739656;34.897270;,
  4.304872;-7.196202;31.959427;,
  1.009217;-3.970524;31.406493;,
  4.048911;-7.099989;35.363008;,
  8.861328;-0.522157;27.531949;,
  16.867144;5.669133;27.178880;,
  18.482213;-2.006957;27.948541;,
  13.613122;8.734105;26.462147;,
  13.888002;-8.336947;27.773587;,
  10.137218;9.576886;26.128528;,
  8.937221;-9.506136;27.520896;,
  6.083828;9.542919;25.920891;,
  4.077022;-8.343322;27.269571;,
  1.338570;6.191424;26.024310;,
  0.189909;-4.611218;26.919622;,
  -0.227685;1.360994;26.422680;,
  -11.140009;10.056850;28.678800;,
  -11.594734;9.706417;29.792470;,
  -10.853260;9.748043;29.212102;,
  -9.957045;9.804050;28.962918;,
  -12.063370;10.005016;29.401517;,
  -12.058376;9.686154;30.612806;,
  -11.339285;9.594646;28.228666;,
  -12.640739;9.979782;30.423091;,
  -12.173595;9.690326;31.548243;,
  -12.419300;9.534023;29.073997;,
  -13.094623;9.504502;30.268893;,
  -12.784223;9.984978;31.587990;,
  -11.922851;9.718311;32.456368;,
  -13.262451;9.510578;31.631421;,
  -12.471974;10.019818;32.718874;,
  -11.344322;9.765833;33.198912;,
  -12.897227;9.551338;32.954170;,
  -11.751528;10.079001;33.643571;,
  -10.526078;9.825670;33.662848;,
  -12.054552;9.620562;34.035750;,
  -10.732570;10.153521;34.221306;,
  -9.603209;9.888002;33.776237;,
  -10.862721;9.707720;34.711501;,
  -9.581757;10.231234;34.362710;,
  -9.515228;9.798719;34.877059;,
  -8.206654;9.880495;34.513238;,
  -8.464184;10.301073;34.051978;,
  -8.706993;9.943998;33.527062;,
  -7.126640;9.941114;33.667901;,
  -7.540823;10.352903;33.329261;,
  -7.965517;9.985618;32.946701;,
  -6.451312;9.970638;32.472998;,
  -6.963451;10.378143;32.307683;,
  -7.501877;10.005890;32.126355;,
  -6.283489;9.964554;31.110467;,
  -6.819969;10.372948;31.142778;,
  -7.386658;10.001713;31.190915;,
  -6.648714;9.923802;29.787731;,
  -7.132221;10.338104;30.011901;,
  -7.637399;9.973736;30.282794;,
  -7.491388;9.854580;28.706150;,
  -7.852665;10.278919;29.087203;,
  -8.215931;9.926205;29.540250;,
  -8.683220;9.767422;28.030403;,
  -8.871624;10.204403;28.509472;,
  -9.034176;9.866375;29.076314;,
  -10.022434;10.126678;28.368077;,
  -10.030712;9.676418;27.864829;,
  11.594734;9.706416;29.792470;,
  11.140007;10.056850;28.678800;,
  10.853258;9.748042;29.212102;,
  9.957042;9.804050;28.962918;,
  12.063368;10.005015;29.401517;,
  12.058375;9.686153;30.612806;,
  10.022434;10.126678;28.368077;,
  11.339283;9.594646;28.228666;,
  12.419298;9.534022;29.073997;,
  10.030710;9.676418;27.864829;,
  8.683217;9.767421;28.030403;,
  12.640739;9.979781;30.423091;,
  13.094622;9.504500;30.268893;,
  12.173594;9.690326;31.548243;,
  12.784222;9.984977;31.587990;,
  13.262450;9.510578;31.631421;,
  11.922851;9.718310;32.456368;,
  12.471973;10.019816;32.718874;,
  12.897226;9.551336;32.954170;,
  11.344319;9.765832;33.198912;,
  11.751527;10.078999;33.643571;,
  12.054551;9.620561;34.035750;,
  10.526075;9.825670;33.662848;,
  10.732568;10.153520;34.221306;,
  10.862718;9.707719;34.711501;,
  9.603206;9.888002;33.776237;,
  9.581756;10.231233;34.362710;,
  9.515226;9.798718;34.877059;,
  8.206650;9.880494;34.513238;,
  8.464181;10.301072;34.051978;,
  8.706990;9.943998;33.527062;,
  7.126637;9.941114;33.667901;,
  7.540820;10.352902;33.329261;,
  7.965514;9.985617;32.946701;,
  6.451311;9.970638;32.472998;,
  6.963449;10.378142;32.307683;,
  7.501874;10.005889;32.126355;,
  6.283486;9.964553;31.110467;,
  6.819966;10.372946;31.142778;,
  7.386654;10.001712;31.190915;,
  6.648711;9.923801;29.787728;,
  7.132218;10.338103;30.011898;,
  7.637398;9.973735;30.282794;,
  7.491386;9.854579;28.706150;,
  7.852663;10.278918;29.087203;,
  8.215929;9.926204;29.540250;,
  8.871622;10.204402;28.509472;,
  9.034173;9.866374;29.076314;,
  -9.984947;10.763447;29.425174;,
  -9.034176;9.866375;29.076314;,
  -9.957045;9.804050;28.962918;,
  -10.853260;9.748043;29.212102;,
  -9.252045;10.812683;29.513043;,
  -8.215931;9.926205;29.540250;,
  -10.696972;10.718693;29.620899;,
  -11.594734;9.706417;29.792470;,
  -9.978554;11.353508;30.025005;,
  -11.295231;10.684391;30.080394;,
  -12.058376;9.686154;30.612806;,
  -10.467178;11.323051;30.160646;,
  -11.681385;10.666489;30.738538;,
  -12.173595;9.690326;31.548243;,
  -10.876030;11.300327;30.479779;,
  -11.793732;10.668194;31.503264;,
  -11.922851;9.718311;32.456368;,
  -11.133022;11.289433;30.931850;,
  -11.596581;10.690438;32.256112;,
  -11.344322;9.765833;33.198912;,
  -11.198729;11.292061;31.448915;,
  -11.126593;10.729205;32.876512;,
  -10.526078;9.825670;33.662848;,
  -11.062288;11.307888;31.952733;,
  -9.908607;11.793014;31.345069;,
  -10.743496;11.334560;32.366272;,
  -10.454613;10.778498;33.266570;,
  -10.290411;11.368026;32.625542;,
  -9.695339;10.829847;33.362755;,
  -9.603209;9.888002;33.776237;,
  -9.782902;11.402413;32.688675;,
  -8.706993;9.943998;33.527062;,
  -8.958414;10.875822;33.154883;,
  -9.290150;11.433094;32.550880;,
  -8.350798;10.909771;32.669312;,
  -7.965517;9.985618;32.946701;,
  -8.879883;11.455791;32.227158;,
  -8.624985;11.466430;31.770797;,
  -7.976662;10.925907;31.985894;,
  -7.501877;10.005890;32.126355;,
  -8.563638;11.463463;31.252214;,
  -7.891779;10.922012;31.211997;,
  -7.386658;10.001713;31.190915;,
  -8.704178;11.447426;30.750544;,
  -8.114784;10.898491;30.472304;,
  -7.637399;9.973736;30.282794;,
  -9.024418;11.420773;30.341565;,
  -8.593048;10.860165;29.878688;,
  -9.475441;11.387570;30.086618;,
  9.034173;9.866374;29.076314;,
  9.984946;10.763446;29.425174;,
  9.957042;9.804050;28.962918;,
  10.853258;9.748042;29.212102;,
  9.252041;10.812682;29.513043;,
  8.215929;9.926204;29.540250;,
  10.696971;10.718692;29.620899;,
  11.594734;9.706416;29.792470;,
  9.978553;11.353507;30.025005;,
  11.295229;10.684390;30.080394;,
  12.058375;9.686153;30.612806;,
  10.467177;11.323050;30.160646;,
  11.681382;10.666488;30.738538;,
  12.173594;9.690326;31.548243;,
  10.876029;11.300326;30.479779;,
  11.793729;10.668193;31.503264;,
  11.922851;9.718310;32.456368;,
  11.133019;11.289431;30.931850;,
  11.596579;10.690436;32.256112;,
  11.344319;9.765832;33.198912;,
  11.198726;11.292060;31.448915;,
  11.126590;10.729204;32.876512;,
  10.526075;9.825670;33.662848;,
  11.062286;11.307887;31.952733;,
  9.908605;11.793014;31.345069;,
  10.743495;11.334559;32.366272;,
  10.454611;10.778497;33.266570;,
  10.290409;11.368026;32.625542;,
  9.695338;10.829846;33.362755;,
  9.603206;9.888002;33.776237;,
  8.706990;9.943998;33.527062;,
  9.782901;11.402411;32.688675;,
  8.958411;10.875821;33.154883;,
  8.350794;10.909770;32.669312;,
  7.965514;9.985617;32.946701;,
  9.290149;11.433093;32.550880;,
  8.879881;11.455790;32.227158;,
  8.624981;11.466430;31.770797;,
  7.976660;10.925906;31.985894;,
  7.501874;10.005889;32.126355;,
  8.563636;11.463462;31.252214;,
  7.891776;10.922011;31.211997;,
  7.386654;10.001712;31.190915;,
  8.704174;11.447425;30.750544;,
  8.114782;10.898490;30.472304;,
  7.637398;9.973735;30.282794;,
  9.024414;11.420771;30.341565;,
  8.593046;10.860164;29.878688;,
  9.475437;11.387569;30.086618;,
  -0.000001;10.877229;50.418755;,
  -3.247789;9.837605;50.512586;,
  -0.000001;10.124264;50.537373;,
  3.247787;9.837605;50.512586;,
  -3.053155;10.576966;50.369194;,
  -3.556665;9.828987;50.220534;,
  3.053154;10.576966;50.369194;,
  3.556663;9.828987;50.220534;,
  -0.000001;11.182090;45.267258;,
  3.362838;10.562216;50.074387;,
  3.426116;10.791152;45.745875;,
  3.638549;10.073899;45.423366;,
  3.344692;10.116874;45.105466;,
  3.129928;10.843603;45.426451;,
  -0.000001;10.383634;44.956090;,
  -3.129930;10.843603;45.426451;,
  -3.344693;10.116874;45.105466;,
  -3.426118;10.791152;45.745875;,
  -3.638551;10.073899;45.423366;,
  -3.362840;10.562216;50.074387;,
  -0.000001;10.587550;49.799344;,
  -4.847299;8.339821;50.597510;,
  -0.000001;9.452681;50.186557;,
  4.847298;8.339821;50.597510;,
  -5.376788;9.434907;50.006400;,
  -9.921480;5.834718;51.472995;,
  5.376786;9.434907;50.006400;,
  9.921479;5.834719;51.472995;,
  -0.000001;10.736631;45.746461;,
  10.962760;6.703374;51.038768;,
  11.627923;1.239877;52.076234;,
  7.153252;9.210008;46.373366;,
  13.105473;1.250938;51.909206;,
  10.269234;-2.393766;52.330390;,
  12.113052;6.366952;47.258714;,
  4.817260;9.839378;46.147245;,
  4.083711;9.038115;45.323072;,
  6.708372;8.251428;45.566704;,
  -0.000001;9.481368;45.048547;,
  11.584343;5.704261;46.472262;,
  -4.083712;9.038115;45.323072;,
  14.168037;0.730552;48.225462;,
  13.142068;0.908670;47.391050;,
  11.927128;-4.139616;48.786659;,
  11.163286;-3.284583;47.994800;,
  11.218123;-3.407017;52.120083;,
  6.972382;-4.172341;52.417245;,
  7.868832;-6.244638;48.971427;,
  7.446582;-5.337154;48.146755;,
  7.627297;-5.457278;52.221024;,
  3.660469;-4.934043;52.451331;,
  4.132668;-7.204229;49.000880;,
  3.902894;-6.078025;48.191021;,
  0.000000;-6.407581;48.157453;,
  4.186464;-6.520524;52.473786;,
  0.000000;-7.508853;48.930672;,
  0.000000;-6.706030;52.413462;,
  0.000000;-5.099499;52.436192;,
  -3.660469;-4.934044;52.451331;,
  -4.186463;-6.520524;52.473786;,
  -4.132667;-7.204229;49.000880;,
  -3.902894;-6.078025;48.191021;,
  -7.446582;-5.337154;48.146755;,
  -7.627297;-5.457279;52.221024;,
  -6.972382;-4.172342;52.417245;,
  -7.868831;-6.244638;48.971427;,
  -11.163284;-3.284584;47.994800;,
  -11.218123;-3.407018;52.120083;,
  -10.269234;-2.393767;52.330390;,
  -11.927127;-4.139617;48.786659;,
  -13.142068;0.908669;47.391050;,
  -13.105473;1.250937;51.909206;,
  -11.627923;1.239876;52.076234;,
  -14.168037;0.730551;48.225462;,
  -11.584345;5.704260;46.472262;,
  -12.113054;6.366951;47.258714;,
  -6.708373;8.251428;45.566704;,
  -10.962761;6.703373;51.038768;,
  -7.153253;9.210008;46.373366;,
  -4.817262;9.839378;46.147245;;
  788;
  3;0,1,2;,
  3;3,0,2;,
  3;1,0,4;,
  3;5,6,7;,
  3;5,8,6;,
  3;7,9,5;,
  3;5,10,8;,
  3;9,11,5;,
  3;5,12,10;,
  3;13,5,11;,
  3;5,14,12;,
  3;13,15,5;,
  3;5,16,14;,
  3;5,15,16;,
  3;17,18,19;,
  3;18,17,20;,
  3;21,20,17;,
  3;20,22,18;,
  3;20,21,23;,
  3;22,20,24;,
  3;23,24,20;,
  3;24,25,22;,
  3;24,23,26;,
  3;25,24,27;,
  3;27,28,25;,
  3;26,29,24;,
  3;27,24,29;,
  3;28,27,30;,
  3;27,29,30;,
  3;30,31,28;,
  3;32,29,26;,
  3;32,30,29;,
  3;32,26,33;,
  3;31,30,34;,
  3;30,32,34;,
  3;34,35,31;,
  3;32,33,36;,
  3;35,34,37;,
  3;37,34,32;,
  3;37,38,35;,
  3;38,37,39;,
  3;37,32,39;,
  3;39,40,38;,
  3;41,39,32;,
  3;36,41,32;,
  3;40,39,42;,
  3;39,41,42;,
  3;42,43,40;,
  3;43,42,44;,
  3;44,42,41;,
  3;44,45,43;,
  3;41,46,44;,
  3;45,44,46;,
  3;36,46,41;,
  3;46,47,45;,
  3;48,46,36;,
  3;47,46,49;,
  3;46,48,49;,
  3;1,49,48;,
  3;49,50,47;,
  3;49,1,4;,
  3;50,49,4;,
  3;4,51,50;,
  3;51,4,0;,
  3;0,52,51;,
  3;52,0,53;,
  3;0,3,53;,
  3;53,54,52;,
  3;55,53,3;,
  3;54,53,56;,
  3;53,55,56;,
  3;56,57,54;,
  3;55,58,56;,
  3;57,56,58;,
  3;58,59,57;,
  3;58,55,60;,
  3;59,58,61;,
  3;60,61,58;,
  3;61,60,62;,
  3;63,64,65;,
  3;64,63,66;,
  3;66,67,64;,
  3;68,66,63;,
  3;67,66,69;,
  3;66,68,70;,
  3;70,69,66;,
  3;71,70,68;,
  3;69,70,72;,
  3;70,71,73;,
  3;74,73,71;,
  3;72,70,75;,
  3;73,75,70;,
  3;73,74,76;,
  3;73,76,75;,
  3;77,76,74;,
  3;78,72,75;,
  3;76,78,75;,
  3;78,79,72;,
  3;78,80,79;,
  3;76,77,81;,
  3;78,76,81;,
  3;82,81,77;,
  3;81,82,83;,
  3;83,78,81;,
  3;84,83,82;,
  3;83,84,85;,
  3;83,85,78;,
  3;86,85,84;,
  3;85,87,78;,
  3;80,78,87;,
  3;85,86,88;,
  3;87,85,88;,
  3;89,88,86;,
  3;88,89,90;,
  3;90,87,88;,
  3;91,90,89;,
  3;87,90,92;,
  3;90,91,92;,
  3;80,87,92;,
  3;93,92,91;,
  3;92,94,80;,
  3;92,93,95;,
  3;94,92,95;,
  3;96,95,93;,
  3;95,97,94;,
  3;95,96,98;,
  3;97,95,98;,
  3;99,98,96;,
  3;100,97,98;,
  3;98,99,100;,
  3;97,100,101;,
  3;102,100,99;,
  3;100,103,101;,
  3;100,102,104;,
  3;103,100,104;,
  3;105,104,102;,
  3;104,106,103;,
  3;104,105,107;,
  3;106,104,107;,
  3;108,107,105;,
  3;109,106,107;,
  3;107,108,109;,
  3;110,109,108;,
  3;106,109,111;,
  3;109,110,112;,
  3;112,111,109;,
  3;111,112,113;,
  3;114,115,116;,
  3;115,114,117;,
  3;117,118,115;,
  3;119,117,114;,
  3;118,117,120;,
  3;121,118,120;,
  3;121,120,122;,
  3;117,123,120;,
  3;122,120,123;,
  3;117,119,124;,
  3;123,117,125;,
  3;124,125,117;,
  3;119,126,124;,
  3;126,119,127;,
  3;125,124,128;,
  3;127,129,126;,
  3;129,127,130;,
  3;131,124,126;,
  3;124,131,128;,
  3;126,132,131;,
  3;132,126,129;,
  3;131,133,128;,
  3;134,131,132;,
  3;131,134,133;,
  3;132,135,134;,
  3;134,136,133;,
  3;136,134,135;,
  3;137,128,133;,
  3;137,133,136;,
  3;128,137,138;,
  3;138,125,128;,
  3;125,138,139;,
  3;139,123,125;,
  3;140,138,137;,
  3;140,139,138;,
  3;140,137,141;,
  3;142,140,141;,
  3;140,142,143;,
  3;140,143,139;,
  3;137,144,141;,
  3;145,139,143;,
  3;144,137,146;,
  3;136,146,137;,
  3;147,144,146;,
  3;136,147,146;,
  3;144,147,148;,
  3;147,136,149;,
  3;150,148,147;,
  3;149,150,147;,
  3;148,150,151;,
  3;150,152,151;,
  3;149,136,153;,
  3;136,135,153;,
  3;150,149,154;,
  3;153,154,149;,
  3;152,150,155;,
  3;155,156,152;,
  3;157,150,154;,
  3;150,157,155;,
  3;156,155,158;,
  3;159,155,157;,
  3;155,159,158;,
  3;160,156,158;,
  3;159,160,158;,
  3;156,160,161;,
  3;157,162,159;,
  3;154,162,157;,
  3;163,161,160;,
  3;164,161,163;,
  3;163,165,164;,
  3;163,166,165;,
  3;166,167,165;,
  3;167,168,169;,
  3;168,167,170;,
  3;167,166,170;,
  3;170,171,168;,
  3;163,172,166;,
  3;163,160,172;,
  3;171,170,173;,
  3;174,171,173;,
  3;175,170,166;,
  3;170,175,173;,
  3;172,176,166;,
  3;166,176,175;,
  3;176,172,177;,
  3;160,177,172;,
  3;177,160,178;,
  3;160,159,178;,
  3;179,176,177;,
  3;180,178,159;,
  3;181,177,178;,
  3;180,181,178;,
  3;181,179,177;,
  3;159,182,180;,
  3;159,162,182;,
  3;181,180,183;,
  3;182,183,180;,
  3;183,184,181;,
  3;179,181,184;,
  3;183,182,185;,
  3;184,183,186;,
  3;185,186,183;,
  3;186,187,184;,
  3;188,184,187;,
  3;184,188,179;,
  3;187,186,189;,
  3;188,190,179;,
  3;176,179,190;,
  3;190,188,191;,
  3;190,175,176;,
  3;192,191,193;,
  3;191,192,190;,
  3;194,190,192;,
  3;190,194,195;,
  3;175,190,195;,
  3;196,195,194;,
  3;196,197,195;,
  3;197,175,195;,
  3;197,173,175;,
  3;173,197,198;,
  3;199,198,197;,
  3;199,200,198;,
  3;201,198,200;,
  3;198,202,173;,
  3;173,202,174;,
  3;202,203,174;,
  3;202,198,204;,
  3;198,201,204;,
  3;205,201,206;,
  3;201,205,204;,
  3;205,207,204;,
  3;207,205,208;,
  3;209,208,210;,
  3;208,209,207;,
  3;211,204,207;,
  3;209,211,207;,
  3;204,211,202;,
  3;211,209,212;,
  3;203,202,211;,
  3;213,211,212;,
  3;211,213,203;,
  3;214,203,213;,
  3;215,203,214;,
  3;203,215,216;,
  3;216,217,218;,
  3;215,219,216;,
  3;219,215,220;,
  3;220,221,219;,
  3;217,216,222;,
  3;222,223,217;,
  3;224,216,219;,
  3;216,224,222;,
  3;223,222,225;,
  3;225,226,223;,
  3;227,222,224;,
  3;222,227,225;,
  3;226,225,228;,
  3;228,229,226;,
  3;229,228,230;,
  3;228,231,230;,
  3;225,232,228;,
  3;231,228,232;,
  3;232,225,227;,
  3;232,145,231;,
  3;145,232,233;,
  3;233,232,227;,
  3;139,145,233;,
  3;233,123,139;,
  3;227,234,233;,
  3;123,233,234;,
  3;224,234,227;,
  3;122,123,234;,
  3;234,224,235;,
  3;219,235,224;,
  3;234,236,122;,
  3;235,236,234;,
  3;237,122,236;,
  3;237,236,238;,
  3;236,239,238;,
  3;239,240,241;,
  3;239,236,242;,
  3;240,239,242;,
  3;236,235,242;,
  3;243,240,242;,
  3;240,243,244;,
  3;245,242,235;,
  3;242,245,243;,
  3;235,219,245;,
  3;221,245,219;,
  3;245,221,246;,
  3;247,245,246;,
  3;245,247,243;,
  3;247,244,243;,
  3;244,247,248;,
  3;249,250,251;,
  3;250,249,252;,
  3;252,130,250;,
  3;130,252,129;,
  3;249,253,252;,
  3;253,129,252;,
  3;253,249,254;,
  3;129,253,132;,
  3;135,132,253;,
  3;255,253,254;,
  3;253,255,135;,
  3;255,153,135;,
  3;153,255,256;,
  3;256,257,153;,
  3;257,256,258;,
  3;154,153,257;,
  3;259,257,258;,
  3;162,154,257;,
  3;257,259,162;,
  3;260,162,259;,
  3;162,260,182;,
  3;260,185,182;,
  3;185,260,261;,
  3;262,185,261;,
  3;263,262,264;,
  3;185,262,265;,
  3;262,263,265;,
  3;186,185,265;,
  3;189,265,263;,
  3;265,189,186;,
  3;266,267,268;,
  3;266,269,267;,
  3;266,268,270;,
  3;269,266,271;,
  3;266,270,272;,
  3;271,266,273;,
  3;266,272,274;,
  3;275,273,266;,
  3;266,274,276;,
  3;275,266,277;,
  3;266,276,277;,
  3;278,279,280;,
  3;281,278,280;,
  3;279,278,282;,
  3;282,283,279;,
  3;284,282,278;,
  3;283,282,285;,
  3;285,286,283;,
  3;282,284,287;,
  3;287,285,282;,
  3;285,287,288;,
  3;286,285,289;,
  3;288,289,285;,
  3;289,290,286;,
  3;289,288,291;,
  3;290,289,292;,
  3;291,292,289;,
  3;292,293,290;,
  3;292,291,294;,
  3;293,292,295;,
  3;294,295,292;,
  3;295,296,293;,
  3;295,294,297;,
  3;296,295,298;,
  3;297,298,295;,
  3;298,299,296;,
  3;298,297,300;,
  3;300,301,298;,
  3;299,298,301;,
  3;301,300,302;,
  3;303,301,302;,
  3;304,299,301;,
  3;301,303,304;,
  3;299,304,305;,
  3;306,304,303;,
  3;307,305,304;,
  3;304,306,307;,
  3;305,307,308;,
  3;309,307,306;,
  3;310,308,307;,
  3;307,309,310;,
  3;308,310,311;,
  3;312,310,309;,
  3;313,311,310;,
  3;310,312,313;,
  3;311,313,314;,
  3;315,313,312;,
  3;316,314,313;,
  3;313,315,316;,
  3;314,316,317;,
  3;318,316,315;,
  3;319,317,316;,
  3;316,318,319;,
  3;317,319,320;,
  3;321,319,318;,
  3;322,320,319;,
  3;319,321,322;,
  3;320,322,323;,
  3;322,281,323;,
  3;321,324,322;,
  3;281,322,324;,
  3;324,321,325;,
  3;278,281,324;,
  3;284,324,325;,
  3;324,284,278;,
  3;326,327,328;,
  3;327,329,328;,
  3;327,326,330;,
  3;331,330,326;,
  3;329,327,332;,
  3;330,333,327;,
  3;333,332,327;,
  3;333,330,334;,
  3;332,333,335;,
  3;336,332,335;,
  3;337,334,330;,
  3;330,331,337;,
  3;334,337,338;,
  3;339,337,331;,
  3;340,338,337;,
  3;337,339,340;,
  3;338,340,341;,
  3;342,340,339;,
  3;343,341,340;,
  3;340,342,343;,
  3;341,343,344;,
  3;345,343,342;,
  3;346,344,343;,
  3;343,345,346;,
  3;344,346,347;,
  3;348,346,345;,
  3;349,347,346;,
  3;346,348,349;,
  3;347,349,350;,
  3;351,349,348;,
  3;352,350,349;,
  3;349,351,352;,
  3;350,352,353;,
  3;352,354,353;,
  3;351,355,352;,
  3;354,352,355;,
  3;355,351,356;,
  3;355,357,354;,
  3;356,358,355;,
  3;357,355,358;,
  3;358,356,359;,
  3;358,360,357;,
  3;359,361,358;,
  3;360,358,361;,
  3;361,359,362;,
  3;361,363,360;,
  3;362,364,361;,
  3;363,361,364;,
  3;364,362,365;,
  3;364,366,363;,
  3;365,367,364;,
  3;366,364,367;,
  3;367,365,368;,
  3;367,369,366;,
  3;368,370,367;,
  3;369,367,370;,
  3;370,368,371;,
  3;370,336,369;,
  3;371,372,370;,
  3;336,370,372;,
  3;372,371,373;,
  3;332,336,372;,
  3;329,372,373;,
  3;372,329,332;,
  3;374,375,376;,
