xof 0303txt 0032
template ColorRGBA {
 <35ff44e0-6c7c-11cf-8f52-0040333594a3>
 FLOAT red;
 FLOAT green;
 FLOAT blue;
 FLOAT alpha;
}

template ColorRGB {
 <d3e16e81-7835-11cf-8f52-0040333594a3>
 FLOAT red;
 FLOAT green;
 FLOAT blue;
}

template Material {
 <3d82ab4d-62da-11cf-ab39-0020af71e433>
 ColorRGBA faceColor;
 FLOAT power;
 ColorRGB specularColor;
 ColorRGB emissiveColor;
 [...]
}

template TextureFilename {
 <a42790e1-7810-11cf-8f52-0040333594a3>
 STRING filename;
}

template Frame {
 <3d82ab46-62da-11cf-ab39-0020af71e433>
 [...]
}

template Matrix4x4 {
 <f6f23f45-7686-11cf-8f52-0040333594a3>
 array FLOAT matrix[16];
}

template FrameTransformMatrix {
 <f6f23f41-7686-11cf-8f52-0040333594a3>
 Matrix4x4 frameMatrix;
}

template Vector {
 <3d82ab5e-62da-11cf-ab39-0020af71e433>
 FLOAT x;
 FLOAT y;
 FLOAT z;
}

template MeshFace {
 <3d82ab5f-62da-11cf-ab39-0020af71e433>
 DWORD nFaceVertexIndices;
 array DWORD faceVertexIndices[nFaceVertexIndices];
}

template Mesh {
 <3d82ab44-62da-11cf-ab39-0020af71e433>
 DWORD nVertices;
 array Vector vertices[nVertices];
 DWORD nFaces;
 array MeshFace faces[nFaces];
 [...]
}

template MeshNormals {
 <f6f23f43-7686-11cf-8f52-0040333594a3>
 DWORD nNormals;
 array Vector normals[nNormals];
 DWORD nFaceNormals;
 array MeshFace faceNormals[nFaceNormals];
}

template MeshMaterialList {
 <f6f23f42-7686-11cf-8f52-0040333594a3>
 DWORD nMaterials;
 DWORD nFaceIndexes;
 array DWORD faceIndexes[nFaceIndexes];
 [Material <3d82ab4d-62da-11cf-ab39-0020af71e433>]
}

template Coords2d {
 <f6f23f44-7686-11cf-8f52-0040333594a3>
 FLOAT u;
 FLOAT v;
}

template MeshTextureCoords {
 <f6f23f40-7686-11cf-8f52-0040333594a3>
 DWORD nTextureCoords;
 array Coords2d textureCoords[nTextureCoords];
}

template XSkinMeshHeader {
 <3cf169ce-ff7c-44ab-93c0-f78f62d172e2>
 WORD nMaxSkinWeightsPerVertex;
 WORD nMaxSkinWeightsPerFace;
 WORD nBones;
}

template SkinWeights {
 <6f0d123b-bad2-4167-a0d0-80224f25fabb>
 STRING transformNodeName;
 DWORD nWeights;
 array DWORD vertexIndices[nWeights];
 array FLOAT weights[nWeights];
 Matrix4x4 matrixOffset;
}

template AnimTicksPerSecond {
 <9e415a43-7ba6-4a73-8743-b73d47e88476>
 DWORD AnimTicksPerSecond;
}

template Animation {
 <3d82ab4f-62da-11cf-ab39-0020af71e433>
 [...]
}

template AnimationSet {
 <3d82ab50-62da-11cf-ab39-0020af71e433>
 [Animation <3d82ab4f-62da-11cf-ab39-0020af71e433>]
}

template FloatKeys {
 <10dd46a9-775b-11cf-8f52-0040333594a3>
 DWORD nValues;
 array FLOAT values[nValues];
}

template TimedFloatKeys {
 <f406b180-7b3b-11cf-8f52-0040333594a3>
 DWORD time;
 FloatKeys tfkeys;
}

template AnimationKey {
 <10dd46a8-775b-11cf-8f52-0040333594a3>
 DWORD keyType;
 DWORD nKeys;
 array TimedFloatKeys keys[nKeys];
}


Material Standard_13aa_182 {
 1.000000;1.000000;1.000000;1.000000;;
 43.219280;
 0.020000;0.020000;0.020000;;
 0.000000;0.000000;0.000000;;

 TextureFilename {
  "F_Skin_body_D.dds";
 }
}

Material CL_202 {
 1.000000;1.000000;1.000000;1.000000;;
 43.219280;
 0.020000;0.020000;0.020000;;
 0.000000;0.000000;0.000000;;

 TextureFilename {
  "11400395_M_BuckleMustangJacket_D.dds";
 }
}

Frame Scene_Root {
 

 FrameTransformMatrix {
  0.393701,0.000000,0.000000,0.000000,0.000000,-0.000000,-0.393701,0.000000,0.000000,0.393701,-0.000000,0.000000,0.000000,0.000000,0.000000,1.000000;;
 }

 Frame Bip01 {
  

  FrameTransformMatrix {
   0.000001,0.997564,-0.069757,0.000000,-1.000000,0.000001,-0.000000,0.000000,0.000000,0.069757,0.997564,0.000000,0.013153,1.995826,45.297594,1.000000;;
  }

  Frame Bip01_Footsteps {
   

   FrameTransformMatrix {
    0.000002,-1.000000,0.000000,0.000000,0.997564,0.000002,0.069757,0.000000,-0.069757,-0.000000,0.997564,0.000000,3.162076,0.000004,-45.219146,1.000000;;
   }
  }

  Frame Bip01_Pelvis {
   

   FrameTransformMatrix {
    0.000001,-0.000000,1.000000,0.000000,-1.000000,0.000001,0.000001,0.000000,-0.000001,-1.000000,-0.000000,0.000000,0.000000,0.000000,0.000000,1.000000;;
   }

   Frame Bip01_Spine {
    

    FrameTransformMatrix {
     0.998707,-0.050824,0.000001,0.000000,0.050824,0.998708,0.000004,0.000000,-0.000001,-0.000004,1.000000,0.000000,3.672924,-0.256297,0.000005,1.000000;;
    }

    Frame Bip01_Spine1 {
     

     FrameTransformMatrix {
      0.996899,0.078688,-0.000000,0.000000,-0.078688,0.996900,0.000000,0.000000,0.000000,-0.000000,1.000000,0.000000,5.748703,0.004559,-0.000000,1.000000;;
     }

     Frame Bip01_Spine2 {
      

      FrameTransformMatrix {
       0.983435,0.181259,-0.000001,0.000000,-0.181260,0.983436,0.000000,0.000000,0.000001,0.000000,1.000000,0.000000,5.739044,0.013319,-0.000000,1.000000;;
      }

      Frame Bip01_Neck {
       

       FrameTransformMatrix {
        0.967684,-0.252167,0.000001,0.000000,0.252168,0.967684,0.000000,0.000000,-0.000001,0.000000,1.000000,0.000000,17.185211,0.674539,0.000002,1.000000;;
       }

       Frame Bip01_Head {
        

        FrameTransformMatrix {
         0.993567,0.113247,-0.000000,0.000000,-0.113247,0.993567,0.000000,0.000000,0.000000,0.000000,1.000000,0.000000,4.018600,0.785322,-0.013147,1.000000;;
        }

        Frame Bip01_HeadNub {
         

         FrameTransformMatrix {
          1.000000,0.000000,-0.000000,0.000000,-0.000000,1.000000,0.000000,0.000000,0.000000,-0.000000,1.000000,0.000000,51.565370,0.000000,-0.000001,1.000000;;
         }
        }

        Frame Tail_Point02 {
         

         FrameTransformMatrix {
          0.000001,-0.000000,1.000000,0.000000,-1.000000,-0.001053,0.000001,0.000000,0.001053,-1.000000,-0.000000,0.000000,16.815750,-15.102230,19.392774,1.000000;;
         }
        }

        Frame Tail_Point01 {
         

         FrameTransformMatrix {
          0.000001,-0.000000,1.000000,0.000000,-1.000000,-0.001053,0.000001,0.000000,0.001053,-1.000000,-0.000000,0.000000,10.205887,-23.173664,4.274390,1.000000;;
         }
        }

        Frame Tail_Point04 {
         

         FrameTransformMatrix {
          0.000001,-0.000000,1.000000,0.000000,-1.000000,-0.001053,0.000001,0.000000,0.001053,-1.000000,-0.000000,0.000000,16.816238,-15.102278,-19.392982,1.000000;;
         }
        }

        Frame Tail_Point03 {
         

         FrameTransformMatrix {
          0.000001,-0.000000,1.000000,0.000000,-1.000000,-0.001053,0.000001,0.000000,0.001053,-1.000000,-0.000000,0.000000,10.205734,-23.173675,-4.273971,1.000000;;
         }
        }

        Frame Tail_Point05 {
         

         FrameTransformMatrix {
          0.000001,-0.000000,1.000000,0.000000,-1.000000,-0.001053,0.000001,0.000000,0.001053,-1.000000,-0.000000,0.000000,16.056053,-22.219256,9.580284,1.000000;;
         }
        }

        Frame Tail_Point06 {
         

         FrameTransformMatrix {
          0.000001,-0.000000,1.000000,0.000000,-1.000000,-0.001053,0.000001,0.000000,0.001053,-1.000000,-0.000000,0.000000,6.344940,-18.883522,13.965822,1.000000;;
         }
        }

        Frame Tail_Point07 {
         

         FrameTransformMatrix {
          0.000001,-0.000000,1.000000,0.000000,-1.000000,-0.001053,0.000001,0.000000,0.001053,-1.000000,-0.000000,0.000000,6.742806,-18.883146,-14.099018,1.000000;;
         }
        }

        Frame Tail_Point08 {
         

         FrameTransformMatrix {
          0.000001,-0.000000,1.000000,0.000000,-1.000000,-0.001053,0.000001,0.000000,0.001053,-1.000000,-0.000000,0.000000,16.056030,-22.219278,-9.579971,1.000000;;
         }
        }
       }

       Frame Bip01_L_Clavicle {
        

        FrameTransformMatrix {
         -0.307849,-0.008913,0.951393,0.000000,0.252271,-0.964930,0.072590,0.000000,0.917381,0.262355,0.299302,0.000000,-1.842415,0.188778,3.177583,1.000000;;
        }

        Frame Bip01_L_UpperArm {
         

         FrameTransformMatrix {
          0.835931,-0.092037,-0.541063,0.000000,-0.025557,0.978242,-0.205888,0.000000,0.548240,0.185936,0.815390,0.000000,7.100719,-0.000001,0.000008,1.000000;;
         }

         Frame Bip01_L_Forearm {
          

          FrameTransformMatrix {
           0.999999,0.001452,-0.000000,0.000000,-0.001452,0.999999,-0.000000,0.000000,0.000000,0.000000,1.000000,0.000000,15.525939,0.000000,-0.000008,1.000000;;
          }

          Frame Bip01_L_Hand {
           

           FrameTransformMatrix {
            0.999650,-0.022704,0.013559,0.000000,-0.014317,-0.033570,0.999334,0.000000,-0.022233,-0.999179,-0.033883,0.000000,13.317222,-0.000001,-0.000004,1.000000;;
           }

           Frame Weapon_Hand_L_Point {
            

            FrameTransformMatrix {
             0.039464,-0.100056,0.994199,0.000000,0.998798,-0.024994,-0.042162,0.000000,0.029067,0.994668,0.098950,0.000000,11.464715,-1.377167,-0.147705,1.000000;;
            }
           }
          }
         }

         Frame Bip01_L_ForeTwist {
          

          FrameTransformMatrix {
           0.999999,0.001452,-0.000000,0.000000,-0.001452,0.999935,0.011299,0.000000,0.000016,-0.011299,0.999936,0.000000,15.525939,0.000000,-0.000008,1.000000;;
          }

          Frame Bip01_L_ForeTwist1 {
           

           FrameTransformMatrix {
            1.000000,-0.000000,0.000000,0.000000,0.000000,0.999936,0.011299,0.000000,-0.000000,-0.011299,0.999936,0.000000,6.658611,-0.000001,-0.000000,1.000000;;
           }
          }
         }

         Frame Bip01_L_UpperTwist_Bone01 {
          

          FrameTransformMatrix {
           1.000000,-0.000000,-0.000000,0.000000,0.000000,1.000000,0.000000,0.000000,0.000000,-0.000000,1.000000,0.000000,0.000011,-0.000001,-0.000011,1.000000;;
          }
         }
        }
       }

       Frame Bip01_R_Clavicle {
        

        FrameTransformMatrix {
         -0.307849,-0.008918,-0.951394,0.000000,0.252271,-0.964931,-0.072584,0.000000,-0.917381,-0.262354,0.299303,0.000000,-1.842430,0.188762,-3.177590,1.000000;;
        }

        Frame Bip01_R_UpperArm {
         

         FrameTransformMatrix {
          0.835930,-0.092037,0.541063,0.000000,-0.025557,0.978242,0.205888,0.000000,-0.548240,-0.185936,0.815390,0.000000,7.100721,0.000001,-0.000015,1.000000;;
         }

         Frame Bip01_R_Forearm {
          

          FrameTransformMatrix {
           0.999999,0.001452,0.000000,0.000000,-0.001452,0.999999,0.000000,0.000000,0.000000,-0.000000,1.000000,0.000000,15.525955,0.000000,0.000000,1.000000;;
          }

          Frame Bip01_R_Hand {
           

           FrameTransformMatrix {
            0.999650,-0.022704,-0.013559,0.000000,-0.014317,-0.033570,-0.999334,0.000000,0.022233,0.999179,-0.033883,0.000000,13.317234,-0.000000,-0.000008,1.000000;;
           }

           Frame Weapon_Hand_R_Point {
            

            FrameTransformMatrix {
             -0.074295,0.100867,0.992123,0.000000,0.996813,-0.021483,0.076830,0.000000,0.029064,0.994669,-0.098950,0.000000,11.482882,-1.359409,0.123646,1.000000;;
            }
           }
          }
         }

         Frame Bip01_R_ForeTwist {
          

          FrameTransformMatrix {
           0.999999,0.001452,0.000000,0.000000,-0.001452,0.999935,-0.011299,0.000000,-0.000016,0.011299,0.999936,0.000000,15.525955,0.000000,0.000000,1.000000;;
          }

          Frame Bip01_R_ForeTwist1 {
           

           FrameTransformMatrix {
            1.000000,0.000000,0.000000,0.000000,-0.000000,0.999936,-0.011299,0.000000,-0.000000,0.011299,0.999936,0.000000,6.658613,0.000001,0.000008,1.000000;;
           }
          }
         }

         Frame Bip01_R_UpperTwist_Bone01 {
          

          FrameTransformMatrix {
           1.000000,0.000000,-0.000001,0.000000,-0.000000,1.000000,0.000001,0.000000,0.000001,-0.000001,1.000000,0.000000,0.000004,-0.000001,-0.000008,1.000000;;
          }
         }
        }
       }
      }
     }

     Frame Weapon_Back_B_Point {
      

      FrameTransformMatrix {
       0.040356,-0.997590,0.056439,0.000000,0.641886,0.069172,0.763674,0.000000,-0.765738,0.005408,0.643130,0.000000,6.044247,14.009643,3.010172,1.000000;;
      }
     }

     Frame Weapon_Back_R_Point {
      

      FrameTransformMatrix {
       -0.040305,-0.993897,0.102682,0.000000,-0.485235,0.109303,0.867525,0.000000,-0.873454,-0.014859,-0.486679,0.000000,22.008560,10.240378,-28.863226,1.000000;;
      }
     }
    }
   }

   Frame Bip01_L_Thigh {
    

    FrameTransformMatrix {
     -0.997055,0.052067,0.056309,0.000000,0.051801,0.998638,-0.006171,0.000000,-0.056553,-0.003236,-0.998394,0.000000,-0.000011,-0.000013,7.749224,1.000000;;
    }

    Frame Bip01_L_Calf {
     

     FrameTransformMatrix {
      0.999627,0.027315,-0.000000,0.000000,-0.027315,0.999627,-0.000000,0.000000,0.000000,0.000000,1.000000,0.000000,22.080971,-0.000000,0.000001,1.000000;;
     }

     Frame L_Calf_Point01 {
      

      FrameTransformMatrix {
       0.987262,-0.148879,0.056111,0.000000,0.147711,0.988729,0.024430,0.000000,-0.059116,-0.015831,0.998126,0.000000,12.996113,0.544429,-1.375637,1.000000;;
      }
     }
    }
   }

   Frame Bip01_R_Thigh {
    

    FrameTransformMatrix {
     -0.997055,0.052067,-0.056311,0.000000,0.051801,0.998639,0.006174,0.000000,0.056556,0.003238,-0.998395,0.000000,0.000011,0.000009,-7.749222,1.000000;;
    }

    Frame Bip01_R_Calf {
     

     FrameTransformMatrix {
      0.999627,0.027315,-0.000000,0.000000,-0.027315,0.999627,-0.000000,0.000000,0.000000,0.000000,1.000001,0.000000,22.080992,-0.000000,-0.000002,1.000000;;
     }

     Frame R_Calf_Point01 {
      

      FrameTransformMatrix {
       0.987418,-0.147839,-0.056125,0.000000,0.146677,0.988886,-0.024316,0.000000,0.059096,0.015778,0.998128,0.000000,12.995920,0.544455,1.372128,1.000000;;
      }
     }
    }
   }

   Frame Weapon_Side_L_Point {
    

    FrameTransformMatrix {
     -0.395956,-0.031511,-0.917728,0.000000,-0.496462,0.848098,0.185080,0.000000,0.772492,0.528901,-0.351454,0.000000,3.514828,-8.649691,15.920971,1.000000;;
    }
   }

   Frame Weapon_Side_R_Point {
    

    FrameTransformMatrix {
     0.375618,0.017156,-0.926615,0.000000,-0.498300,0.846749,-0.186317,0.000000,0.781414,0.531716,0.326603,0.000000,3.401978,-8.603474,-15.780378,1.000000;;
    }
   }
  }

  Frame EFF_Lock_D {
   

   FrameTransformMatrix {
    0.997581,0.000000,0.069521,0.000000,-0.000000,1.000000,0.000000,0.000000,-0.069521,-0.000000,0.997580,0.000000,1.168878,0.013154,-45.326448,1.000000;;
   }

   Frame Extra_Point01 {
    

    FrameTransformMatrix {
     0.000001,-1.000000,-0.000000,0.000000,1.000000,0.000001,0.000237,0.000000,-0.000237,-0.000000,1.000000,0.000000,-0.000002,-0.000001,-0.000004,1.000000;;
    }
   }
  }

  Frame Move_Link_D {
   

   FrameTransformMatrix {
    0.997564,-0.000000,0.069757,0.000000,0.000000,1.000000,-0.000000,0.000000,-0.069757,0.000000,0.997564,0.000000,0.748200,0.000001,-10.699589,1.000000;;
   }

   Frame EFF_Move_D {
    

    FrameTransformMatrix {
     1.000000,0.000001,-0.000000,0.000000,-0.000001,1.000000,0.000000,0.000000,0.000000,-0.000000,1.000000,0.000000,-1.706174,0.013154,-34.571846,1.000000;;
    }
   }
  }

  Frame SATA9NI_Link_Point02 {
   

   FrameTransformMatrix {
    -0.997564,-0.000001,-0.069756,0.000000,0.069756,0.000000,-0.997564,0.000000,0.000001,-1.000000,-0.000000,0.000000,0.434791,0.010962,-41.792867,1.000000;;
   }
  }

  Frame SATA9NI_Lock_Dummy01 {
   

   FrameTransformMatrix {
    0.000001,-1.000000,0.000000,0.000000,0.997564,0.000001,0.069757,0.000000,-0.069757,-0.000000,0.997564,0.000000,1.168831,0.013159,-45.326448,1.000000;;
   }
  }
 }

 Frame CL_Skin {
  

  FrameTransformMatrix {
   1.000000,0.000000,0.000000,0.000000,0.000000,1.000000,0.000000,0.000000,0.000000,0.000000,1.000000,0.000000,0.000000,0.000000,0.000000,1.000000;;
  }
 }

 Frame CL {
  

  FrameTransformMatrix {
   1.000000,0.000000,0.000000,0.000000,0.000000,1.000000,0.000000,0.000000,0.000000,0.000000,1.000000,0.000000,0.000000,0.000000,0.000000,1.000000;;
  }
 }
}

Frame CL_Skin_ {
 

 FrameTransformMatrix {
  0.393701,0.000000,0.000000,0.000000,0.000000,-0.000000,-0.393701,0.000000,0.000000,0.393701,-0.000000,0.000000,0.000000,0.000000,0.000000,1.000000;;
 }

 Mesh CL_Skin_ {
  46;
  5.705732;-0.960657;77.611245;,
  2.986637;-0.880101;79.570694;,
  2.811520;-3.720798;76.712768;,
  -0.000000;-3.915586;76.584979;,
  -0.000000;-3.190995;79.855334;,
  -2.986638;-0.880101;79.570694;,
  -2.811520;-3.720798;76.712768;,
  -5.705730;-0.960658;77.611245;,
  -3.605304;1.434528;78.580736;,
  -5.705730;-0.960658;77.611245;,
  -2.986638;-0.880101;79.570694;,
  -5.574828;1.466741;77.112723;,
  -2.194000;3.443077;76.977274;,
  -2.357288;6.327446;73.992467;,
  -0.000001;6.493064;74.026131;,
  -0.000001;4.313690;76.867616;,
  2.193999;3.443077;76.977274;,
  2.357286;6.327447;73.992467;,
  5.574830;1.466742;77.112717;,
  3.605304;1.434528;78.580736;,
  5.705732;-0.960657;77.611245;,
  2.986637;-0.880101;79.570694;,
  0.000000;-2.932812;81.741926;,
  2.537845;-0.464171;84.039955;,
  0.000000;-2.643639;84.574912;,
  -2.537846;-0.464171;84.039955;,
  2.519104;-0.677160;81.443757;,
  3.046059;1.896340;83.277568;,
  -2.519104;-0.677160;81.443757;,
  -3.046060;1.896340;83.277568;,
  -0.000000;-3.190995;79.855334;,
  -2.986638;-0.880101;79.570694;,
  2.986637;-0.880101;79.570694;,
  -3.082544;1.594626;80.722336;,
  -3.605304;1.434528;78.580736;,
  -1.849861;3.683310;82.627891;,
  -1.778793;3.508911;80.052026;,
  -2.194000;3.443077;76.977274;,
  -0.000000;4.542796;82.332922;,
  -0.000000;4.428243;79.600262;,
  -0.000001;4.313690;76.867616;,
  2.193999;3.443077;76.977274;,
  1.778792;3.508911;80.052026;,
  1.849860;3.683310;82.627891;,
  3.605304;1.434528;78.580736;,
  3.082544;1.594626;80.722336;;
  50;
  3;0,1,2;,
  3;1,3,2;,
  3;3,1,4;,
  3;5,3,4;,
  3;3,5,6;,
  3;7,6,5;,
  3;8,9,10;,
  3;9,8,11;,
  3;8,12,11;,
  3;13,11,12;,
  3;12,14,13;,
  3;14,12,15;,
  3;16,14,15;,
  3;14,16,17;,
  3;17,16,18;,
  3;19,18,16;,
  3;19,20,18;,
  3;20,19,21;,
  3;22,23,24;,
  3;25,22,24;,
  3;23,22,26;,
  3;26,27,23;,
  3;22,25,28;,
  3;29,28,25;,
  3;28,30,22;,
  3;30,26,22;,
  3;30,28,31;,
  3;26,30,32;,
  3;33,31,28;,
  3;28,29,33;,
  3;31,33,34;,
  3;35,33,29;,
  3;36,34,33;,
  3;33,35,36;,
  3;34,36,37;,
  3;38,36,35;,
  3;39,37,36;,
  3;36,38,39;,
  3;37,39,40;,
  3;39,41,40;,
  3;38,42,39;,
  3;41,39,42;,
  3;42,38,43;,
  3;42,44,41;,
  3;43,45,42;,
  3;44,42,45;,
  3;45,43,27;,
  3;45,32,44;,
  3;27,26,45;,
  3;32,45,26;;

  MeshNormals {
   46;
   0.574362;-0.173464;0.800011;,
   0.730487;-0.474489;0.491171;,
   0.387352;-0.762458;0.518282;,
   0.000000;-0.869156;0.494538;,
   0.000000;-0.925552;0.378622;,
   -0.730487;-0.474489;0.491171;,
   -0.387352;-0.762458;0.518282;,
   -0.574362;-0.173465;0.800011;,
   -0.750542;0.427291;0.504092;,
   -0.574362;-0.173465;0.800011;,
   -0.730487;-0.474489;0.491171;,
   -0.504916;0.463758;0.728003;,
   -0.436705;0.787816;0.434321;,
   -0.214483;0.724029;0.655575;,
   -0.000000;0.752543;0.658544;,
   -0.000000;0.918100;0.396349;,
   0.436705;0.787816;0.434321;,
   0.214484;0.724029;0.655575;,
   0.504917;0.463758;0.728002;,
   0.750542;0.427292;0.504091;,
   0.574362;-0.173464;0.800011;,
   0.730487;-0.474489;0.491171;,
   0.000000;-0.987601;0.156984;,
   0.843365;-0.534965;0.050480;,
   0.000000;-0.996026;0.089059;,
   -0.843365;-0.534966;0.050480;,
   0.852890;-0.505904;0.128995;,
   0.991785;0.127400;-0.011523;,
   -0.852890;-0.505904;0.128995;,
   -0.991785;0.127400;-0.011523;,
   0.000000;-0.925552;0.378622;,
   -0.730487;-0.474489;0.491171;,
   0.730487;-0.474489;0.491171;,
   -0.971738;0.215597;0.096142;,
   -0.750542;0.427291;0.504092;,
   -0.689321;0.722176;-0.057435;,
   -0.635583;0.772016;0.005046;,
   -0.436705;0.787816;0.434321;,
   -0.000000;0.998135;-0.061049;,
   -0.000000;0.999671;-0.025653;,
   -0.000000;0.918100;0.396349;,
   0.436705;0.787816;0.434321;,
   0.635583;0.772016;0.005046;,
   0.689321;0.722176;-0.057435;,
   0.750542;0.427292;0.504091;,
   0.971738;0.215597;0.096142;;
   50;
   3;0,1,2;,
   3;1,3,2;,
   3;3,1,4;,
   3;5,3,4;,
   3;3,5,6;,
   3;7,6,5;,
   3;8,9,10;,
   3;9,8,11;,
   3;8,12,11;,
   3;13,11,12;,
   3;12,14,13;,
   3;14,12,15;,
   3;16,14,15;,
   3;14,16,17;,
   3;17,16,18;,
   3;19,18,16;,
   3;19,20,18;,
   3;20,19,21;,
   3;22,23,24;,
   3;25,22,24;,
   3;23,22,26;,
   3;26,27,23;,
   3;22,25,28;,
   3;29,28,25;,
   3;28,30,22;,
   3;30,26,22;,
   3;30,28,31;,
   3;26,30,32;,
   3;33,31,28;,
   3;28,29,33;,
   3;31,33,34;,
   3;35,33,29;,
   3;36,34,33;,
   3;33,35,36;,
   3;34,36,37;,
   3;38,36,35;,
   3;39,37,36;,
   3;36,38,39;,
   3;37,39,40;,
   3;39,41,40;,
   3;38,42,39;,
   3;41,39,42;,
   3;42,38,43;,
   3;42,44,41;,
   3;43,45,42;,
   3;44,42,45;,
   3;45,43,27;,
   3;45,32,44;,
   3;27,26,45;,
   3;32,45,26;;
  }

  MeshMaterialList {
   1;
   50;
   0,
   0,
   0,
   0,
   0,
   0,
   0,
   0,
   0,
   0,
   0,
   0,
   0,
   0,
   0,
   0,
   0,
   0,
   0,
   0,
   0,
   0,
   0,
   0,
   0,
   0,
   0,
   0,
   0,
   0,
   0,
   0,
   0,
   0,
   0,
   0,
   0,
   0,
   0,
   0,
   0,
   0,
   0,
   0,
   0,
   0,
   0,
   0,
   0,
   0;
   { Standard_13aa_182 }
  }

  MeshTextureCoords c1 {
   46;
   0.148412;0.541757;,
   0.163825;0.530561;,
   0.163324;0.583771;,
   0.177031;0.585487;,
   0.177031;0.527025;,
   0.163825;0.530561;,
   0.163324;0.583771;,
   0.148412;0.541757;,
   0.040457;0.512126;,
   0.058513;0.497139;,
   0.041317;0.475900;,
   0.056641;0.533275;,
   0.030834;0.545662;,
   0.028716;0.595068;,
   0.010398;0.593015;,
   0.010398;0.543991;,
   0.030834;0.545662;,
   0.028716;0.595068;,
   0.056641;0.533275;,
   0.040457;0.512126;,
   0.058513;0.497139;,
   0.041317;0.475900;,
   0.273438;0.566406;,
   0.250000;0.496094;,
   0.273438;0.496094;,
   0.250000;0.496094;,
   0.250000;0.566406;,
   0.230469;0.496094;,
   0.250000;0.566406;,
   0.230469;0.496094;,
   0.273438;0.632813;,
   0.250000;0.632813;,
   0.250000;0.632813;,
   0.230469;0.566406;,
   0.230469;0.632813;,
   0.210938;0.496094;,
   0.210938;0.566406;,
   0.210938;0.632813;,
   0.197266;0.496094;,
   0.197266;0.566406;,
   0.197266;0.632813;,
   0.210938;0.632813;,
   0.210938;0.566406;,
   0.210938;0.496094;,
   0.230469;0.632813;,
   0.230469;0.566406;;
  }

  XSkinMeshHeader {
   3;
   4;
   7;
  }

  SkinWeights {
   "Bip01_Neck";
   34;
   1,
   4,
   5,
   8,
   10,
   12,
   15,
   16,
   19,
   21,
   22,
   23,
   24,
   25,
   26,
   27,
   28,
   29,
   30,
   31,
   32,
   33,
   34,
   35,
   36,
   37,
   38,
   39,
   40,
   41,
   42,
   43,
   44,
   45;
   0.750000,
   0.750000,
   0.750000,
   0.650000,
   0.750000,
   0.500000,
   0.500000,
   0.500000,
   0.650000,
   0.750000,
   0.700000,
   0.250000,
   0.250000,
   0.250000,
   0.700000,
   0.250000,
   0.700000,
   0.250000,
   0.750000,
   0.750000,
   0.750000,
   0.700000,
   0.650000,
   0.250000,
   0.700000,
   0.500000,
   0.250000,
   0.700000,
   0.500000,
   0.500000,
   0.700000,
   0.250000,
   0.650000,
   0.700000;
   0.000000,0.000002,1.000000,0.000000,0.114294,-0.993447,0.000002,0.000000,0.993447,0.114294,-0.000000,0.000000,-76.840896,-8.488230,-0.013132,1.000000;;
  }

  SkinWeights {
   "Bip01_Head";
   16;
   22,
   23,
   24,
   25,
   26,
   27,
   28,
   29,
   33,
   35,
   36,
   38,
   39,
   42,
   43,
   45;
   0.150000,
   0.750000,
   0.750000,
   0.750000,
   0.150000,
   0.750000,
   0.150000,
   0.750000,
   0.150000,
   0.750000,
   0.150000,
   0.750000,
   0.150000,
   0.150000,
   0.750000,
   0.150000;
   -0.000000,0.000029,1.000000,0.000000,0.001053,-1.000000,0.000029,0.000000,1.000000,0.001053,0.000000,0.000000,-81.389523,-0.056779,-0.000010,1.000000;;
  }

  SkinWeights {
   "Bip01_Spine2";
   38;
   0,
   1,
   2,
   3,
   4,
   5,
   6,
   7,
   8,
   9,
   10,
   11,
   12,
   13,
   14,
   15,
   16,
   17,
   18,
   19,
   20,
   21,
   22,
   26,
   28,
   30,
   31,
   32,
   33,
   34,
   36,
   37,
   39,
   40,
   41,
   42,
   44,
   45;
   0.299712,
   0.250000,
   0.894768,
   1.000000,
   0.250000,
   0.250000,
   0.894768,
   0.299712,
   0.350000,
   0.299712,
   0.250000,
   0.299698,
   0.500000,
   1.000000,
   1.000000,
   0.500000,
   0.500000,
   1.000000,
   0.299698,
   0.350000,
   0.299712,
   0.250000,
   0.150000,
   0.150000,
   0.150000,
   0.250000,
   0.250000,
   0.250000,
   0.150000,
   0.350000,
   0.150000,
   0.500000,
   0.150000,
   0.500000,
   0.500000,
   0.150000,
   0.350000,
   0.150000;
   -0.000000,0.000001,1.000000,0.000000,-0.139915,-0.990164,0.000001,0.000000,0.990164,-0.139915,0.000000,0.000000,-59.312915,11.837389,-0.013183,1.000000;;
  }

  SkinWeights {
   "Bip01_L_UpperTwist_Bone01";
   3;
   0,
   18,
   20;
   0.200288,
   0.200302,
   0.200288;
   0.626677,-0.014928,0.779136,0.000000,-0.028601,0.998702,0.042140,0.000000,-0.778754,-0.048692,0.625436,0.000000,50.858291,3.953554,-53.596528,1.000000;;
  }

  SkinWeights {
   "Bip01_L_Clavicle";
   4;
   0,
   2,
   18,
   20;
   0.500000,
   0.105233,
   0.500000,
   0.500000;
   0.951393,0.072588,0.299302,0.000000,-0.026330,0.987440,-0.155785,0.000000,-0.306851,0.140332,0.941355,0.000000,20.129931,-10.778820,-72.033632,1.000000;;
  }

  SkinWeights {
   "Bip01_R_Clavicle";
   4;
   6,
   7,
   9,
   11;
   0.105233,
   0.500000,
   0.500000,
   0.500000;
   -0.951393,-0.072586,0.299302,0.000000,-0.026327,0.987440,0.155784,0.000000,-0.306851,0.140332,-0.941355,0.000000,20.154960,-10.776918,72.025760,1.000000;;
  }

  SkinWeights {
   "Bip01_R_UpperTwist_Bone01";
   3;
   7,
   9,
   11;
   0.200288,
   0.200288,
   0.200302;
   -0.626678,0.014932,0.779136,0.000000,-0.028599,0.998702,-0.042143,0.000000,-0.778754,-0.048693,-0.625437,0.000000,50.874733,3.953211,53.576099,1.000000;;
  }
 }
}

Frame CL_ {
 

 FrameTransformMatrix {
  0.393701,0.000000,0.000000,0.000000,0.000000,-0.000000,-0.393701,0.000000,0.000000,0.393701,-0.000000,0.000000,0.000000,0.000000,0.000000,1.000000;;
 }

 Mesh CL_ {
  1410;
  6.690250;16.270024;42.782090;,
  8.381786;15.494987;42.735776;,
  3.956790;16.957227;42.758144;,
  8.672974;13.679574;49.798278;,
  12.300953;11.494572;48.611942;,
  8.665166;13.817005;48.298845;,
  6.710680;16.328003;48.118826;,
  4.019498;17.000989;48.163642;,
  8.497778;14.979635;48.246938;,
  -5.609836;-10.147204;77.491258;,
  -0.004284;1.203942;74.078835;,
  -9.619301;-3.485719;77.307782;,
  9.598042;-3.485720;77.307782;,
  5.592132;-10.147200;77.491258;,
  -4.015775;13.263529;58.962035;,
  -1.018445;13.641565;61.059981;,
  -3.854974;13.105842;61.722150;,
  16.551752;-0.245305;49.270064;,
  16.614333;8.684094;48.914490;,
  15.676634;8.032974;48.925232;,
  18.455515;0.121260;49.283466;,
  15.646333;-7.789431;49.201072;,
  16.551752;-0.245305;49.270064;,
  16.970653;-8.900324;49.188064;,
  9.302556;-14.101352;49.144646;,
  8.876286;-12.830515;49.201552;,
  -0.027972;-13.593371;49.212541;,
  -0.010009;-15.053190;49.240346;,
  -9.323090;-14.101328;49.144646;,
  -8.935076;-12.831474;49.201690;,
  -15.702232;-7.790675;49.201424;,
  -16.991837;-8.900322;49.188064;,
  -18.474899;0.121311;49.283466;,
  -16.606955;-0.236844;49.270573;,
  -30.898138;-1.260548;60.134547;,
  -25.768445;2.924116;62.288992;,
  -29.499408;2.991421;58.022349;,
  -27.452752;-1.082921;63.822746;,
  25.768438;2.924118;62.288992;,
  30.898138;-1.260546;60.134541;,
  29.499402;2.991424;58.022349;,
  27.452746;-1.082919;63.822746;,
  -30.339168;-2.157616;59.494368;,
  -27.452752;-1.082921;63.822746;,
  -30.898138;-1.260548;60.134547;,
  -26.804562;-1.978460;63.275936;,
  -2.082086;16.268250;57.176851;,
  -1.278278;17.096064;52.292061;,
  -1.515552;17.968309;52.611200;,
  -1.844825;15.394858;56.857709;,
  -2.082082;16.268246;57.176858;,
  -1.278271;17.096059;52.292064;,
  -1.515547;17.968309;52.611200;,
  -1.844825;15.394854;56.857702;,
  8.381786;15.494987;42.735776;,
  8.550794;14.044664;41.219165;,
  8.369312;15.303933;41.145728;,
  8.528314;14.060528;42.766586;,
  -2.644942;14.452738;58.770707;,
  -1.334144;14.147978;55.961446;,
  -1.463584;15.006491;56.109914;,
  -2.515511;13.594042;58.622259;,
  -2.644942;14.452739;58.770707;,
  -1.334144;14.147979;55.961446;,
  -1.463586;15.006491;56.109914;,
  -2.515513;13.594042;58.622259;,
  27.452746;-1.082919;63.822746;,
  30.339168;-2.157614;59.494355;,
  30.898138;-1.260546;60.134541;,
  26.804555;-1.978457;63.275930;,
  -4.675907;14.711334;56.575994;,
  -5.381110;17.036355;52.226563;,
  -5.143843;16.164251;51.907427;,
  -4.913176;15.584656;56.895136;,
  -4.675907;14.711333;56.575994;,
  -5.381110;17.036354;52.226563;,
  -5.143843;16.164248;51.907424;,
  -4.913176;15.584654;56.895136;,
  2.118719;15.482323;40.966614;,
  1.996046;17.013517;42.677405;,
  2.721571;16.577486;40.827350;,
  1.478815;16.051685;42.677194;,
  2.721571;16.577486;40.827350;,
  8.550794;14.044664;41.219165;,
  2.118719;15.482323;40.966614;,
  8.369312;15.303933;41.145728;,
  4.019498;17.000989;48.163642;,
  6.690250;16.270024;42.782090;,
  3.956790;16.957227;42.758144;,
  6.710680;16.328003;48.118826;,
  -4.743017;13.320205;58.167174;,
  -5.042068;14.567528;55.378874;,
  -4.912626;13.709080;55.230432;,
  -4.872456;14.178862;58.315648;,
  -4.743015;13.320204;58.167174;,
  -5.042065;14.567525;55.378874;,
  -4.912626;13.709080;55.230432;,
  -4.872456;14.178859;58.315648;,
  -0.008522;-10.741600;77.507782;,
  -0.004284;1.203942;74.078835;,
  -5.609836;-10.147204;77.491258;,
  5.592132;-10.147200;77.491258;,
  -9.479617;7.598550;72.638598;,
  -0.004284;1.203942;74.078835;,
  -6.108453;10.089879;69.436742;,
  0.000418;12.346114;65.091456;,
  -0.004284;1.203942;74.078835;,
  6.109481;10.089877;69.436742;,
  9.495500;7.598550;72.631968;,
  -4.311561;16.000488;58.206144;,
  -3.102290;16.466675;56.139437;,
  -3.907324;16.367890;55.975002;,
  -3.506519;16.099453;58.370605;,
  -4.311555;16.000485;58.206150;,
  -3.102287;16.466674;56.139424;,
  -3.907324;16.367883;55.974995;,
  -3.506513;16.099450;58.370611;,
  17.624016;8.858873;43.514310;,
  19.252173;7.247965;48.892826;,
  16.614333;8.684094;48.914490;,
  20.307213;7.398568;43.904701;,
  20.673315;6.824782;48.525821;,
  21.416478;6.851699;44.868176;,
  21.741042;6.574372;46.698512;,
  29.954954;-3.097008;59.011066;,
  27.534749;-4.959598;63.875610;,
  26.349290;-3.131913;62.940269;,
  30.753475;-5.113768;60.436518;,
  29.394582;-5.436039;62.398170;,
  -19.702886;-0.734299;49.449261;,
  -16.926706;-4.967147;54.034093;,
  -19.738842;-4.519632;49.362362;,
  -16.680690;-1.039628;54.256717;,
  -15.926858;-5.023767;55.030285;,
  -15.727498;-0.862784;56.446592;,
  -15.494666;-5.133041;57.003290;,
  -14.775037;-0.819738;59.292909;,
  -14.295952;-5.188521;60.223782;,
  25.768438;2.924118;62.288992;,
  26.804555;-1.978457;63.275930;,
  27.452746;-1.082919;63.822746;,
  26.349290;-3.131913;62.940269;,
  28.102858;-4.226372;64.395002;,
  27.534749;-4.959598;63.875610;,
  29.980486;-4.678743;62.934694;,
  29.394582;-5.436039;62.398170;,
  31.319152;-4.384227;60.956064;,
  30.753475;-5.113768;60.436518;,
  30.339168;-2.157614;59.494355;,
  29.954954;-3.097008;59.011066;,
  29.499402;2.991424;58.022349;,
  30.898138;-1.260546;60.134541;,
  -1.844825;15.394858;56.857709;,
  -3.205038;16.824000;51.536189;,
  -1.278278;17.096064;52.292061;,
  -3.266777;14.848760;57.318253;,
  -5.143843;16.164251;51.907427;,
  -4.675907;14.711334;56.575994;,
  -1.844825;15.394854;56.857702;,
  -3.205038;16.823995;51.536189;,
  -1.278271;17.096059;52.292064;,
  -3.266775;14.848758;57.318253;,
  -5.143843;16.164248;51.907424;,
  -4.675907;14.711333;56.575994;,
  12.818730;12.467610;48.556774;,
  16.614333;8.684094;48.914490;,
  16.973203;9.901349;48.823712;,
  19.623963;8.554359;48.802176;,
  19.252173;7.247965;48.892826;,
  20.989357;8.050162;48.438691;,
  20.673315;6.824782;48.525821;,
  21.741042;6.574372;46.698512;,
  21.997426;7.768993;46.611005;,
  21.610477;8.010772;44.780435;,
  21.416478;6.851699;44.868176;,
  20.307213;7.398568;43.904701;,
  20.554520;8.628915;43.813341;,
  17.624016;8.858873;43.514310;,
  17.744758;9.961496;43.514310;,
  13.264389;12.803907;43.009056;,
  16.614333;8.684094;48.914490;,
  19.465634;0.740420;44.135184;,
  17.624016;8.858873;43.514310;,
  18.455515;0.121260;49.283466;,
  17.433891;-8.934780;44.018528;,
  16.970653;-8.900324;49.188064;,
  9.484559;-14.288384;43.940646;,
  9.302556;-14.101352;49.144646;,
  -0.030627;-15.418654;44.004150;,
  -0.010009;-15.053190;49.240346;,
  -9.323090;-14.101328;49.144646;,
  -9.545818;-14.288386;43.940643;,
  -16.991837;-8.900322;49.188064;,
  -17.495138;-8.934776;44.018528;,
  -18.474899;0.121311;49.283466;,
  -19.524963;0.740889;44.135181;,
  26.804555;-1.978457;63.275930;,
  31.319152;-4.384227;60.956064;,
  30.339168;-2.157614;59.494355;,
  28.102858;-4.226372;64.395002;,
  29.980486;-4.678743;62.934694;,
  1.608096;15.994939;48.200154;,
  2.797696;16.816280;49.790435;,
  2.123777;17.107283;48.194490;,
  2.358173;15.478702;49.977904;,
  8.480406;14.779477;49.652282;,
  8.672974;13.679574;49.798278;,
  8.665166;13.817005;48.298845;,
  -3.506513;16.099450;58.370611;,
  -2.830326;15.462222;55.364301;,
  -3.102287;16.466674;56.139424;,
  -3.451688;14.883307;58.802042;,
  -2.769594;14.260096;55.757837;,
  -3.171424;13.876422;57.986227;,
  -3.506519;16.099453;58.370605;,
  -2.830326;15.462227;55.364301;,
  -3.102290;16.466675;56.139437;,
  -3.451690;14.883309;58.802042;,
  -2.769598;14.260098;55.757837;,
  -3.171426;13.876424;57.986227;,
  21.610477;8.010772;44.780435;,
  20.989357;8.050162;48.438691;,
  21.997426;7.768993;46.611005;,
  20.554520;8.628915;43.813341;,
  19.623963;8.554359;48.802176;,
  17.744758;9.961496;43.514310;,
  16.973203;9.901349;48.823712;,
  13.264389;12.803907;43.009056;,
  12.818730;12.467610;48.556774;,
  1.996046;17.013517;42.677405;,
  1.608096;15.994939;48.200154;,
  2.123777;17.107283;48.194490;,
  1.478815;16.051685;42.677194;,
  -0.008585;16.389867;48.179520;,
  -0.030641;16.225322;42.698832;,
  -9.174610;15.130648;42.892890;,
  -9.062482;15.164411;48.424682;,
  -18.167370;9.178549;43.514304;,
  -17.330189;9.055614;48.914704;,
  -19.524963;0.740889;44.135181;,
  -18.474899;0.121311;49.283466;,
  2.118719;15.482323;40.966614;,
  -0.030639;15.045499;42.693411;,
  -0.035909;15.549874;37.982253;,
  -8.639662;13.921405;42.953632;,
  10.221718;14.103026;38.334109;,
  8.550794;14.044664;41.219165;,
  -10.313590;14.102835;38.334109;,
  -17.154019;8.364490;43.456707;,
  8.528314;14.060528;42.766586;,
  12.570960;11.972761;43.111648;,
  -17.918130;8.854430;39.113488;,
  -18.150048;0.843754;44.061507;,
  -19.166475;1.143076;39.930170;,
  -17.559128;8.405347;37.969840;,
  -18.928429;1.101480;38.858285;,
  -10.093026;13.518794;37.168826;,
  -0.035913;14.964411;36.881571;,
  9.995798;13.518922;37.168813;,
  17.803330;8.813700;39.113488;,
  16.458896;8.364489;43.456707;,
  18.080299;0.843145;44.061507;,
  17.443672;8.362494;37.969840;,
  19.077848;1.142020;39.930176;,
  18.823454;1.100385;38.858288;,
  -18.150048;0.843754;44.061507;,
  -17.495138;-8.934776;44.018528;,
  -19.524963;0.740889;44.135181;,
  -16.679682;-8.062281;43.834858;,
  -9.545818;-14.288386;43.940643;,
  -9.165660;-12.605301;43.879600;,
  -0.030627;-15.418654;44.004150;,
  -0.031438;-13.725720;43.836128;,
  9.102970;-12.605294;43.879600;,
  9.484559;-14.288384;43.940646;,
  16.617288;-8.062051;43.834854;,
  17.433891;-8.934780;44.018528;,
  18.080299;0.843145;44.061507;,
  19.465634;0.740420;44.135184;,
  16.458896;8.364489;43.456707;,
  17.624016;8.858873;43.514310;,
  18.080299;0.843145;44.061507;,
  -19.524963;0.740889;44.135181;,
  -17.154019;8.364490;43.456707;,
  -18.150048;0.843754;44.061507;,
  -18.167370;9.178549;43.514304;,
  -8.639662;13.921405;42.953632;,
  -9.174610;15.130648;42.892890;,
  -0.030639;15.045499;42.693411;,
  -0.030641;16.225322;42.698832;,
  1.478815;16.051685;42.677194;,
  13.264389;12.803907;43.009056;,
  8.497778;14.979635;48.246938;,
  12.818730;12.467610;48.556774;,
  8.381786;15.494987;42.735776;,
  6.710680;16.328003;48.118826;,
  6.690250;16.270024;42.782090;,
  16.458896;8.364489;43.456707;,
  13.264389;12.803907;43.009056;,
  17.624016;8.858873;43.514310;,
  12.570960;11.972761;43.111648;,
  8.381786;15.494987;42.735776;,
  8.528314;14.060528;42.766586;,
  13.377290;-2.889273;75.296474;,
  9.527518;2.365885;76.302330;,
  9.598042;-3.485720;77.307782;,
  13.118992;2.398996;74.828026;,
  9.495500;7.598550;72.631968;,
  12.491470;6.023831;71.921376;,
  14.517688;-0.871341;60.025229;,
  14.219563;5.284477;62.698989;,
  14.261560;-0.739442;61.331366;,
  14.090734;4.844730;61.591149;,
  13.470600;6.148965;62.679725;,
  13.962966;5.727875;66.338202;,
  14.219563;5.284477;62.698989;,
  12.816592;6.775882;67.063430;,
  14.633710;5.339093;70.301677;,
  12.491470;6.023831;71.921376;,
  15.554891;2.505483;72.994669;,
  13.118992;2.398996;74.828026;,
  13.377290;-2.889273;75.296474;,
  15.916867;-2.897032;73.560998;,
  -27.534752;-4.959602;63.875610;,
  -29.954954;-3.097010;59.011072;,
  -26.349296;-3.131916;62.940275;,
  -30.753475;-5.113770;60.436525;,
  -29.394589;-5.436042;62.398176;,
  -25.768445;2.924116;62.288992;,
  -27.452752;-1.082921;63.822746;,
  -26.804562;-1.978460;63.275936;,
  -26.349296;-3.131916;62.940275;,
  -28.102864;-4.226375;64.395014;,
  -27.534752;-4.959602;63.875610;,
  -29.980493;-4.678746;62.934701;,
  -29.394589;-5.436042;62.398176;,
  -31.319155;-4.384230;60.956077;,
  -30.753475;-5.113770;60.436525;,
  -30.339168;-2.157616;59.494368;,
  -29.954954;-3.097010;59.011072;,
  -29.499408;2.991421;58.022349;,
  -30.898138;-1.260548;60.134547;,
  -14.865856;3.121310;59.568218;,
  -14.219320;5.284476;62.698912;,
  -14.261218;-0.739443;61.331366;,
  -14.775037;-0.819738;59.292909;,
  -14.219320;5.284476;62.698912;,
  -16.009282;5.692905;62.966349;,
  -13.957286;5.727876;66.339834;,
  -18.297214;5.399925;66.494835;,
  -14.556550;5.339094;70.302144;,
  -19.788160;2.428533;68.342080;,
  -15.594469;2.505486;72.992141;,
  -20.129362;-2.989975;68.964858;,
  -15.949947;-2.897030;73.559827;,
  -18.154115;-8.105947;66.937139;,
  -15.371448;-8.530921;70.936486;,
  -13.650984;-9.309962;64.776947;,
  -15.278426;-8.966509;62.406291;,
  -13.912390;-5.106365;61.796358;,
  -14.295952;-5.188521;60.223782;,
  -14.775037;-0.819738;59.292909;,
  -14.261218;-0.739443;61.331366;,
  14.865853;3.121310;59.568218;,
  14.261560;-0.739442;61.331366;,
  14.219563;5.284477;62.698989;,
  14.775034;-0.819736;59.292909;,
  14.219563;5.284477;62.698989;,
  16.009006;5.692906;62.966432;,
  13.962966;5.727875;66.338202;,
  18.297173;5.399925;66.494835;,
  14.633710;5.339093;70.301677;,
  19.788155;2.428533;68.342003;,
  15.554891;2.505483;72.994669;,
  20.129360;-2.989972;68.964851;,
  15.916867;-2.897032;73.560998;,
  18.154114;-8.105945;66.937139;,
  15.368390;-8.530921;70.936128;,
  13.656414;-9.309951;64.777069;,
  15.280174;-8.966497;62.406291;,
  13.913760;-5.106363;61.796346;,
  14.295952;-5.188520;60.223776;,
  14.775034;-0.819736;59.292909;,
  14.261560;-0.739442;61.331366;,
  16.926701;-4.967144;54.034093;,
  19.702886;-0.734297;49.449254;,
  19.738842;-4.519629;49.362355;,
  16.680682;-1.039625;54.256710;,
  15.926853;-5.023764;55.030278;,
  15.727494;-0.862782;56.446592;,
  15.494662;-5.133039;57.003290;,
  14.775034;-0.819736;59.292909;,
  14.295952;-5.188520;60.223776;,
  1.608096;15.994939;48.200154;,
  -0.008585;16.389867;48.179520;,
  -0.029644;15.352891;48.209222;,
  -9.062482;15.164411;48.424682;,
  -8.687697;13.677206;48.423245;,
  -17.330189;9.055614;48.914704;,
  -15.696648;7.900580;48.919498;,
  -16.606955;-0.236844;49.270573;,
  -18.474899;0.121311;49.283466;,
  -3.451690;14.883309;58.802042;,
  -3.976453;13.777496;57.821779;,
  -3.171426;13.876424;57.986227;,
  -4.256727;14.784320;58.637562;,
  -3.506519;16.099453;58.370605;,
  -4.311561;16.000488;58.206144;,
  -3.451688;14.883307;58.802042;,
  -3.976457;13.777491;57.821766;,
  -3.171424;13.876422;57.986227;,
  -4.256728;14.784318;58.637562;,
  -3.506513;16.099450;58.370611;,
  -4.311555;16.000485;58.206150;,
  -3.504050;15.722219;57.637453;,
  -1.844825;15.394854;56.857702;,
  -2.082082;16.268246;57.176858;,
  -3.266775;14.848758;57.318253;,
