xof 0303txt 0032
template ColorRGBA {
 <35ff44e0-6c7c-11cf-8f52-0040333594a3>
 FLOAT red;
 FLOAT green;
 FLOAT blue;
 FLOAT alpha;
}

template ColorRGB {
 <d3e16e81-7835-11cf-8f52-0040333594a3>
 FLOAT red;
 FLOAT green;
 FLOAT blue;
}

template Material {
 <3d82ab4d-62da-11cf-ab39-0020af71e433>
 ColorRGBA faceColor;
 FLOAT power;
 ColorRGB specularColor;
 ColorRGB emissiveColor;
 [...]
}

template TextureFilename {
 <a42790e1-7810-11cf-8f52-0040333594a3>
 STRING filename;
}

template Frame {
 <3d82ab46-62da-11cf-ab39-0020af71e433>
 [...]
}

template Matrix4x4 {
 <f6f23f45-7686-11cf-8f52-0040333594a3>
 array FLOAT matrix[16];
}

template FrameTransformMatrix {
 <f6f23f41-7686-11cf-8f52-0040333594a3>
 Matrix4x4 frameMatrix;
}

template Vector {
 <3d82ab5e-62da-11cf-ab39-0020af71e433>
 FLOAT x;
 FLOAT y;
 FLOAT z;
}

template MeshFace {
 <3d82ab5f-62da-11cf-ab39-0020af71e433>
 DWORD nFaceVertexIndices;
 array DWORD faceVertexIndices[nFaceVertexIndices];
}

template Mesh {
 <3d82ab44-62da-11cf-ab39-0020af71e433>
 DWORD nVertices;
 array Vector vertices[nVertices];
 DWORD nFaces;
 array MeshFace faces[nFaces];
 [...]
}

template MeshNormals {
 <f6f23f43-7686-11cf-8f52-0040333594a3>
 DWORD nNormals;
 array Vector normals[nNormals];
 DWORD nFaceNormals;
 array MeshFace faceNormals[nFaceNormals];
}

template MeshMaterialList {
 <f6f23f42-7686-11cf-8f52-0040333594a3>
 DWORD nMaterials;
 DWORD nFaceIndexes;
 array DWORD faceIndexes[nFaceIndexes];
 [Material <3d82ab4d-62da-11cf-ab39-0020af71e433>]
}

template Coords2d {
 <f6f23f44-7686-11cf-8f52-0040333594a3>
 FLOAT u;
 FLOAT v;
}

template MeshTextureCoords {
 <f6f23f40-7686-11cf-8f52-0040333594a3>
 DWORD nTextureCoords;
 array Coords2d textureCoords[nTextureCoords];
}

template XSkinMeshHeader {
 <3cf169ce-ff7c-44ab-93c0-f78f62d172e2>
 WORD nMaxSkinWeightsPerVertex;
 WORD nMaxSkinWeightsPerFace;
 WORD nBones;
}

template SkinWeights {
 <6f0d123b-bad2-4167-a0d0-80224f25fabb>
 STRING transformNodeName;
 DWORD nWeights;
 array DWORD vertexIndices[nWeights];
 array FLOAT weights[nWeights];
 Matrix4x4 matrixOffset;
}

template AnimTicksPerSecond {
 <9e415a43-7ba6-4a73-8743-b73d47e88476>
 DWORD AnimTicksPerSecond;
}

template Animation {
 <3d82ab4f-62da-11cf-ab39-0020af71e433>
 [...]
}

template AnimationSet {
 <3d82ab50-62da-11cf-ab39-0020af71e433>
 [Animation <3d82ab4f-62da-11cf-ab39-0020af71e433>]
}

template FloatKeys {
 <10dd46a9-775b-11cf-8f52-0040333594a3>
 DWORD nValues;
 array FLOAT values[nValues];
}

template TimedFloatKeys {
 <f406b180-7b3b-11cf-8f52-0040333594a3>
 DWORD time;
 FloatKeys tfkeys;
}

template AnimationKey {
 <10dd46a8-775b-11cf-8f52-0040333594a3>
 DWORD keyType;
 DWORD nKeys;
 array TimedFloatKeys keys[nKeys];
}


Material Material__0_182 {
 1.000000;1.000000;1.000000;1.000000;;
 43.219280;
 0.020000;0.020000;0.020000;;
 0.000000;0.000000;0.000000;;

 TextureFilename {
  "F_Skin_body_D.dds";
 }
}

Material CL_202 {
 1.000000;1.000000;1.000000;1.000000;;
 43.219280;
 0.020000;0.020000;0.020000;;
 0.000000;0.000000;0.000000;;

 TextureFilename {
  "11400130_M_CLSlimJacket_D.dds";
 }
}

Frame Scene_Root {
 

 FrameTransformMatrix {
  0.393701,0.000000,0.000000,0.000000,0.000000,-0.000000,-0.393701,0.000000,0.000000,0.393701,-0.000000,0.000000,0.000000,0.000000,0.000000,1.000000;;
 }

 Frame Bip01 {
  

  FrameTransformMatrix {
   0.000001,0.997564,-0.069757,0.000000,-1.000000,0.000001,-0.000000,0.000000,0.000000,0.069757,0.997564,0.000000,0.000000,1.527915,43.129770,1.000000;;
  }

  Frame Bip01_Footsteps {
   

   FrameTransformMatrix {
    0.000002,-1.000000,0.000000,0.000000,0.997564,0.000002,0.069757,0.000000,-0.069757,-0.000000,0.997564,0.000000,3.011114,0.000004,-43.060326,1.000000;;
   }
  }

  Frame Bip01_Pelvis {
   

   FrameTransformMatrix {
    0.000001,-0.000000,1.000000,0.000000,-1.000000,0.000001,0.000001,0.000000,-0.000001,-1.000000,-0.000000,0.000000,0.000000,0.000000,0.000000,1.000000;;
   }

   Frame Bip01_Spine {
    

    FrameTransformMatrix {
     0.999999,-0.001017,0.000001,0.000000,0.001017,0.999999,0.000004,0.000000,-0.000001,-0.000004,1.000000,0.000000,3.648815,0.087649,0.000006,1.000000;;
    }

    Frame Bip01_Spine1 {
     

     FrameTransformMatrix {
      0.993338,0.115232,-0.000000,0.000000,-0.115232,0.993339,0.000000,0.000000,0.000000,-0.000000,1.000000,0.000000,8.606422,0.007722,-0.000000,1.000000;;
     }

     Frame Bip01_Spine2 {
      

      FrameTransformMatrix {
       0.993176,0.116629,-0.000000,0.000000,-0.116629,0.993176,0.000000,0.000000,0.000000,-0.000000,1.000000,0.000000,9.761882,0.009832,-0.000000,1.000000;;
      }

      Frame Bip01_Neck {
       

       FrameTransformMatrix {
        0.967538,-0.252726,0.000001,0.000000,0.252726,0.967538,0.000000,0.000000,-0.000001,0.000000,1.000000,0.000000,12.207950,-0.363330,0.000003,1.000000;;
       }

       Frame Bip01_Head {
        

        FrameTransformMatrix {
         0.995689,0.092758,-0.000000,0.000000,-0.092758,0.995689,0.000000,0.000000,0.000000,-0.000000,1.000000,0.000000,3.164169,0.777051,-0.000000,1.000000;;
        }

        Frame Bip01_HeadNub {
         

         FrameTransformMatrix {
          1.000000,0.000000,-0.000000,0.000000,-0.000000,1.000000,0.000000,0.000000,0.000000,-0.000000,1.000000,0.000000,54.433978,0.000000,-0.000001,1.000000;;
         }
        }

        Frame Tail_Point02 {
         

         FrameTransformMatrix {
          0.000001,-0.000000,1.000000,0.000000,-0.999999,-0.001053,0.000001,0.000000,0.001053,-0.999999,-0.000000,0.000000,19.123322,-15.099806,19.392770,1.000000;;
         }
        }

        Frame Tail_Point01 {
         

         FrameTransformMatrix {
          0.000001,-0.000000,1.000000,0.000000,-0.999999,-0.001053,0.000001,0.000000,0.001053,-0.999999,-0.000000,0.000000,12.513458,-23.171248,4.274388,1.000000;;
         }
        }

        Frame Tail_Point04 {
         

         FrameTransformMatrix {
          0.000001,-0.000000,1.000000,0.000000,-0.999999,-0.001053,0.000001,0.000000,0.001053,-0.999999,-0.000000,0.000000,19.123818,-15.099858,-19.392981,1.000000;;
         }
        }

        Frame Tail_Point03 {
         

         FrameTransformMatrix {
          0.000001,-0.000000,1.000000,0.000000,-0.999999,-0.001053,0.000001,0.000000,0.001053,-0.999999,-0.000000,0.000000,12.513306,-23.171253,-4.273971,1.000000;;
         }
        }

        Frame Tail_Point05 {
         

         FrameTransformMatrix {
          0.000001,-0.000000,1.000000,0.000000,-0.999999,-0.001053,0.000001,0.000000,0.001053,-0.999999,-0.000000,0.000000,18.363640,-22.216829,9.580283,1.000000;;
         }
        }

        Frame Tail_Point06 {
         

         FrameTransformMatrix {
          0.000001,-0.000000,1.000000,0.000000,-0.999999,-0.001053,0.000001,0.000000,0.001053,-0.999999,-0.000000,0.000000,8.652519,-18.881098,13.965821,1.000000;;
         }
        }

        Frame Tail_Point07 {
         

         FrameTransformMatrix {
          0.000001,-0.000000,1.000000,0.000000,-0.999999,-0.001053,0.000001,0.000000,0.001053,-0.999999,-0.000000,0.000000,9.050392,-18.880723,-14.099013,1.000000;;
         }
        }

        Frame Tail_Point08 {
         

         FrameTransformMatrix {
          0.000001,-0.000000,1.000000,0.000000,-0.999999,-0.001053,0.000001,0.000000,0.001053,-0.999999,-0.000000,0.000000,18.363618,-22.216856,-9.579970,1.000000;;
         }
        }
       }

       Frame Bip01_L_Clavicle {
        

        FrameTransformMatrix {
         -0.352692,0.012017,0.935662,0.000000,0.252031,-0.961746,0.107353,0.000000,0.901159,0.273679,0.336172,0.000000,-2.653061,0.600208,3.128576,1.000000;;
        }

        Frame Bip01_L_UpperArm {
         

         FrameTransformMatrix {
          0.866962,-0.069581,-0.493494,0.000000,-0.053550,0.971468,-0.231048,0.000000,0.495490,0.226737,0.838499,0.000000,7.154709,0.000000,0.000000,1.000000;;
         }

         Frame Bip01_L_Forearm {
          

          FrameTransformMatrix {
           0.999999,0.001452,0.000000,0.000000,-0.001452,0.999999,-0.000000,0.000000,0.000000,0.000000,1.000000,0.000000,16.098995,0.000001,0.000004,1.000000;;
          }

          Frame Bip01_L_Hand {
           

           FrameTransformMatrix {
            0.999148,-0.032013,0.026073,0.000000,-0.027134,-0.033162,0.999081,0.000000,-0.031119,-0.998937,-0.034003,0.000000,12.943913,0.000000,0.000008,1.000000;;
           }

           Frame Weapon_Hand_L_Point {
            

            FrameTransformMatrix {
             0.031765,-0.100532,0.994427,0.000000,0.997954,-0.052045,-0.037139,0.000000,0.055489,0.993572,0.098673,0.000000,11.053598,-2.077038,-0.434262,1.000000;;
            }
           }
          }
         }

         Frame Bip01_L_ForeTwist {
          

          FrameTransformMatrix {
           0.999999,0.001452,0.000000,0.000000,-0.001452,0.999935,0.011342,0.000000,0.000016,-0.011342,0.999936,0.000000,16.098995,0.000001,0.000004,1.000000;;
          }

          Frame Bip01_L_ForeTwist1 {
           

           FrameTransformMatrix {
            1.000000,0.000000,-0.000000,0.000000,-0.000000,0.999936,0.011342,0.000000,0.000000,-0.011342,0.999936,0.000000,6.471956,0.000000,-0.000004,1.000000;;
           }
          }
         }

         Frame Bip01_L_UpperTwist_Bone01 {
          

          FrameTransformMatrix {
           1.000000,0.000000,0.000000,0.000000,-0.000000,1.000000,-0.000000,0.000000,-0.000000,0.000000,1.000000,0.000000,0.000000,0.000000,0.000000,1.000000;;
          }
         }
        }
       }

       Frame Bip01_R_Clavicle {
        

        FrameTransformMatrix {
         -0.352692,0.012011,-0.935662,0.000000,0.252031,-0.961747,-0.107348,0.000000,-0.901159,-0.273677,0.336173,0.000000,-2.653076,0.600191,-3.128585,1.000000;;
        }

        Frame Bip01_R_UpperArm {
         

         FrameTransformMatrix {
          0.866961,-0.069581,0.493494,0.000000,-0.053550,0.971467,0.231048,0.000000,-0.495490,-0.226737,0.838499,0.000000,7.154710,0.000001,0.000023,1.000000;;
         }

         Frame Bip01_R_Forearm {
          

          FrameTransformMatrix {
           0.999999,0.001452,-0.000000,0.000000,-0.001452,0.999999,-0.000000,0.000000,0.000000,0.000000,1.000000,0.000000,16.098979,-0.000000,-0.000000,1.000000;;
          }

          Frame Bip01_R_Hand {
           

           FrameTransformMatrix {
            0.999147,-0.032013,-0.026073,0.000000,-0.027134,-0.033162,-0.999082,0.000000,0.031119,0.998937,-0.034003,0.000000,12.943903,0.000001,-0.000019,1.000000;;
           }

           Frame Weapon_Hand_R_Point {
            

            FrameTransformMatrix {
             -0.066572,0.102286,0.992525,0.000000,0.996237,-0.048502,0.071820,0.000000,0.055486,0.993572,-0.098672,0.000000,11.053578,-2.077042,0.434246,1.000000;;
            }
           }
          }
         }

         Frame Bip01_R_ForeTwist {
          

          FrameTransformMatrix {
           0.999999,0.001452,-0.000000,0.000000,-0.001452,0.999935,-0.011342,0.000000,-0.000016,0.011342,0.999936,0.000000,16.098979,-0.000000,-0.000000,1.000000;;
          }

          Frame Bip01_R_ForeTwist1 {
           

           FrameTransformMatrix {
            1.000000,0.000000,-0.000000,0.000000,-0.000000,0.999936,-0.011342,0.000000,-0.000000,0.011342,0.999936,0.000000,6.471949,0.000000,0.000000,1.000000;;
           }
          }
         }

         Frame Bip01_R_UpperTwist_Bone01 {
          

          FrameTransformMatrix {
           1.000000,0.000000,-0.000000,0.000000,-0.000000,1.000000,0.000000,0.000000,0.000000,-0.000000,1.000001,0.000000,0.000000,-0.000001,-0.000015,1.000000;;
          }
         }
        }
       }
      }
     }

     Frame Weapon_Back_R_Point {
      

      FrameTransformMatrix {
       -0.126066,-0.986694,0.102681,0.000000,-0.473971,0.150837,0.867525,0.000000,-0.871469,0.060697,-0.486680,0.000000,22.106282,8.777389,-28.850067,1.000000;;
      }
     }

     Frame Weapon_Back_B_Point {
      

      FrameTransformMatrix {
       -0.020807,-0.996061,0.086193,0.000000,0.646766,0.052332,0.760891,0.000000,-0.762405,0.071578,0.643130,0.000000,6.591144,15.335432,3.548436,1.000000;;
      }
     }
    }
   }

   Frame Bip01_L_Thigh {
    

    FrameTransformMatrix {
     -0.996421,0.067699,0.050614,0.000000,0.067412,0.997698,-0.007358,0.000000,-0.050996,-0.003919,-0.998692,0.000000,-0.000011,-0.000013,7.749222,1.000000;;
    }

    Frame Bip01_L_Calf {
     

     FrameTransformMatrix {
      0.999628,0.027315,-0.000000,0.000000,-0.027315,0.999627,-0.000000,0.000000,0.000000,0.000000,1.000001,0.000000,20.567848,0.000000,-0.000001,1.000000;;
     }

     Frame L_Calf_Point01 {
      

      FrameTransformMatrix {
       0.985106,-0.164333,0.050615,0.000000,0.163331,0.986295,0.023365,0.000000,-0.053761,-0.014750,0.998446,0.000000,12.278659,-0.074271,-1.656631,1.000000;;
      }
     }
    }
   }

   Frame Bip01_R_Thigh {
    

    FrameTransformMatrix {
     -0.996421,0.067700,-0.050617,0.000000,0.067413,0.997698,0.007361,0.000000,0.050999,0.003922,-0.998691,0.000000,0.000011,0.000009,-7.749222,1.000000;;
    }

    Frame Bip01_R_Calf {
     

     FrameTransformMatrix {
      0.999627,0.027315,-0.000000,0.000000,-0.027315,0.999627,-0.000000,0.000000,0.000000,0.000000,1.000000,0.000000,20.567818,-0.000001,0.000002,1.000000;;
     }

     Frame R_Calf_Point01 {
      

      FrameTransformMatrix {
       0.985277,-0.163296,-0.050628,0.000000,0.162299,0.986468,-0.023257,0.000000,0.053740,0.014697,0.998447,0.000000,12.277331,-0.074044,1.630354,1.000000;;
      }
     }
    }
   }

   Frame Weapon_Side_R_Point {
    

    FrameTransformMatrix {
     0.375118,-0.025884,-0.926616,0.000000,-0.398265,0.898149,-0.186316,0.000000,0.837061,0.438929,0.326603,0.000000,4.754982,-9.728015,-14.996736,1.000000;;
    }
   }

   Frame Weapon_Side_L_Point {
    

    FrameTransformMatrix {
     -0.396963,0.013947,-0.917728,0.000000,-0.396286,0.899279,0.185080,0.000000,0.827875,0.437153,-0.351454,0.000000,4.843651,-9.796757,15.171016,1.000000;;
    }
   }
  }

  Frame EFF_Lock_D {
   

   FrameTransformMatrix {
    0.997581,0.000000,0.069521,0.000000,-0.000000,1.000000,0.000000,0.000000,-0.069521,-0.000000,0.997580,0.000000,1.484428,0.000002,-43.131274,1.000000;;
   }

   Frame Extra_Point01 {
    

    FrameTransformMatrix {
     0.000001,-1.000000,-0.000000,0.000000,1.000000,0.000001,0.000237,0.000000,-0.000237,-0.000000,1.000000,0.000000,4.648523,0.000004,9.329006,1.000000;;
    }
   }
  }

  Frame Move_Link_D {
   

   FrameTransformMatrix {
    0.997564,-0.000000,0.069757,0.000000,0.000000,1.000000,-0.000000,0.000000,-0.069757,0.000000,0.997564,0.000000,0.596978,0.000001,-8.537063,1.000000;;
   }

   Frame EFF_Move_D {
    

    FrameTransformMatrix {
     1.000000,0.000001,-0.000000,0.000000,-0.000001,1.000000,0.000000,0.000000,0.000000,-0.000000,1.000000,0.000000,-1.706174,0.013154,-34.571846,1.000000;;
    }
   }
  }

  Frame SATA9NI_Lock_Dummy01 {
   

   FrameTransformMatrix {
    0.000001,-1.000000,0.000000,0.000000,0.997564,0.000001,0.069757,0.000000,-0.069757,-0.000000,0.997564,0.000000,1.485519,0.000002,-43.146867,1.000000;;
   }
  }

  Frame SATA9NI_Link_Point02 {
   

   FrameTransformMatrix {
    -0.997564,-0.000001,-0.069757,0.000000,0.069757,0.000000,-0.997564,0.000000,0.000001,-1.000000,-0.000000,0.000000,0.647019,0.000002,-39.109933,1.000000;;
   }
  }
 }

 Frame CL_Skin {
  

  FrameTransformMatrix {
   1.000000,0.000000,0.000000,0.000000,0.000000,1.000000,0.000000,0.000000,0.000000,0.000000,1.000000,0.000000,0.000000,-0.000042,0.000000,1.000000;;
  }
 }

 Frame CL {
  

  FrameTransformMatrix {
   1.000000,0.000000,0.000000,0.000000,0.000000,1.000000,0.000000,0.000000,0.000000,0.000000,1.000000,0.000000,0.000000,0.000000,0.000000,1.000000;;
  }
 }
}

Frame CL_Skin_ {
 

 FrameTransformMatrix {
  0.393701,0.000000,0.000000,0.000000,0.000000,-0.000000,-0.393701,0.000000,0.000000,0.393701,-0.000000,0.000000,0.000000,0.000000,0.000000,1.000000;;
 }

 Mesh CL_Skin_ {
  40;
  -4.232706;0.877645;77.757939;,
  -5.698610;1.575683;77.161581;,
  -3.576517;-1.863749;79.000781;,
  -2.654814;3.578281;76.925843;,
  4.232706;0.877645;77.757939;,
  3.576518;-1.863749;79.000781;,
  5.698609;1.575683;77.161581;,
  2.654814;3.578281;76.925843;,
  -3.144897;6.785888;73.609274;,
  -5.698610;1.575683;77.161581;,
  -5.698610;1.575683;77.161581;,
  -5.767475;4.959225;74.832301;,
  -0.000000;7.445086;73.124992;,
  -0.000000;4.533221;76.784576;,
  3.144896;6.785889;73.609274;,
  5.767476;4.959225;74.832301;,
  -3.441376;-1.376575;83.849555;,
  -0.000000;-3.317304;81.049728;,
  -0.000000;-3.030391;84.195802;,
  3.441376;-1.376575;83.849555;,
  -3.423005;-1.600360;80.739507;,
  -4.020016;1.495503;83.171981;,
  3.423005;-1.600360;80.739507;,
  4.020015;1.495503;83.171981;,
  0.000000;-3.704782;79.215334;,
  -3.576517;-1.863749;79.000781;,
  3.576518;-1.863749;79.000781;,
  -4.053544;1.167758;80.134285;,
  -4.232706;0.877645;77.757939;,
  -2.662884;3.678874;82.567386;,
  -2.575374;3.412604;79.568838;,
  -2.654814;3.578281;76.925843;,
  -0.000001;4.767182;82.131558;,
  -0.000001;4.518928;79.272288;,
  -0.000000;4.533221;76.784576;,
  2.654814;3.578281;76.925843;,
  2.575373;3.412604;79.568838;,
  2.662883;3.678874;82.567386;,
  4.232706;0.877645;77.757939;,
  4.053543;1.167758;80.134285;;
  44;
  3;0,1,2;,
  3;0,3,1;,
  3;4,5,6;,
  3;4,6,7;,
  3;8,9,3;,
  3;10,8,11;,
  3;3,12,8;,
  3;12,3,13;,
  3;7,12,13;,
  3;12,7,14;,
  3;6,14,7;,
  3;14,6,15;,
  3;16,17,18;,
  3;17,19,18;,
  3;17,16,20;,
  3;21,20,16;,
  3;19,17,22;,
  3;22,23,19;,
  3;20,24,17;,
  3;24,22,17;,
  3;24,20,25;,
  3;22,24,26;,
  3;27,25,20;,
  3;20,21,27;,
  3;25,27,28;,
  3;29,27,21;,
  3;30,28,27;,
  3;27,29,30;,
  3;28,30,31;,
  3;32,30,29;,
  3;33,31,30;,
  3;30,32,33;,
  3;31,33,34;,
  3;33,35,34;,
  3;32,36,33;,
  3;35,33,36;,
  3;36,32,37;,
  3;36,38,35;,
  3;37,39,36;,
  3;38,36,39;,
  3;39,37,23;,
  3;39,26,38;,
  3;23,22,39;,
  3;26,39,22;;

  MeshNormals {
   40;
   -0.833331;0.397763;0.383854;,
   -0.219268;0.562131;0.797452;,
   -0.862106;-0.385375;0.329027;,
   -0.349344;0.769927;0.534014;,
   0.833331;0.397763;0.383854;,
   0.862106;-0.385375;0.329027;,
   0.219268;0.562131;0.797452;,
   0.349344;0.769927;0.534014;,
   -0.161584;0.659255;0.734353;,
   -0.219268;0.562131;0.797452;,
   -0.219268;0.562131;0.797452;,
   -0.010679;0.566861;0.823744;,
   -0.000000;0.746994;0.664830;,
   -0.000000;0.902925;0.429799;,
   0.161584;0.659255;0.734353;,
   0.010679;0.566861;0.823744;,
   -0.646507;-0.760644;0.058740;,
   0.000000;-0.994024;0.109159;,
   0.000000;-0.995867;0.090820;,
   0.646507;-0.760644;0.058740;,
   -0.775703;-0.623854;0.095341;,
   -0.999842;0.017765;0.000188;,
   0.775703;-0.623854;0.095341;,
   0.999842;0.017765;0.000188;,
   0.000000;-0.979694;0.200498;,
   -0.862106;-0.385375;0.329027;,
   0.862106;-0.385375;0.329027;,
   -0.980615;0.195415;0.014431;,
   -0.833331;0.397763;0.383854;,
   -0.718050;0.692026;-0.074189;,
   -0.642976;0.765516;-0.023824;,
   -0.349344;0.769927;0.534014;,
   -0.000000;0.995584;-0.093875;,
   -0.000000;0.999991;-0.004175;,
   -0.000000;0.902925;0.429799;,
   0.349344;0.769927;0.534014;,
   0.642976;0.765516;-0.023824;,
   0.718050;0.692026;-0.074189;,
   0.833331;0.397763;0.383854;,
   0.980615;0.195415;0.014431;;
   44;
   3;0,1,2;,
   3;0,3,1;,
   3;4,5,6;,
   3;4,6,7;,
   3;8,9,3;,
   3;10,8,11;,
   3;3,12,8;,
   3;12,3,13;,
   3;7,12,13;,
   3;12,7,14;,
   3;6,14,7;,
   3;14,6,15;,
   3;16,17,18;,
   3;17,19,18;,
   3;17,16,20;,
   3;21,20,16;,
   3;19,17,22;,
   3;22,23,19;,
   3;20,24,17;,
   3;24,22,17;,
   3;24,20,25;,
   3;22,24,26;,
   3;27,25,20;,
   3;20,21,27;,
   3;25,27,28;,
   3;29,27,21;,
   3;30,28,27;,
   3;27,29,30;,
   3;28,30,31;,
   3;32,30,29;,
   3;33,31,30;,
   3;30,32,33;,
   3;31,33,34;,
   3;33,35,34;,
   3;32,36,33;,
   3;35,33,36;,
   3;36,32,37;,
   3;36,38,35;,
   3;37,39,36;,
   3;38,36,39;,
   3;39,37,23;,
   3;39,26,38;,
   3;23,22,39;,
   3;26,39,22;;
  }

  MeshMaterialList {
   1;
   44;
   0,
   0,
   0,
   0,
   0,
   0,
   0,
   0,
   0,
   0,
   0,
   0,
   0,
   0,
   0,
   0,
   0,
   0,
   0,
   0,
   0,
   0,
   0,
   0,
   0,
   0,
   0,
   0,
   0,
   0,
   0,
   0,
   0,
   0,
   0,
   0,
   0,
   0,
   0,
   0,
   0,
   0,
   0,
   0;
   { Material__0_182 }
  }

  MeshTextureCoords c1 {
   40;
   0.050781;0.519531;,
   0.062464;0.550687;,
   0.052734;0.488281;,
   0.035156;0.542969;,
   0.050781;0.519531;,
   0.052734;0.488281;,
   0.062500;0.550781;,
   0.035156;0.542969;,
   0.033203;0.578125;,
   0.062480;0.550776;,
   0.062497;0.550829;,
   0.060547;0.582031;,
   0.009766;0.582031;,
   0.009766;0.546875;,
   0.033203;0.578125;,
   0.060547;0.582031;,
   0.250000;0.496094;,
   0.273438;0.566406;,
   0.273438;0.496094;,
   0.250000;0.496094;,
   0.250000;0.566406;,
   0.230469;0.496094;,
   0.250000;0.566406;,
   0.230469;0.496094;,
   0.273438;0.632813;,
   0.250000;0.632813;,
   0.250000;0.632813;,
   0.230469;0.566406;,
   0.230469;0.632813;,
   0.210938;0.496094;,
   0.210938;0.566406;,
   0.210938;0.632813;,
   0.197266;0.496094;,
   0.197266;0.566406;,
   0.197266;0.632813;,
   0.210938;0.632813;,
   0.210938;0.566406;,
   0.210938;0.496094;,
   0.230469;0.632813;,
   0.230469;0.566406;;
  }

  XSkinMeshHeader {
   4;
   4;
   7;
  }

  SkinWeights {
   "Bip01_Spine2";
   32;
   0,
   1,
   2,
   3,
   4,
   5,
   6,
   7,
   8,
   9,
   10,
   11,
   12,
   13,
   14,
   15,
   17,
   20,
   22,
   24,
   25,
   26,
   27,
   28,
   30,
   31,
   33,
   34,
   35,
   36,
   38,
   39;
   0.304310,
   0.100000,
   0.750000,
   0.500000,
   0.304317,
   0.750000,
   0.100000,
   0.500000,
   1.000000,
   0.100000,
   0.100000,
   0.540000,
   1.000000,
   0.500000,
   1.000000,
   0.540000,
   0.100000,
   0.100000,
   0.100000,
   0.750000,
   0.750000,
   0.750000,
   0.100000,
   0.304310,
   0.100000,
   0.500000,
   0.100000,
   0.500000,
   0.500000,
   0.100000,
   0.304317,
   0.100000;
   -0.000000,0.000001,1.000000,0.000000,-0.160850,-0.986979,0.000001,0.000000,0.986979,-0.160850,0.000000,0.000000,-63.967360,12.300127,-0.000033,1.000000;;
  }

  SkinWeights {
   "Bip01_Head";
   20;
   0,
   4,
   16,
   17,
   18,
   19,
   20,
   21,
   22,
   23,
   27,
   28,
   29,
   30,
   32,
   33,
   36,
   37,
   38,
   39;
   0.256187,
   0.256172,
   0.250000,
   0.100000,
   0.250000,
   0.250000,
   0.100000,
   0.250000,
   0.100000,
   0.250000,
   0.100000,
   0.256187,
   0.250000,
   0.100000,
   0.250000,
   0.100000,
   0.100000,
   0.250000,
   0.256172,
   0.100000;
   -0.000000,0.000027,1.000000,0.000000,0.001053,-1.000000,0.000027,0.000000,1.000000,0.001053,0.000000,0.000000,-80.443168,-0.315794,0.000004,1.000000;;
  }

  SkinWeights {
   "Bip01_Neck";
   35;
   0,
   1,
   2,
   3,
   4,
   5,
   6,
   7,
   9,
   10,
   13,
   16,
   17,
   18,
   19,
   20,
   21,
   22,
   23,
   24,
   25,
   26,
   27,
   28,
   29,
   30,
   31,
   32,
   33,
   34,
   35,
   36,
   37,
   38,
   39;
   0.235629,
   0.900000,
   0.250000,
   0.500000,
   0.235634,
   0.250000,
   0.900000,
   0.500000,
   0.900000,
   0.900000,
   0.500000,
   0.750000,
   0.800000,
   0.750000,
   0.750000,
   0.800000,
   0.750000,
   0.800000,
   0.750000,
   0.250000,
   0.250000,
   0.250000,
   0.800000,
   0.235629,
   0.750000,
   0.800000,
   0.500000,
   0.750000,
   0.800000,
   0.500000,
   0.500000,
   0.800000,
   0.750000,
   0.235634,
   0.800000;
   0.000000,0.000002,1.000000,0.000000,0.093806,-0.995590,0.000002,0.000000,0.995590,0.093806,-0.000000,0.000000,-76.902886,-6.999091,0.000017,1.000000;;
  }

  SkinWeights {
   "Bip01_L_Clavicle";
   3;
   4,
   15,
   38;
   0.203877,
   0.360000,
   0.203877;
   0.935662,0.107352,0.336173,0.000000,-0.045047,0.981147,-0.187937,0.000000,-0.350010,0.160702,0.922859,0.000000,23.168758,-11.740534,-70.042432,1.000000;;
  }

  SkinWeights {
   "Bip01_L_UpperTwist_Bone01";
   1;
   15;
   0.100000;
   0.637814,-0.023488,0.769832,0.000000,-0.014577,0.998988,0.042556,0.000000,-0.770052,-0.038365,0.636826,0.000000,49.265965,3.920081,-53.457702,1.000000;;
  }

  SkinWeights {
   "Bip01_R_UpperTwist_Bone01";
   1;
   11;
   0.100000;
   -0.637815,0.023491,0.769831,0.000000,-0.014575,0.998988,-0.042559,0.000000,-0.770052,-0.038365,-0.636826,0.000000,49.265965,3.920108,53.457728,1.000000;;
  }

  SkinWeights {
   "Bip01_R_Clavicle";
   3;
   0,
   11,
   28;
   0.203874,
   0.360000,
   0.203874;
   -0.935662,-0.107349,0.336173,0.000000,-0.045044,0.981148,0.187936,0.000000,-0.350010,0.160702,-0.922858,0.000000,23.168752,-11.740544,70.042413,1.000000;;
  }
 }
}

Frame CL_ {
 

 FrameTransformMatrix {
  0.393701,0.000000,0.000000,0.000000,0.000000,-0.000000,-0.393701,0.000000,0.000000,0.393701,-0.000000,0.000000,0.000000,0.000000,0.000000,1.000000;;
 }

 Mesh CL_ {
  558;
  -23.752586;-3.141885;43.758346;,
  -23.654488;4.398219;45.609162;,
  -23.146595;-3.168185;45.116240;,
  -24.250488;4.901419;44.198150;,
  -24.603898;-3.117085;43.662362;,
  -26.904909;6.106732;47.840013;,
  -25.082798;4.442708;44.135552;,
  -27.811408;6.626442;46.629104;,
  -31.329459;5.467243;51.247834;,
  -28.478794;5.819832;46.385402;,
  -32.445069;5.851342;50.402547;,
  -33.172282;1.228419;53.101680;,
  -32.552064;5.096332;49.586147;,
  -34.323363;1.366719;52.272781;,
  -33.556362;-3.977475;53.327693;,
  -34.292384;1.129189;51.379283;,
  -34.599686;-4.018485;52.356982;,
  -31.673869;-8.513914;51.331520;,
  -34.531475;-3.919675;51.545094;,
  -32.832470;-8.794203;50.320934;,
  -25.593686;-8.916603;46.896659;,
  -32.756566;-8.322813;49.691437;,
  -26.428384;-9.208202;45.618650;,
  -23.146595;-3.168185;45.116240;,
  -27.042486;-8.715294;45.356246;,
  -23.752586;-3.141885;43.758346;,
  -24.603898;-3.117085;43.662362;,
  -16.934781;6.459809;41.802464;,
  -7.386301;12.464521;38.001267;,
  -6.670801;12.293500;40.949066;,
  -12.632190;10.605620;39.229168;,
  -7.870402;12.439710;37.501760;,
  12.632190;10.605619;39.229168;,
  7.386299;12.464519;38.001267;,
  7.870398;12.439709;37.501760;,
  16.934781;6.459810;41.802464;,
  6.670800;12.293500;40.949066;,
  23.654493;4.398224;45.609149;,
  23.752594;-3.141883;43.758339;,
  23.146603;-3.168183;45.116230;,
  24.250496;4.901424;44.198138;,
  24.603904;-3.117083;43.662349;,
  26.904915;6.106737;47.840003;,
  25.082806;4.442713;44.135539;,
  27.811418;6.626448;46.629094;,
  31.329469;5.467248;51.247827;,
  28.478803;5.819838;46.385392;,
  32.445075;5.851348;50.402534;,
  33.172294;1.228423;53.101670;,
  32.552070;5.096338;49.586134;,
  34.323376;1.366723;52.272771;,
  33.556374;-3.977473;53.327683;,
  34.292397;1.129193;51.379274;,
  34.599696;-4.018483;52.356973;,
  31.673882;-8.513912;51.331514;,
  34.531488;-3.919672;51.545082;,
  32.832480;-8.794203;50.320922;,
  25.593696;-8.916603;46.896650;,
  32.756576;-8.322812;49.691424;,
  26.428394;-9.208202;45.618637;,
  23.146603;-3.168183;45.116230;,
  27.042496;-8.715293;45.356240;,
  23.752594;-3.141883;43.758339;,
  24.603904;-3.117083;43.662349;,
  -5.473990;8.972307;70.133658;,
  -5.767499;4.959317;74.832243;,
  -3.144901;6.785918;73.609254;,
  -0.000001;9.431608;70.134656;,
  -0.000000;7.445107;73.124941;,
  -5.215691;10.403218;66.022848;,
  3.144900;6.785918;73.609254;,
  5.473989;8.972307;70.133651;,
  5.767499;4.959317;74.832237;,
  5.215690;10.403218;66.022848;,
  -0.000001;10.761519;66.100877;,
  -0.000001;11.262818;62.213958;,
  5.215690;10.904609;62.135949;,
  -5.215691;10.904609;62.135949;,
  -0.000001;11.033617;58.152365;,
  5.215690;10.675309;58.117562;,
  -5.215691;10.675309;58.117562;,
  -0.000001;10.780419;53.822950;,
  5.283099;10.529409;53.857069;,
  -5.283101;10.529409;53.857069;,
  -0.000001;11.329910;49.409267;,
  5.476490;10.970020;49.485958;,
  -5.476490;10.970020;49.485958;,
  -0.000001;12.515709;44.374458;,
  5.919989;11.963619;44.730854;,
  -5.919990;11.963619;44.730854;,
  -0.000001;12.666411;40.549254;,
  6.670800;12.293500;40.949066;,
  -6.670801;12.293500;40.949066;,
  -6.670801;12.293500;40.949066;,
  -6.207902;12.455809;44.838950;,
  -5.919990;11.963619;44.730854;,
  -7.015902;13.020721;40.731549;,
  -7.386301;12.464521;38.001267;,
  -11.359402;10.728110;44.641565;,
  -7.005491;10.550720;49.588960;,
  -7.677890;13.135911;37.895866;,
  -7.870402;12.439710;37.501760;,
  -12.969000;11.296910;39.229168;,
  -8.131591;13.091910;37.401267;,
  -12.632190;10.605620;39.229168;,
  -16.934781;6.459809;41.802464;,
  -15.407091;6.363719;46.234653;,
  -17.649787;0.169709;42.815866;,
  -16.246491;0.557389;46.524950;,
  -14.568891;0.996418;50.640064;,
  -13.861301;6.234719;50.464570;,
  -13.369002;1.279188;54.593856;,
  -10.316000;9.365810;49.857651;,
  -7.868001;9.592510;53.573754;,
  -9.648502;8.675998;54.301261;,
  -9.208902;8.904018;57.586867;,
  -12.943691;6.018908;54.526170;,
  -12.454302;5.972218;59.570861;,
  -12.885802;1.336608;59.430976;,
  -10.145590;8.937897;61.911558;,
  -12.648591;1.750818;62.922362;,
  -12.254900;6.321918;64.794765;,
  -10.677900;8.783009;65.100749;,
  -12.441587;4.857408;64.864448;,
  -11.574686;1.434408;63.295744;,
  -11.126091;7.980398;67.854848;,
  -12.806589;5.639608;68.007360;,
  -10.540489;7.126408;70.785139;,
  -7.530290;9.001108;69.470861;,
  -13.422488;4.357306;72.255354;,
  -10.988097;4.504107;73.525370;,
  -13.946979;1.648907;75.020250;,
  -9.445899;4.768497;74.086854;,
  -11.299688;1.570787;75.754547;,
  -8.517198;1.337307;76.563949;,
  6.207899;12.455809;44.838950;,
  6.670800;12.293500;40.949066;,
  5.919989;11.963619;44.730854;,
  7.015899;13.020721;40.731549;,
  7.386299;12.464519;38.001267;,
  11.359400;10.728110;44.641565;,
  7.005490;10.550720;49.588960;,
  7.677889;13.135910;37.895866;,
  7.870398;12.439709;37.501760;,
  12.969000;11.296910;39.229168;,
  8.131589;13.091910;37.401267;,
  12.632190;10.605619;39.229168;,
  16.934781;6.459810;41.802464;,
  15.407090;6.363720;46.234653;,
  17.649792;0.169710;42.815866;,
  16.246491;0.557390;46.524950;,
  14.568891;0.996419;50.640064;,
  13.861299;6.234719;50.464570;,
  13.369002;1.279189;54.593856;,
  10.316000;9.365810;49.857651;,
  7.867999;9.592510;53.573754;,
  9.648498;8.675998;54.301261;,
  9.208899;8.904019;57.586867;,
  12.943691;6.018909;54.526170;,
  12.454300;5.972219;59.570861;,
  12.885802;1.336609;59.430976;,
  10.145589;8.937898;61.911558;,
  12.648590;1.750819;62.922362;,
  12.254900;6.321918;64.794765;,
  10.677900;8.783010;65.100736;,
  11.126089;7.980398;67.854842;,
  12.441590;4.857409;64.864442;,
  11.574690;1.434409;63.295744;,
  12.806590;5.639610;68.007360;,
  10.540489;7.126410;70.785139;,
  7.530290;9.001109;69.470854;,
  13.422488;4.357308;72.255354;,
  10.988100;4.504108;73.525363;,
  13.946979;1.648908;75.020250;,
  9.445899;4.768498;74.086854;,
  11.299688;1.570787;75.754547;,
  8.517199;1.337307;76.563949;,
  -6.207902;12.455809;44.838950;,
  -5.476490;10.970020;49.485958;,
  -5.919990;11.963619;44.730854;,
  -5.567291;11.775018;49.642154;,
  -5.283101;10.529409;53.857069;,
  -6.808802;11.136309;49.646470;,
  -7.005491;10.550720;49.588960;,
  -5.367700;11.334418;54.013261;,
  -5.215691;10.675309;58.117562;,
  -7.800890;10.209798;53.746272;,
  -7.868001;9.592510;53.573754;,
  -9.086401;9.625717;57.611654;,
  -9.208902;8.904018;57.586867;,
  -10.145590;8.937897;61.911558;,
  -5.295801;11.485419;57.969773;,
  -5.215691;10.904609;62.135949;,
  -10.129591;9.839018;61.947251;,
  -5.314191;11.775017;62.337152;,
  -5.215691;10.403218;66.022848;,
  -10.657791;9.560706;65.087059;,
  -10.677900;8.783009;65.100749;,
  -5.518591;11.208218;66.179053;,
  -5.473990;8.972307;70.133658;,
  -5.753890;10.064018;69.598650;,
  -11.122301;8.620108;67.876550;,
  -11.126091;7.980398;67.854848;,
  -7.530290;9.001108;69.470861;,
  -7.023090;9.667418;69.818874;,
  -5.859090;9.346107;71.138547;,
  -7.086690;9.366309;69.779744;,
  -10.540489;7.126408;70.785139;,
  -5.767499;4.959317;74.832243;,
  -10.400890;7.602607;71.182861;,
  -9.445899;4.768497;74.086854;,
  -6.081200;5.593397;75.535552;,
  -5.698591;1.575718;77.161542;,
  -9.402989;5.115608;74.452941;,
  -8.517198;1.337307;76.563949;,
  -8.444187;1.526507;76.993344;,
  -7.103087;-2.391983;77.641645;,
  -6.072299;1.878287;77.906138;,
  -3.576480;-1.863673;79.000768;,
  -7.043888;-2.344283;78.158246;,
  -3.775090;-2.256973;79.404544;,
  0.000000;-3.704672;79.215360;,
  -3.826800;-4.329262;78.241562;,
  -3.779769;-4.420682;77.737440;,
  0.000000;-5.181782;77.634950;,
  0.000000;-5.364772;78.247744;,
  0.000000;-4.307172;79.619046;,
  3.826800;-4.329262;78.241562;,
  3.779770;-4.420682;77.737440;,
  7.103090;-2.391984;77.641645;,
  3.775090;-2.256973;79.404544;,
  3.576480;-1.863673;79.000762;,
  7.043890;-2.344284;78.158246;,
  6.072299;1.878287;77.906144;,
  5.698589;1.575718;77.161542;,
  8.444188;1.526507;76.993338;,
  8.517199;1.337307;76.563949;,
  6.081199;5.593398;75.535552;,
  5.767499;4.959317;74.832237;,
  9.402989;5.115609;74.452941;,
  9.445899;4.768498;74.086854;,
  10.400890;7.602609;71.182861;,
  10.540489;7.126410;70.785139;,
  5.859089;9.346109;71.138547;,
  5.473989;8.972307;70.133651;,
  7.086689;9.366309;69.779738;,
  7.530290;9.001109;69.470854;,
  7.023089;9.667418;69.818861;,
  5.753889;10.064019;69.598650;,
  11.122299;8.620109;67.876550;,
  11.126089;7.980398;67.854842;,
  10.677900;8.783010;65.100736;,
  10.657790;9.560708;65.087053;,
  10.145589;8.937898;61.911558;,
  5.518589;11.208218;66.179053;,
  5.215690;10.403218;66.022848;,
  5.314190;11.775017;62.337152;,
  5.215690;10.904609;62.135949;,
  10.129590;9.839019;61.947251;,
  5.295799;11.485419;57.969773;,
  5.215690;10.675309;58.117562;,
  9.086399;9.625717;57.611654;,
  9.208899;8.904019;57.586867;,
  7.867999;9.592510;53.573754;,
  5.367699;11.334418;54.013261;,
  5.283099;10.529409;53.857069;,
  7.800889;10.209798;53.746272;,
  7.005490;10.550720;49.588960;,
  5.567289;11.775018;49.642154;,
  5.476490;10.970020;49.485958;,
  6.808800;11.136309;49.646470;,
  6.207899;12.455809;44.838950;,
  5.919989;11.963619;44.730854;,
  -14.123898;-2.551373;75.467258;,
  -11.299688;1.570787;75.754547;,
  -13.946979;1.648907;75.020250;,
  -11.233886;-2.460673;76.366944;,
  -8.517198;1.337307;76.563949;,
  -7.103087;-2.391983;77.641645;,
  -10.381186;-6.117072;74.357254;,
  -13.255586;-5.906282;73.560346;,
  -4.950589;-6.284272;75.205549;,
  -3.779769;-4.420682;77.737440;,
  -9.123878;-7.380681;68.120346;,
  -11.614599;-6.500282;66.653152;,
  -4.697090;-7.767372;68.561850;,
  -6.215190;-6.721472;62.873664;,
  -10.833698;-4.904982;63.158752;,
  0.000001;-7.749073;68.651443;,
  0.000000;-6.504172;75.472858;,
  0.000000;-5.181782;77.634950;,
  3.779770;-4.420682;77.737440;,
  4.950591;-6.284273;75.205549;,
  7.103090;-2.391984;77.641645;,
  4.697091;-7.767372;68.561850;,
  10.381190;-6.117074;74.357248;,
  11.233889;-2.460673;76.366944;,
  8.517199;1.337307;76.563949;,
  11.299688;1.570787;75.754547;,
  14.123899;-2.551373;75.467258;,
  13.946979;1.648908;75.020250;,
  13.255590;-5.906283;73.560346;,
  9.123880;-7.380681;68.120339;,
  11.614600;-6.500281;66.653152;,
  6.215190;-6.721472;62.873664;,
  10.833700;-4.904981;63.158752;,
  12.648590;1.750819;62.922362;,
  11.574690;1.434409;63.295744;,
  10.740901;-4.582182;62.870246;,
  10.772990;-4.001082;59.623270;,
  12.885802;1.336609;59.430976;,
  11.394701;-3.911282;54.868269;,
  13.369002;1.279189;54.593856;,
  12.748500;-4.589071;50.695968;,
  14.568891;0.996419;50.640064;,
  16.246491;0.557390;46.524950;,
  14.297891;-5.721480;46.549069;,
  17.649792;0.169710;42.815866;,
  15.846693;-6.831261;42.707248;,
  7.215401;-8.816571;50.488755;,
  8.179590;-9.961961;46.070554;,
  9.375090;-11.272570;42.162656;,
  6.523291;-7.540882;55.016570;,
  0.000000;-9.551872;50.507360;,
  0.000000;-10.913972;45.629808;,
  2.109291;-11.840982;42.231658;,
  -9.375089;-11.272571;42.162656;,
  -2.109289;-11.840982;42.231658;,
  -8.179590;-9.961962;46.070557;,
  -15.846691;-6.831262;42.707248;,
  -14.297891;-5.721482;46.549066;,
  -17.649787;0.169709;42.815866;,
  -16.246491;0.557389;46.524950;,
  -7.215400;-8.816572;50.488755;,
  -12.748500;-4.589072;50.695968;,
  -14.568891;0.996418;50.640064;,
  -13.369002;1.279188;54.593856;,
  -11.394701;-3.911282;54.868269;,
  -12.885802;1.336608;59.430976;,
  -6.523290;-7.540882;55.016570;,
  -10.772990;-4.001082;59.623270;,
  -12.648591;1.750818;62.922362;,
  0.000000;-8.287537;54.966829;,
  -11.574686;1.434408;63.295744;,
  -10.740898;-4.582183;62.870246;,
  -6.175190;-6.685882;59.647270;,
  0.000000;-8.287537;54.966829;,
  0.000000;-7.397662;59.693389;,
  6.175190;-6.685882;59.647270;,
  0.000000;-7.397662;59.693389;,
  0.000000;-7.449282;62.948358;,
  -22.122085;-3.288375;45.142646;,
  -25.593686;-8.916603;46.896659;,
  -23.146595;-3.168185;45.116240;,
  -25.066286;-9.515614;47.024547;,
  -31.738966;-9.255502;52.095338;,
  -31.673869;-8.513914;51.331520;,
  -33.556362;-3.977475;53.327693;,
  -21.929685;-8.810114;51.804758;,
  -19.303486;-3.615476;50.206646;,
  -16.622685;-3.580376;54.978758;,
  -33.835786;-4.202485;54.282086;,
  -33.172282;1.228419;53.101680;,
  -27.699360;-8.179715;56.478637;,
  -33.464886;1.587219;54.043693;,
  -31.329459;5.467243;51.247834;,
  -29.790147;-3.898476;58.301715;,
  -23.546061;-6.532204;60.453408;,
  -31.278771;5.978532;51.987248;,
  -26.904909;6.106732;47.840013;,
  -26.213006;6.946532;48.105011;,
  -23.654488;4.398219;45.609162;,
  -26.934669;5.072050;56.283245;,
  -22.748597;5.022818;45.656861;,
  -23.146595;-3.168185;45.116240;,
  -22.122085;-3.288375;45.142646;,
  -22.628784;5.792060;52.957846;,
  -19.746184;4.028008;50.744557;,
  -19.303486;-3.615476;50.206646;,
  -17.029786;3.142009;55.302259;,
  -16.622685;-3.580376;54.978758;,
  -19.603794;4.708979;57.331654;,
  -15.581475;3.255408;55.944442;,
  -15.181386;-3.930886;55.700954;,
  -15.464496;2.660618;57.464845;,
  -15.071386;-3.748176;57.301344;,
  -17.816597;4.355746;59.512544;,
  -13.704397;2.046509;60.538554;,
  -13.124598;-3.602772;60.276954;,
  -11.199888;-4.346071;62.530234;,
  -15.706898;4.206619;62.429747;,
  -12.227186;2.251508;62.785658;,
  -10.833698;-4.904982;63.158752;,
  -11.574686;1.434408;63.295744;,
  -12.441587;4.857408;64.864448;,
  -13.726587;4.271418;64.342752;,
  -14.189189;4.767319;67.584851;,
  -12.806589;5.639608;68.007360;,
  -17.965587;3.921619;64.667539;,
  -15.147688;4.068298;69.642656;,
  -13.422488;4.357306;72.255354;,
  -16.182995;3.928608;66.904250;,
  -16.074587;1.604808;71.977466;,
  -13.946979;1.648907;75.020250;,
  -17.656373;1.509158;71.487674;,
  -16.282698;-2.603852;72.357939;,
  -14.123898;-2.551373;75.467258;,
  -13.255586;-5.906282;73.560346;,
  -15.184299;-5.651772;70.517760;,
  -11.614599;-6.500282;66.653152;,
  -18.542194;-2.644072;69.377440;,
  -18.294384;1.413508;69.085434;,
  -20.146986;1.530818;66.736147;,
  -16.898688;-5.380272;67.822342;,
  -20.407390;-2.733871;66.996262;,
  -13.395788;-5.818382;64.471450;,
  -18.780490;-5.507482;65.407149;,
  -12.693398;-6.179572;65.692154;,
  -10.833698;-4.904982;63.158752;,
  -11.199888;-4.346071;62.530234;,
  -14.803288;-5.739472;62.077146;,
  -13.124598;-3.602772;60.276954;,
  -21.667350;-6.219904;62.747405;,
  -16.860296;-6.536004;58.606752;,
  -15.071386;-3.748176;57.301344;,
  -17.757186;-7.432093;57.755546;,
  -15.181386;-3.930886;55.700954;,
  -18.823686;-7.031194;56.579750;,
  -22.568546;-7.026694;61.678387;,
  -25.087686;-3.335576;61.817856;,
  -23.085589;-3.421687;63.872256;,
  -24.635786;-3.727176;63.354042;,
  -22.784296;1.668818;63.569350;,
  -20.721950;3.952645;62.011206;,
  -24.357197;1.922788;63.086842;,
  -22.703346;4.134879;59.760890;,
  -24.753584;1.622508;61.428947;,
  -29.265747;1.552619;58.038618;,
  25.593696;-8.916603;46.896650;,
  22.122091;-3.288373;45.142640;,
  23.146603;-3.168183;45.116230;,
  25.066296;-9.515614;47.024541;,
  31.738979;-9.255502;52.095325;,
  31.673882;-8.513912;51.331514;,
  33.556374;-3.977473;53.327683;,
  21.929691;-8.810113;51.804749;,
  19.303490;-3.615474;50.206643;,
