xof 0303txt 0032
template ColorRGBA {
 <35ff44e0-6c7c-11cf-8f52-0040333594a3>
 FLOAT red;
 FLOAT green;
 FLOAT blue;
 FLOAT alpha;
}

template ColorRGB {
 <d3e16e81-7835-11cf-8f52-0040333594a3>
 FLOAT red;
 FLOAT green;
 FLOAT blue;
}

template Material {
 <3d82ab4d-62da-11cf-ab39-0020af71e433>
 ColorRGBA faceColor;
 FLOAT power;
 ColorRGB specularColor;
 ColorRGB emissiveColor;
 [...]
}

template TextureFilename {
 <a42790e1-7810-11cf-8f52-0040333594a3>
 STRING filename;
}

template Frame {
 <3d82ab46-62da-11cf-ab39-0020af71e433>
 [...]
}

template Matrix4x4 {
 <f6f23f45-7686-11cf-8f52-0040333594a3>
 array FLOAT matrix[16];
}

template FrameTransformMatrix {
 <f6f23f41-7686-11cf-8f52-0040333594a3>
 Matrix4x4 frameMatrix;
}

template Vector {
 <3d82ab5e-62da-11cf-ab39-0020af71e433>
 FLOAT x;
 FLOAT y;
 FLOAT z;
}

template MeshFace {
 <3d82ab5f-62da-11cf-ab39-0020af71e433>
 DWORD nFaceVertexIndices;
 array DWORD faceVertexIndices[nFaceVertexIndices];
}

template Mesh {
 <3d82ab44-62da-11cf-ab39-0020af71e433>
 DWORD nVertices;
 array Vector vertices[nVertices];
 DWORD nFaces;
 array MeshFace faces[nFaces];
 [...]
}

template MeshNormals {
 <f6f23f43-7686-11cf-8f52-0040333594a3>
 DWORD nNormals;
 array Vector normals[nNormals];
 DWORD nFaceNormals;
 array MeshFace faceNormals[nFaceNormals];
}

template MeshMaterialList {
 <f6f23f42-7686-11cf-8f52-0040333594a3>
 DWORD nMaterials;
 DWORD nFaceIndexes;
 array DWORD faceIndexes[nFaceIndexes];
 [Material <3d82ab4d-62da-11cf-ab39-0020af71e433>]
}

template Coords2d {
 <f6f23f44-7686-11cf-8f52-0040333594a3>
 FLOAT u;
 FLOAT v;
}

template MeshTextureCoords {
 <f6f23f40-7686-11cf-8f52-0040333594a3>
 DWORD nTextureCoords;
 array Coords2d textureCoords[nTextureCoords];
}

template XSkinMeshHeader {
 <3cf169ce-ff7c-44ab-93c0-f78f62d172e2>
 WORD nMaxSkinWeightsPerVertex;
 WORD nMaxSkinWeightsPerFace;
 WORD nBones;
}

template SkinWeights {
 <6f0d123b-bad2-4167-a0d0-80224f25fabb>
 STRING transformNodeName;
 DWORD nWeights;
 array DWORD vertexIndices[nWeights];
 array FLOAT weights[nWeights];
 Matrix4x4 matrixOffset;
}

template AnimTicksPerSecond {
 <9e415a43-7ba6-4a73-8743-b73d47e88476>
 DWORD AnimTicksPerSecond;
}

template Animation {
 <3d82ab4f-62da-11cf-ab39-0020af71e433>
 [...]
}

template AnimationSet {
 <3d82ab50-62da-11cf-ab39-0020af71e433>
 [Animation <3d82ab4f-62da-11cf-ab39-0020af71e433>]
}

template FloatKeys {
 <10dd46a9-775b-11cf-8f52-0040333594a3>
 DWORD nValues;
 array FLOAT values[nValues];
}

template TimedFloatKeys {
 <f406b180-7b3b-11cf-8f52-0040333594a3>
 DWORD time;
 FloatKeys tfkeys;
}

template AnimationKey {
 <10dd46a8-775b-11cf-8f52-0040333594a3>
 DWORD keyType;
 DWORD nKeys;
 array TimedFloatKeys keys[nKeys];
}


Material Material__0_176 {
 1.000000;1.000000;1.000000;1.000000;;
 43.219280;
 0.020000;0.020000;0.020000;;
 0.000000;0.000000;0.000000;;

 TextureFilename {
  "F_Skin_body_D.dds";
 }
}

Material Material__155_196 {
 1.000000;1.000000;1.000000;1.000000;;
 43.219280;
 0.020000;0.020000;0.020000;;
 0.000000;0.000000;0.000000;;

 TextureFilename {
  "11400131_F_CLSlimJacket_D.dds";
 }
}

Frame Scene_Root {
 

 FrameTransformMatrix {
  0.393701,0.000000,0.000000,0.000000,0.000000,-0.000000,-0.393701,0.000000,0.000000,0.393701,-0.000000,0.000000,0.000000,0.000000,0.000000,1.000000;;
 }

 Frame Bip01 {
  

  FrameTransformMatrix {
   0.000001,0.997564,-0.069757,0.000000,-1.000000,0.000001,-0.000000,0.000000,0.000000,0.069757,0.997564,0.000000,0.013153,1.995826,45.297594,1.000000;;
  }

  Frame Bip01_Footsteps {
   

   FrameTransformMatrix {
    0.000002,-1.000000,0.000000,0.000000,0.997564,0.000002,0.069757,0.000000,-0.069757,-0.000000,0.997564,0.000000,3.162076,0.000004,-45.219146,1.000000;;
   }
  }

  Frame Bip01_Pelvis {
   

   FrameTransformMatrix {
    0.000001,-0.000000,1.000000,0.000000,-1.000000,0.000001,0.000001,0.000000,-0.000001,-1.000000,-0.000000,0.000000,0.000000,0.000000,0.000000,1.000000;;
   }

   Frame Bip01_Spine {
    

    FrameTransformMatrix {
     0.998707,-0.050824,0.000001,0.000000,0.050824,0.998708,0.000004,0.000000,-0.000001,-0.000004,1.000000,0.000000,3.672924,-0.256297,0.000005,1.000000;;
    }

    Frame Bip01_Spine1 {
     

     FrameTransformMatrix {
      0.996899,0.078688,-0.000000,0.000000,-0.078688,0.996900,0.000000,0.000000,0.000000,-0.000000,1.000000,0.000000,5.748703,0.004559,-0.000000,1.000000;;
     }

     Frame Bip01_Spine2 {
      

      FrameTransformMatrix {
       0.983435,0.181259,-0.000001,0.000000,-0.181260,0.983436,0.000000,0.000000,0.000001,0.000000,1.000000,0.000000,5.739044,0.013319,-0.000000,1.000000;;
      }

      Frame Bip01_Neck {
       

       FrameTransformMatrix {
        0.967684,-0.252167,0.000001,0.000000,0.252168,0.967684,0.000000,0.000000,-0.000001,0.000000,1.000000,0.000000,17.185211,0.674539,0.000002,1.000000;;
       }

       Frame Bip01_Head {
        

        FrameTransformMatrix {
         0.993567,0.113247,-0.000000,0.000000,-0.113247,0.993567,0.000000,0.000000,0.000000,0.000000,1.000000,0.000000,4.018600,0.785322,-0.013147,1.000000;;
        }

        Frame Bip01_HeadNub {
         

         FrameTransformMatrix {
          1.000000,0.000000,-0.000000,0.000000,-0.000000,1.000000,0.000000,0.000000,0.000000,-0.000000,1.000000,0.000000,51.565370,0.000000,-0.000001,1.000000;;
         }
        }

        Frame Tail_Point02 {
         

         FrameTransformMatrix {
          0.000001,-0.000000,1.000000,0.000000,-1.000000,-0.001053,0.000001,0.000000,0.001053,-1.000000,-0.000000,0.000000,16.815750,-15.102230,19.392774,1.000000;;
         }
        }

        Frame Tail_Point01 {
         

         FrameTransformMatrix {
          0.000001,-0.000000,1.000000,0.000000,-1.000000,-0.001053,0.000001,0.000000,0.001053,-1.000000,-0.000000,0.000000,10.205887,-23.173664,4.274390,1.000000;;
         }
        }

        Frame Tail_Point04 {
         

         FrameTransformMatrix {
          0.000001,-0.000000,1.000000,0.000000,-1.000000,-0.001053,0.000001,0.000000,0.001053,-1.000000,-0.000000,0.000000,16.816238,-15.102278,-19.392982,1.000000;;
         }
        }

        Frame Tail_Point03 {
         

         FrameTransformMatrix {
          0.000001,-0.000000,1.000000,0.000000,-1.000000,-0.001053,0.000001,0.000000,0.001053,-1.000000,-0.000000,0.000000,10.205734,-23.173675,-4.273971,1.000000;;
         }
        }

        Frame Tail_Point05 {
         

         FrameTransformMatrix {
          0.000001,-0.000000,1.000000,0.000000,-1.000000,-0.001053,0.000001,0.000000,0.001053,-1.000000,-0.000000,0.000000,16.056053,-22.219256,9.580284,1.000000;;
         }
        }

        Frame Tail_Point06 {
         

         FrameTransformMatrix {
          0.000001,-0.000000,1.000000,0.000000,-1.000000,-0.001053,0.000001,0.000000,0.001053,-1.000000,-0.000000,0.000000,6.344940,-18.883522,13.965822,1.000000;;
         }
        }

        Frame Tail_Point07 {
         

         FrameTransformMatrix {
          0.000001,-0.000000,1.000000,0.000000,-1.000000,-0.001053,0.000001,0.000000,0.001053,-1.000000,-0.000000,0.000000,6.742806,-18.883146,-14.099018,1.000000;;
         }
        }

        Frame Tail_Point08 {
         

         FrameTransformMatrix {
          0.000001,-0.000000,1.000000,0.000000,-1.000000,-0.001053,0.000001,0.000000,0.001053,-1.000000,-0.000000,0.000000,16.056030,-22.219278,-9.579971,1.000000;;
         }
        }
       }

       Frame Bip01_L_Clavicle {
        

        FrameTransformMatrix {
         -0.307849,-0.008913,0.951393,0.000000,0.252271,-0.964930,0.072590,0.000000,0.917381,0.262355,0.299302,0.000000,-1.842415,0.188778,3.177583,1.000000;;
        }

        Frame Bip01_L_UpperArm {
         

         FrameTransformMatrix {
          0.835931,-0.092037,-0.541063,0.000000,-0.025557,0.978242,-0.205888,0.000000,0.548240,0.185936,0.815390,0.000000,7.100719,-0.000001,0.000008,1.000000;;
         }

         Frame Bip01_L_Forearm {
          

          FrameTransformMatrix {
           0.999999,0.001452,-0.000000,0.000000,-0.001452,0.999999,-0.000000,0.000000,0.000000,0.000000,1.000000,0.000000,15.525939,0.000000,-0.000008,1.000000;;
          }

          Frame Bip01_L_Hand {
           

           FrameTransformMatrix {
            0.999650,-0.022704,0.013559,0.000000,-0.014317,-0.033570,0.999334,0.000000,-0.022233,-0.999179,-0.033883,0.000000,13.317222,-0.000001,-0.000004,1.000000;;
           }

           Frame Weapon_Hand_L_Point {
            

            FrameTransformMatrix {
             0.039464,-0.100056,0.994199,0.000000,0.998798,-0.024994,-0.042162,0.000000,0.029067,0.994668,0.098950,0.000000,11.464715,-1.377167,-0.147705,1.000000;;
            }
           }
          }
         }

         Frame Bip01_L_ForeTwist {
          

          FrameTransformMatrix {
           0.999999,0.001452,-0.000000,0.000000,-0.001452,0.999935,0.011299,0.000000,0.000016,-0.011299,0.999936,0.000000,15.525939,0.000000,-0.000008,1.000000;;
          }

          Frame Bip01_L_ForeTwist1 {
           

           FrameTransformMatrix {
            1.000000,-0.000000,0.000000,0.000000,0.000000,0.999936,0.011299,0.000000,-0.000000,-0.011299,0.999936,0.000000,6.658611,-0.000001,-0.000000,1.000000;;
           }
          }
         }

         Frame Bip01_L_UpperTwist_Bone01 {
          

          FrameTransformMatrix {
           1.000000,-0.000000,-0.000000,0.000000,0.000000,1.000000,-0.000000,0.000000,0.000000,0.000000,1.000000,0.000000,0.000011,-0.000001,-0.000011,1.000000;;
          }
         }
        }
       }

       Frame Bip01_R_Clavicle {
        

        FrameTransformMatrix {
         -0.307849,-0.008918,-0.951394,0.000000,0.252271,-0.964931,-0.072584,0.000000,-0.917381,-0.262354,0.299303,0.000000,-1.842430,0.188762,-3.177590,1.000000;;
        }

        Frame Bip01_R_UpperArm {
         

         FrameTransformMatrix {
          0.835930,-0.092037,0.541063,0.000000,-0.025557,0.978242,0.205888,0.000000,-0.548240,-0.185936,0.815390,0.000000,7.100721,0.000001,-0.000015,1.000000;;
         }

         Frame Bip01_R_Forearm {
          

          FrameTransformMatrix {
           0.999999,0.001452,0.000000,0.000000,-0.001452,0.999999,0.000000,0.000000,0.000000,-0.000000,1.000000,0.000000,15.525955,0.000000,0.000000,1.000000;;
          }

          Frame Bip01_R_Hand {
           

           FrameTransformMatrix {
            0.999650,-0.022704,-0.013559,0.000000,-0.014317,-0.033570,-0.999334,0.000000,0.022233,0.999179,-0.033883,0.000000,13.317234,-0.000000,-0.000008,1.000000;;
           }

           Frame Weapon_Hand_R_Point {
            

            FrameTransformMatrix {
             -0.074295,0.100867,0.992123,0.000000,0.996813,-0.021483,0.076830,0.000000,0.029064,0.994669,-0.098950,0.000000,11.482882,-1.359409,0.123646,1.000000;;
            }
           }
          }
         }

         Frame Bip01_R_ForeTwist {
          

          FrameTransformMatrix {
           0.999999,0.001452,0.000000,0.000000,-0.001452,0.999935,-0.011299,0.000000,-0.000016,0.011299,0.999936,0.000000,15.525955,0.000000,0.000000,1.000000;;
          }

          Frame Bip01_R_ForeTwist1 {
           

           FrameTransformMatrix {
            1.000000,0.000000,0.000000,0.000000,-0.000000,0.999936,-0.011299,0.000000,-0.000000,0.011299,0.999936,0.000000,6.658613,0.000001,0.000008,1.000000;;
           }
          }
         }

         Frame Bip01_R_UpperTwist_Bone01 {
          

          FrameTransformMatrix {
           1.000000,0.000000,-0.000001,0.000000,-0.000000,1.000000,0.000001,0.000000,0.000001,-0.000001,1.000000,0.000000,0.000004,-0.000001,-0.000008,1.000000;;
          }
         }
        }
       }
      }
     }

     Frame Weapon_Back_B_Point {
      

      FrameTransformMatrix {
       0.040356,-0.997590,0.056439,0.000000,0.641886,0.069172,0.763674,0.000000,-0.765738,0.005408,0.643130,0.000000,6.044247,14.009643,3.010172,1.000000;;
      }
     }

     Frame Weapon_Back_R_Point {
      

      FrameTransformMatrix {
       -0.040305,-0.993897,0.102682,0.000000,-0.485235,0.109303,0.867525,0.000000,-0.873454,-0.014859,-0.486679,0.000000,22.008560,10.240378,-28.863226,1.000000;;
      }
     }
    }
   }

   Frame Bip01_L_Thigh {
    

    FrameTransformMatrix {
     -0.997055,0.052067,0.056309,0.000000,0.051801,0.998638,-0.006171,0.000000,-0.056553,-0.003236,-0.998394,0.000000,-0.000011,-0.000013,7.749224,1.000000;;
    }

    Frame Bip01_L_Calf {
     

     FrameTransformMatrix {
      0.999627,0.027315,-0.000000,0.000000,-0.027315,0.999627,-0.000000,0.000000,0.000000,0.000000,1.000000,0.000000,22.080971,-0.000000,0.000001,1.000000;;
     }

     Frame L_Calf_Point01 {
      

      FrameTransformMatrix {
       0.987262,-0.148879,0.056111,0.000000,0.147711,0.988729,0.024430,0.000000,-0.059116,-0.015831,0.998126,0.000000,12.996113,0.544429,-1.375637,1.000000;;
      }
     }
    }
   }

   Frame Bip01_R_Thigh {
    

    FrameTransformMatrix {
     -0.997055,0.052067,-0.056311,0.000000,0.051801,0.998639,0.006174,0.000000,0.056556,0.003238,-0.998395,0.000000,0.000011,0.000009,-7.749222,1.000000;;
    }

    Frame Bip01_R_Calf {
     

     FrameTransformMatrix {
      0.999627,0.027315,-0.000000,0.000000,-0.027315,0.999627,-0.000000,0.000000,0.000000,0.000000,1.000001,0.000000,22.080992,-0.000000,-0.000002,1.000000;;
     }

     Frame R_Calf_Point01 {
      

      FrameTransformMatrix {
       0.987418,-0.147839,-0.056125,0.000000,0.146677,0.988886,-0.024316,0.000000,0.059096,0.015778,0.998128,0.000000,12.995920,0.544455,1.372128,1.000000;;
      }
     }
    }
   }

   Frame Weapon_Side_L_Point {
    

    FrameTransformMatrix {
     -0.395956,-0.031511,-0.917728,0.000000,-0.496462,0.848098,0.185080,0.000000,0.772492,0.528901,-0.351454,0.000000,3.514828,-8.649691,15.920971,1.000000;;
    }
   }

   Frame Weapon_Side_R_Point {
    

    FrameTransformMatrix {
     0.375618,0.017156,-0.926615,0.000000,-0.498300,0.846749,-0.186317,0.000000,0.781414,0.531716,0.326603,0.000000,3.401978,-8.603474,-15.780378,1.000000;;
    }
   }
  }

  Frame EFF_Lock_D {
   

   FrameTransformMatrix {
    0.997581,0.000000,0.069521,0.000000,-0.000000,1.000000,0.000000,0.000000,-0.069521,-0.000000,0.997580,0.000000,1.168878,0.013154,-45.326448,1.000000;;
   }

   Frame Extra_Point01 {
    

    FrameTransformMatrix {
     0.000001,-1.000000,-0.000000,0.000000,1.000000,0.000001,0.000237,0.000000,-0.000237,-0.000000,1.000000,0.000000,-0.000002,-0.000001,-0.000004,1.000000;;
    }
   }
  }

  Frame Move_Link_D {
   

   FrameTransformMatrix {
    0.997564,-0.000000,0.069757,0.000000,0.000000,1.000000,-0.000000,0.000000,-0.069757,0.000000,0.997564,0.000000,0.748200,0.000001,-10.699589,1.000000;;
   }

   Frame EFF_Move_D {
    

    FrameTransformMatrix {
     1.000000,0.000001,-0.000000,0.000000,-0.000001,1.000000,0.000000,0.000000,0.000000,-0.000000,1.000000,0.000000,-1.706174,0.013154,-34.571846,1.000000;;
    }
   }
  }

  Frame SATA9NI_Link_Point02 {
   

   FrameTransformMatrix {
    -0.997564,-0.000001,-0.069756,0.000000,0.069756,0.000000,-0.997564,0.000000,0.000001,-1.000000,-0.000000,0.000000,0.434791,0.010962,-41.792867,1.000000;;
   }
  }

  Frame SATA9NI_Lock_Dummy01 {
   

   FrameTransformMatrix {
    0.000001,-1.000000,0.000000,0.000000,0.997564,0.000001,0.069757,0.000000,-0.069757,-0.000000,0.997564,0.000000,1.168831,0.013159,-45.326448,1.000000;;
   }
  }
 }

 Frame CL_Skin {
  

  FrameTransformMatrix {
   1.000000,0.000000,0.000000,0.000000,0.000000,1.000000,0.000000,0.000000,0.000000,0.000000,1.000000,0.000000,0.000000,-0.000042,0.000000,1.000000;;
  }
 }

 Frame CL {
  

  FrameTransformMatrix {
   1.000000,0.000000,0.000000,0.000000,0.000000,1.000000,0.000000,0.000000,0.000000,0.000000,1.000000,0.000000,0.000000,0.000000,0.000000,1.000000;;
  }
 }
}

Frame CL_Skin_ {
 

 FrameTransformMatrix {
  0.393701,0.000000,0.000000,0.000000,0.000000,-0.000000,-0.393701,0.000000,0.000000,0.393701,-0.000000,0.000000,0.000000,0.000000,0.000000,1.000000;;
 }

 Mesh CL_Skin_ {
  40;
  -4.232707;0.877644;77.773574;,
  -5.698611;1.575681;77.177216;,
  -3.576518;-1.863750;79.016416;,
  -2.654815;3.578280;76.941466;,
  -0.000001;7.445086;73.140627;,
  -0.000001;4.533219;76.800211;,
  2.654814;3.578280;76.941485;,
  -3.144898;6.785888;73.624909;,
  -5.698611;1.575681;77.177216;,
  -5.698611;1.575681;77.177216;,
  -5.767476;4.959224;74.847930;,
  3.144896;6.785889;73.624909;,
  5.698610;1.575681;77.177216;,
  5.767476;4.959225;74.847930;,
  4.232706;0.877644;77.773574;,
  3.576518;-1.863750;79.016416;,
  -3.441376;-1.376576;83.865197;,
  0.000000;-3.317306;81.065363;,
  0.000000;-3.030392;84.211430;,
  3.441376;-1.376576;83.865197;,
  -3.423005;-1.600362;80.755149;,
  -4.020016;1.495501;83.187622;,
  3.423005;-1.600362;80.755149;,
  4.020015;1.495502;83.187622;,
  -0.000000;-3.704783;79.230963;,
  -3.576518;-1.863750;79.016416;,
  3.576518;-1.863750;79.016416;,
  -4.053543;1.167756;80.149920;,
  -4.232707;0.877644;77.773574;,
  -2.662884;3.678872;82.583014;,
  -2.575374;3.412602;79.584480;,
  -2.654815;3.578280;76.941466;,
  -0.000000;4.767180;82.147200;,
  -0.000000;4.518926;79.287923;,
  -0.000001;4.533219;76.800211;,
  2.654814;3.578280;76.941485;,
  2.575373;3.412602;79.584480;,
  2.662883;3.678872;82.583014;,
  4.232706;0.877644;77.773574;,
  4.053543;1.167757;80.149920;;
  44;
  3;0,1,2;,
  3;0,3,1;,
  3;4,3,5;,
  3;6,4,5;,
  3;7,8,3;,
  3;3,4,7;,
  3;9,7,10;,
  3;4,6,11;,
  3;12,11,6;,
  3;11,12,13;,
  3;14,12,6;,
  3;14,15,12;,
  3;16,17,18;,
  3;17,19,18;,
  3;17,16,20;,
  3;21,20,16;,
  3;19,17,22;,
  3;22,23,19;,
  3;20,24,17;,
  3;24,22,17;,
  3;24,20,25;,
  3;22,24,26;,
  3;27,25,20;,
  3;20,21,27;,
  3;25,27,28;,
  3;29,27,21;,
  3;30,28,27;,
  3;27,29,30;,
  3;28,30,31;,
  3;32,30,29;,
  3;33,31,30;,
  3;30,32,33;,
  3;31,33,34;,
  3;33,35,34;,
  3;32,36,33;,
  3;35,33,36;,
  3;36,32,37;,
  3;36,38,35;,
  3;37,39,36;,
  3;38,36,39;,
  3;39,37,23;,
  3;39,26,38;,
  3;23,22,39;,
  3;26,39,22;;

  MeshNormals {
   40;
   -0.833331;0.397763;0.383854;,
   -0.219268;0.562131;0.797452;,
   -0.862106;-0.385375;0.329027;,
   -0.349344;0.769927;0.534014;,
   -0.000000;0.746994;0.664830;,
   -0.000000;0.902925;0.429799;,
   0.349344;0.769927;0.534014;,
   -0.161584;0.659255;0.734353;,
   -0.219268;0.562131;0.797452;,
   -0.219268;0.562131;0.797452;,
   -0.010679;0.566861;0.823744;,
   0.161584;0.659255;0.734353;,
   0.219268;0.562131;0.797452;,
   0.010679;0.566861;0.823744;,
   0.833331;0.397763;0.383854;,
   0.862106;-0.385375;0.329027;,
   -0.646507;-0.760644;0.058740;,
   0.000000;-0.994024;0.109159;,
   0.000000;-0.995867;0.090821;,
   0.646507;-0.760644;0.058740;,
   -0.775703;-0.623854;0.095341;,
   -0.999842;0.017765;0.000188;,
   0.775703;-0.623854;0.095341;,
   0.999842;0.017765;0.000188;,
   0.000000;-0.979694;0.200498;,
   -0.862106;-0.385375;0.329027;,
   0.862106;-0.385375;0.329027;,
   -0.980615;0.195415;0.014431;,
   -0.833331;0.397763;0.383854;,
   -0.718050;0.692026;-0.074189;,
   -0.642976;0.765516;-0.023824;,
   -0.349344;0.769927;0.534014;,
   -0.000000;0.995584;-0.093875;,
   -0.000000;0.999991;-0.004175;,
   -0.000000;0.902925;0.429799;,
   0.349344;0.769927;0.534014;,
   0.642976;0.765516;-0.023824;,
   0.718050;0.692026;-0.074189;,
   0.833331;0.397763;0.383854;,
   0.980615;0.195415;0.014431;;
   44;
   3;0,1,2;,
   3;0,3,1;,
   3;4,3,5;,
   3;6,4,5;,
   3;7,8,3;,
   3;3,4,7;,
   3;9,7,10;,
   3;4,6,11;,
   3;12,11,6;,
   3;11,12,13;,
   3;14,12,6;,
   3;14,15,12;,
   3;16,17,18;,
   3;17,19,18;,
   3;17,16,20;,
   3;21,20,16;,
   3;19,17,22;,
   3;22,23,19;,
   3;20,24,17;,
   3;24,22,17;,
   3;24,20,25;,
   3;22,24,26;,
   3;27,25,20;,
   3;20,21,27;,
   3;25,27,28;,
   3;29,27,21;,
   3;30,28,27;,
   3;27,29,30;,
   3;28,30,31;,
   3;32,30,29;,
   3;33,31,30;,
   3;30,32,33;,
   3;31,33,34;,
   3;33,35,34;,
   3;32,36,33;,
   3;35,33,36;,
   3;36,32,37;,
   3;36,38,35;,
   3;37,39,36;,
   3;38,36,39;,
   3;39,37,23;,
   3;39,26,38;,
   3;23,22,39;,
   3;26,39,22;;
  }

  MeshMaterialList {
   1;
   44;
   0,
   0,
   0,
   0,
   0,
   0,
   0,
   0,
   0,
   0,
   0,
   0,
   0,
   0,
   0,
   0,
   0,
   0,
   0,
   0,
   0,
   0,
   0,
   0,
   0,
   0,
   0,
   0,
   0,
   0,
   0,
   0,
   0,
   0,
   0,
   0,
   0,
   0,
   0,
   0,
   0,
   0,
   0,
   0;
   { Material__0_176 }
  }

  MeshTextureCoords c1 {
   40;
   0.050781;0.519531;,
   0.062464;0.550687;,
   0.052734;0.488281;,
   0.035156;0.542969;,
   0.009766;0.582031;,
   0.009766;0.546875;,
   0.035156;0.542969;,
   0.033203;0.578125;,
   0.062480;0.550776;,
   0.062497;0.550829;,
   0.060547;0.582031;,
   0.033203;0.578125;,
   0.062500;0.550781;,
   0.060547;0.582031;,
   0.050781;0.519531;,
   0.052734;0.488281;,
   0.250000;0.496094;,
   0.273438;0.566406;,
   0.273438;0.496094;,
   0.250000;0.496094;,
   0.250000;0.566406;,
   0.230469;0.496094;,
   0.250000;0.566406;,
   0.230469;0.496094;,
   0.273438;0.632813;,
   0.250000;0.632813;,
   0.250000;0.632813;,
   0.230469;0.566406;,
   0.230469;0.632813;,
   0.210938;0.496094;,
   0.210938;0.566406;,
   0.210938;0.632813;,
   0.197266;0.496094;,
   0.197266;0.566406;,
   0.197266;0.632813;,
   0.210938;0.632813;,
   0.210938;0.566406;,
   0.210938;0.496094;,
   0.230469;0.632813;,
   0.230469;0.566406;;
  }

  XSkinMeshHeader {
   3;
   4;
   7;
  }

  SkinWeights {
   "Bip01_Head";
   16;
   16,
   17,
   18,
   19,
   20,
   21,
   22,
   23,
   27,
   29,
   30,
   32,
   33,
   36,
   37,
   39;
   0.200000,
   0.100000,
   0.200000,
   0.200000,
   0.100000,
   0.200000,
   0.100000,
   0.200000,
   0.100000,
   0.200000,
   0.100000,
   0.200000,
   0.100000,
   0.100000,
   0.200000,
   0.100000;
   -0.000000,0.000029,1.000000,0.000000,0.001053,-1.000000,0.000029,0.000000,1.000000,0.001053,0.000000,0.000000,-81.389523,-0.056779,-0.000010,1.000000;;
  }

  SkinWeights {
   "Bip01_Neck";
   31;
   0,
   2,
   3,
   5,
   6,
   14,
   15,
   16,
   17,
   18,
   19,
   20,
   21,
   22,
   23,
   24,
   25,
   26,
   27,
   28,
   29,
   30,
   31,
   32,
   33,
   34,
   35,
   36,
   37,
   38,
   39;
   0.413573,
   0.505842,
   0.445630,
   0.475643,
   0.445630,
   0.413573,
   0.505842,
   0.800000,
   0.800000,
   0.800000,
   0.800000,
   0.800000,
   0.800000,
   0.800000,
   0.800000,
   0.610441,
   0.505842,
   0.505842,
   0.800000,
   0.413573,
   0.800000,
   0.800000,
   0.445630,
   0.800000,
   0.800000,
   0.475643,
   0.445630,
   0.800000,
   0.800000,
   0.413573,
   0.800000;
   0.000000,0.000002,1.000000,0.000000,0.114294,-0.993447,0.000002,0.000000,0.993447,0.114294,-0.000000,0.000000,-76.840896,-8.488230,-0.013132,1.000000;;
  }

  SkinWeights {
   "Bip01_Spine2";
   32;
   0,
   1,
   2,
   3,
   4,
   5,
   6,
   7,
   8,
   9,
   10,
   11,
   12,
   13,
   14,
   15,
   17,
   20,
   22,
   24,
   25,
   26,
   27,
   28,
   30,
   31,
   33,
   34,
   35,
   36,
   38,
   39;
   0.359009,
   0.321354,
   0.397957,
   0.554370,
   1.000000,
   0.524357,
   0.554370,
   1.000000,
   0.321354,
   0.321354,
   0.732101,
   1.000000,
   0.321352,
   0.732101,
   0.359009,
   0.397957,
   0.100000,
   0.100000,
   0.100000,
   0.389559,
   0.397957,
   0.397957,
   0.100000,
   0.359009,
   0.100000,
   0.554370,
   0.100000,
   0.524357,
   0.554370,
   0.100000,
   0.359009,
   0.100000;
   -0.000000,0.000001,1.000000,0.000000,-0.139915,-0.990164,0.000001,0.000000,0.990164,-0.139915,0.000000,0.000000,-59.312915,11.837389,-0.013183,1.000000;;
  }

  SkinWeights {
   "Bip01_L_Clavicle";
   6;
   12,
   13,
   14,
   15,
   26,
   38;
   0.484673,
   0.193922,
   0.227418,
   0.096201,
   0.096201,
   0.227418;
   0.951393,0.072588,0.299302,0.000000,-0.026330,0.987440,-0.155785,0.000000,-0.306851,0.140332,0.941355,0.000000,20.129931,-10.778820,-72.033632,1.000000;;
  }

  SkinWeights {
   "Bip01_L_UpperTwist_Bone01";
   2;
   12,
   13;
   0.193974,
   0.073977;
   0.626677,-0.014928,0.779136,0.000000,-0.028601,0.998702,0.042140,0.000000,-0.778754,-0.048692,0.625437,0.000000,50.858301,3.953556,-53.596531,1.000000;;
  }

  SkinWeights {
   "Bip01_R_UpperTwist_Bone01";
   4;
   1,
   8,
   9,
   10;
   0.193974,
   0.193974,
   0.193974,
   0.073977;
   -0.626677,0.014932,0.779135,0.000000,-0.028599,0.998702,-0.042143,0.000000,-0.778754,-0.048693,-0.625437,0.000000,50.874730,3.953211,53.576096,1.000000;;
  }

  SkinWeights {
   "Bip01_R_Clavicle";
   8;
   0,
   1,
   2,
   8,
   9,
   10,
   25,
   28;
   0.227418,
   0.484672,
   0.096202,
   0.484672,
   0.484672,
   0.193922,
   0.096202,
   0.227418;
   -0.951393,-0.072586,0.299302,0.000000,-0.026327,0.987440,0.155784,0.000000,-0.306851,0.140332,-0.941355,0.000000,20.154960,-10.776918,72.025760,1.000000;;
  }
 }
}

Frame CL_ {
 

 FrameTransformMatrix {
  0.393701,0.000000,0.000000,0.000000,0.000000,-0.000000,-0.393701,0.000000,0.000000,0.393701,-0.000000,0.000000,0.000000,0.000000,0.000000,1.000000;;
 }

 Mesh CL_ {
  531;
  -24.214166;-2.683058;45.215331;,
  -24.136418;5.027701;46.682176;,
  -23.733896;-2.709922;46.291510;,
  -24.608773;5.541711;45.563888;,
  -24.888861;-2.657724;45.139261;,
  -26.503342;6.274307;48.620637;,
  -25.268406;5.073147;45.514282;,
  -27.221776;6.805183;47.660950;,
  -31.597974;5.621080;52.587990;,
  -27.750707;5.981244;47.467802;,
  -32.482134;6.013431;51.918067;,
  -33.173466;2.029226;53.754918;,
  -32.566928;5.242200;51.271037;,
  -34.085734;2.170497;53.097984;,
  -33.477853;-3.536599;53.934042;,
  -34.061184;1.927864;52.389859;,
  -34.304726;-3.578490;53.164720;,
  -31.870925;-7.227745;52.654314;,
  -34.250672;-3.477558;52.521267;,
  -32.789162;-7.514056;51.853386;,
  -25.673306;-7.639085;47.702560;,
  -32.729005;-7.032541;51.354480;,
  -26.334838;-7.936949;46.689690;,
  -23.733896;-2.709922;46.291510;,
  -26.821531;-7.433450;46.481728;,
  -24.214166;-2.683058;45.215331;,
  -24.888861;-2.657724;45.139261;,
  -15.834779;6.893899;48.984986;,
  -6.341858;12.898648;43.577133;,
  -5.626358;12.727627;46.565315;,
  -12.632192;11.039762;45.936669;,
  -6.825958;12.873838;43.109069;,
  12.632190;11.039762;45.936669;,
  6.341857;12.898650;43.577133;,
  6.825957;12.873838;43.109069;,
  15.834778;6.893900;48.984986;,
  5.626356;12.727627;46.565315;,
  24.136421;5.027703;46.682166;,
  24.214171;-2.683056;45.215331;,
  23.733901;-2.709920;46.291510;,
  24.608776;5.541714;45.563888;,
  24.888867;-2.657723;45.139261;,
  26.503346;6.274310;48.620637;,
  25.268410;5.073149;45.514278;,
  27.221779;6.805186;47.660941;,
  31.597978;5.621082;52.587987;,
  27.750707;5.981246;47.467795;,
  32.482141;6.013434;51.918061;,
  33.173469;2.029228;53.754918;,
  32.566931;5.242202;51.271034;,
  34.085738;2.170499;53.097978;,
  33.477859;-3.536597;53.934035;,
  34.061187;1.927866;52.389856;,
  34.304733;-3.578488;53.164710;,
  31.870934;-7.227742;52.654314;,
  34.250678;-3.477556;52.521264;,
  32.789168;-7.514054;51.853379;,
  25.673309;-7.639083;47.702560;,
  32.729011;-7.032539;51.354477;,
  26.334843;-7.936947;46.689690;,
  23.733901;-2.709920;46.291510;,
  26.821538;-7.433449;46.481728;,
  24.214171;-2.683056;45.215331;,
  24.888867;-2.657723;45.139261;,
  -4.598027;9.586476;70.600838;,
  -4.967870;5.393301;75.421920;,
  -2.581464;7.219902;74.161056;,
  -0.000001;10.045778;70.520960;,
  -0.000001;7.879092;73.596506;,
  -4.225100;11.601821;66.328883;,
  2.581462;7.219902;74.161056;,
  4.598025;9.586476;70.600838;,
  4.967868;5.393302;75.421920;,
  4.225098;11.601821;66.328883;,
  -0.000001;11.960121;66.352742;,
  -0.000001;11.824908;62.435514;,
  4.069883;11.466698;62.428538;,
  -4.069885;11.466698;62.428538;,
  -0.000001;11.819654;58.966125;,
  4.085734;11.246257;59.026701;,
  -4.085735;11.246257;59.026701;,
  -0.000001;12.116114;54.248723;,
  4.561640;11.541138;54.382074;,
  -4.561642;11.541138;54.382074;,
  -0.000001;12.949862;49.787158;,
  5.045239;12.397772;50.309661;,
  -5.045240;12.397772;50.309661;,
  -0.000001;13.100563;45.983574;,
  5.626356;12.727627;46.565315;,
  -5.626358;12.727627;46.565315;,
  -5.626358;12.727627;46.565315;,
  -5.333150;12.889962;50.379232;,
  -5.045240;12.397772;50.309661;,
  -5.971458;13.454848;46.264624;,
  -6.341858;12.898648;43.577133;,
  -11.359399;11.162309;51.202848;,
  -6.478001;10.984874;54.513107;,
  -6.633447;13.570038;43.440285;,
  -6.825958;12.873838;43.109069;,
  -12.969000;11.731052;45.912608;,
  -7.087149;13.526038;42.973869;,
  -12.632192;11.039762;45.936669;,
  -15.834779;6.893899;48.984986;,
  -14.129365;6.797940;52.421757;,
  -16.240845;0.603760;50.578176;,
  -14.937070;0.991609;52.948109;,
  -12.947942;1.430638;56.221229;,
  -12.323018;6.668940;55.847482;,
  -9.839079;9.799979;54.876909;,
  -7.891605;9.338004;58.416442;,
  -9.941515;6.406203;60.425018;,
  -10.757246;1.770593;60.398528;,
  -8.856848;9.499986;62.173779;,
  -11.310448;2.040570;64.761939;,
  -11.462967;6.283285;66.042502;,
  -9.578958;9.580442;65.364339;,
  -11.618204;4.923983;66.558304;,
  -10.302076;1.746890;65.057984;,
  -9.948702;8.615188;68.212243;,
  -11.554083;5.649990;68.695725;,
  -9.415396;7.560392;71.245139;,
  -6.488814;9.527694;69.912429;,
  -11.643058;4.459810;72.553747;,
  -9.635565;4.938090;73.892064;,
  -12.055895;1.945979;75.427808;,
  -8.352522;5.202481;74.633555;,
  -10.116085;2.004769;76.255450;,
  -7.512137;1.771290;77.153626;,
  5.333149;12.889962;50.379232;,
  5.626356;12.727627;46.565315;,
  5.045239;12.397772;50.309661;,
  5.971456;13.454848;46.264624;,
  6.341857;12.898650;43.577133;,
  11.359399;11.162310;51.202848;,
  6.477999;10.984876;54.513107;,
  6.633447;13.570038;43.440285;,
  6.825957;12.873838;43.109069;,
  12.968999;11.731052;45.912608;,
  7.087146;13.526038;42.973869;,
  12.632190;11.039762;45.936669;,
  15.834778;6.893900;48.984986;,
  14.129363;6.797940;52.421757;,
  16.240846;0.603761;50.578176;,
  14.937069;0.991610;52.948106;,
  12.947942;1.430640;56.221235;,
  12.323019;6.668942;55.847482;,
  9.839078;9.799979;54.876909;,
  7.891605;9.338005;58.416442;,
  9.941515;6.406204;60.425018;,
  10.757246;1.770594;60.398528;,
  8.856845;9.499986;62.173779;,
  11.310449;2.040571;64.761946;,
  11.462967;6.283286;66.042509;,
  9.578956;9.580443;65.364339;,
  9.948699;8.615189;68.212243;,
  11.618205;4.923984;66.558310;,
  10.302076;1.746891;65.057990;,
  11.554083;5.649991;68.695731;,
  9.415393;7.560392;71.245139;,
  6.488812;9.527696;69.912429;,
  11.643060;4.459811;72.553754;,
  9.635565;4.938091;73.892064;,
  12.055895;1.945981;75.427808;,
  8.352520;5.202482;74.633562;,
  10.116085;2.004771;76.255450;,
  7.512138;1.771292;77.153626;,
  -5.333150;12.889962;50.379232;,
  -4.561642;11.541138;54.382074;,
  -5.045240;12.397772;50.309661;,
  -4.660052;12.346134;54.535238;,
  -4.085735;11.246257;59.026701;,
  -6.295350;11.570462;54.516934;,
  -6.478001;10.984874;54.513107;,
  -4.208331;12.056367;58.939891;,
  -4.069885;11.466698;62.428538;,
  -7.803766;10.059706;58.484269;,
  -7.891605;9.338004;58.416442;,
  -8.856848;9.499986;62.173779;,
  -8.893890;10.401108;62.217306;,
  -4.209499;12.337108;62.616928;,
  -4.225100;11.601821;66.328883;,
  -9.607414;10.358141;65.338630;,
  -9.578958;9.580442;65.364339;,
  -4.544148;12.406822;66.472659;,
  -4.598027;9.586476;70.600838;,
  -4.891239;10.765231;70.025267;,
  -9.971781;9.254897;68.224800;,
  -9.948702;8.615188;68.212243;,
  -6.488814;9.527694;69.912429;,
  -6.075557;10.043446;70.241203;,
  -4.996234;9.794113;71.620883;,
  -4.967870;5.393301;75.421920;,
  -9.415396;7.560392;71.245139;,
  -6.075557;10.043446;70.241203;,
  -9.310339;8.036593;71.647520;,
  -8.352522;5.202481;74.633555;,
  -5.284797;6.027382;76.125229;,
  -4.937378;2.009701;77.751219;,
  -8.325720;5.549591;75.004339;,
  -7.512137;1.771290;77.153626;,
  -7.453970;1.960490;77.583021;,
  -6.237115;-1.958000;78.231322;,
  -5.299016;2.312271;78.495821;,
  -3.059240;-1.429688;79.590438;,
  -6.197658;-1.910300;78.747923;,
  -3.251528;-1.822988;79.994214;,
  -0.000000;-3.270688;79.805037;,
  -3.263112;-3.895278;78.831238;,
  -3.199034;-3.986699;78.327117;,
  -0.000000;-4.747798;78.224627;,
  -0.000000;-4.930787;78.837421;,
  -0.000000;-3.873188;80.208723;,
  3.263112;-3.895278;78.831238;,
  3.199033;-3.986698;78.327117;,
  6.237115;-1.957998;78.231322;,
  3.251527;-1.822987;79.994227;,
  3.059239;-1.429688;79.590438;,
  6.197658;-1.910298;78.747923;,
  5.299015;2.312272;78.495821;,
  4.937377;2.009702;77.751219;,
  7.453970;1.960491;77.583021;,
  7.512138;1.771292;77.153626;,
  5.284796;6.027383;76.125229;,
  4.967868;5.393302;75.421920;,
  8.325719;5.549592;75.004346;,
  8.352520;5.202482;74.633562;,
  9.310336;8.036594;71.647520;,
  9.415393;7.560392;71.245139;,
  6.075555;10.043446;70.241203;,
  6.488812;9.527696;69.912429;,
  4.996232;9.794113;71.620883;,
  4.598025;9.586476;70.600838;,
  4.891237;10.765231;70.025267;,
  6.075555;10.043446;70.241203;,
  4.544146;12.406822;66.472659;,
  4.225098;11.601821;66.328883;,
  9.971780;9.254898;68.224800;,
  9.948699;8.615189;68.212243;,
  9.578956;9.580443;65.364339;,
  9.607412;10.358142;65.338624;,
  8.856845;9.499986;62.173779;,
  4.209498;12.337108;62.616928;,
  4.069883;11.466698;62.428538;,
  8.893889;10.401109;62.217306;,
  4.208329;12.056367;58.939891;,
  4.085734;11.246257;59.026701;,
  7.803765;10.059706;58.484269;,
  7.891605;9.338005;58.416442;,
  6.477999;10.984876;54.513107;,
  4.660050;12.346135;54.535238;,
  4.561640;11.541138;54.382074;,
  6.295349;11.570462;54.516934;,
  5.333149;12.889962;50.379232;,
  5.045239;12.397772;50.309661;,
  -12.220106;-1.952554;75.842726;,
  -10.116085;2.004769;76.255450;,
  -12.055895;1.945979;75.427808;,
  -10.063224;-2.026690;76.867859;,
  -7.512137;1.771290;77.153626;,
  -6.237115;-1.958000;78.231322;,
  -9.208719;-5.364632;74.884154;,
  -11.585130;-5.115376;73.742854;,
  -4.185058;-5.531830;75.795226;,
  -3.199034;-3.986699;78.327117;,
  -7.952916;-6.493007;68.516864;,
  -10.322938;-5.617776;67.868346;,
  -3.825517;-7.048519;69.006688;,
  -5.160314;-6.287488;64.435411;,
  -9.614317;-4.137082;64.895955;,
  0.000000;-7.030219;69.045549;,
  -0.000000;-5.751729;76.038810;,
  -0.000000;-4.747798;78.224627;,
  3.199033;-3.986698;78.327117;,
  4.185058;-5.531829;75.795226;,
  6.237115;-1.957998;78.231322;,
  3.825516;-7.048518;69.006688;,
  9.208720;-5.364630;74.884154;,
  10.063225;-2.026688;76.867859;,
  7.512138;1.771292;77.153626;,
  10.116085;2.004771;76.255450;,
  12.220107;-1.952553;75.842726;,
  12.055895;1.945981;75.427808;,
  11.585130;-5.115375;73.742854;,
  7.952917;-6.493007;68.516864;,
  10.322939;-5.617775;67.868352;,
  5.160314;-6.287488;64.435411;,
  9.614319;-4.137080;64.895968;,
  0.000000;-7.015298;64.456512;,
  9.529862;-3.837469;63.893741;,
  10.302076;1.746891;65.057990;,
  11.310449;2.040571;64.761946;,
  9.517710;-3.517537;60.435891;,
  10.757246;1.770594;60.398528;,
  0.000000;-6.963678;60.422893;,
  5.414300;-6.251898;60.433107;,
  -5.414299;-6.251898;60.433107;,
  11.445347;-4.105290;55.916384;,
  12.947942;1.430640;56.221235;,
  14.937069;0.991610;52.948106;,
  13.424346;-5.237700;52.217574;,
  16.240846;0.603761;50.578176;,
  15.087912;-6.347549;49.101517;,
  6.570475;-7.384174;55.790170;,
  8.145252;-8.887200;51.522134;,
  9.375091;-10.838417;47.783482;,
  0.000001;-8.119474;55.743738;,
  0.000000;-6.963678;60.422893;,
  0.000001;-9.839214;51.042515;,
  2.109291;-11.406829;47.644365;,
  -9.375088;-10.838417;47.783482;,
  -2.109289;-11.406829;47.644365;,
  -8.145250;-8.887202;51.522134;,
  -15.087910;-6.347550;49.101517;,
  -6.570473;-7.384174;55.790170;,
  -13.424346;-5.237701;52.217574;,
  -16.240845;0.603760;50.578176;,
  -14.937070;0.991609;52.948109;,
  -11.445347;-4.105291;55.916384;,
  -12.947942;1.430638;56.221229;,
  -10.757246;1.770593;60.398528;,
  -9.517709;-3.517538;60.435891;,
  -11.310448;2.040570;64.761939;,
  -9.529862;-3.837470;63.893741;,
  -10.302076;1.746890;65.057984;,
  -22.921936;-2.832694;46.312442;,
  -25.673306;-7.639085;47.702560;,
  -23.733896;-2.709922;46.291510;,
  -25.255320;-8.250964;47.803923;,
  -31.922518;-7.985266;53.259667;,
  -31.870925;-7.227745;52.654314;,
  -33.477853;-3.536599;53.934042;,
  -21.580213;-7.357447;53.188659;,
  -19.429370;-2.880471;51.672605;,
  -16.715090;-2.640269;56.650938;,
  -33.699309;-3.766442;54.690438;,
  -33.173466;2.029226;53.754918;,
  -26.921501;-6.748023;57.640365;,
  -33.405360;2.395734;54.501504;,
  -31.597974;5.621080;52.587990;,
  -28.737107;-3.103690;59.076128;,
  -22.760931;-5.128406;61.718912;,
  -31.557802;6.143352;53.174003;,
  -26.503342;6.274307;48.620637;,
  -25.954982;7.132150;48.830659;,
  -24.136418;5.027701;46.682176;,
  -26.183930;5.321329;57.447469;,
  -23.418469;5.665719;46.719978;,
  -23.733896;-2.709922;46.291510;,
  -22.921936;-2.832694;46.312442;,
  -22.151043;6.019098;54.167539;,
  -19.770810;4.566394;52.117818;,
  -19.429370;-2.880471;51.672605;,
  -17.019125;3.363332;56.944288;,
  -16.715090;-2.640269;56.650938;,
  -19.154573;4.627656;58.800845;,
  -15.656931;3.336854;57.416122;,
  -15.341496;-2.962892;57.188621;,
  -15.511544;2.789382;58.821581;,
  -15.205306;-2.794723;58.657677;,
  -17.447741;4.170858;60.703706;,
  -13.591134;1.958177;61.624038;,
  -13.126116;-2.741652;61.386854;,
  -10.606290;-3.618323;64.107226;,
  -15.285402;3.755248;63.240621;,
  -10.919000;2.505289;64.570138;,
  -9.614317;-4.137082;64.895955;,
  -10.302076;1.746890;65.057984;,
  -11.618204;4.923983;66.558304;,
  -12.813918;4.380090;65.972045;,
  -12.686657;4.840365;68.306534;,
  -11.554083;5.649990;68.695725;,
  -17.249205;3.518146;65.152160;,
  -13.892270;4.191562;70.285715;,
  -11.643058;4.459810;72.553747;,
  -14.802603;4.061884;67.775450;,
  -14.780648;1.905047;72.514970;,
  -12.055895;1.945979;75.427808;,
  -16.332995;1.816268;72.021280;,
  -14.977643;-2.001264;72.866394;,
  -12.220106;-1.952554;75.842726;,
  -11.585130;-5.115376;73.742854;,
  -13.949029;-4.830224;71.100429;,
  -10.322938;-5.617776;67.868346;,
  -17.331616;-2.038595;69.981280;,
  -17.024688;1.727490;69.717805;,
  -19.268736;1.529157;66.898874;,
  -15.776949;-4.578228;68.722227;,
  -19.567371;-2.018785;67.106566;,
  -12.370496;-4.984863;65.460166;,
  -18.164042;-4.552961;65.853101;,
  -11.140909;-5.320105;66.876966;,
  -9.614317;-4.137082;64.895955;,
  -10.606290;-3.618323;64.107226;,
  -14.352288;-4.745961;62.802835;,
  -13.126116;-2.741652;61.386854;,
  -21.018779;-5.061842;63.729638;,
  -16.680365;-5.352792;59.865427;,
  -15.205306;-2.794723;58.657677;,
  -17.452048;-5.956700;59.067469;,
  -15.341496;-2.962892;57.188621;,
  -18.382592;-5.587696;57.996710;,
  -21.784467;-5.583553;62.727469;,
  -24.212307;-2.414946;63.133530;,
  -22.403835;-2.494209;64.940237;,
  -23.718384;-2.775389;64.438067;,
  -22.054438;1.876491;64.669062;,
  -20.093624;3.799829;63.058330;,
  -23.394352;2.110260;64.197485;,
  -21.965686;4.099231;61.086611;,
  -23.871006;1.964728;62.784819;,
  -28.269824;2.143559;58.853715;,
  25.673309;-7.639083;47.702560;,
  22.921939;-2.832692;46.312438;,
  23.733901;-2.709920;46.291510;,
  25.255325;-8.250962;47.803917;,
  31.922528;-7.985264;53.259658;,
  31.870934;-7.227742;52.654314;,
  33.477859;-3.536597;53.934035;,
  21.580216;-7.357446;53.188653;,
  19.429371;-2.880469;51.672598;,
  16.715091;-2.640267;56.650938;,
  33.699318;-3.766440;54.690438;,
  33.173469;2.029228;53.754918;,
  26.921504;-6.748021;57.640352;,
  33.405366;2.395736;54.501498;,
  31.597978;5.621082;52.587987;,
  28.737114;-3.103688;59.076122;,
  22.760934;-5.128404;61.718906;,
  18.382594;-5.587694;57.996704;,
  24.212309;-2.414944;63.133530;,
  17.452048;-5.956698;59.067456;,
  15.341496;-2.962890;57.188621;,
  15.205307;-2.794721;58.657670;,
  21.784466;-5.583552;62.727462;,
  16.680365;-5.352790;59.865421;,
  13.126118;-2.741650;61.386854;,
  21.018779;-5.061841;63.729632;,
  14.352290;-4.745960;62.802835;,
  10.606294;-3.618322;64.107232;,
  12.370498;-4.984862;65.460166;,
  9.614319;-4.137080;64.895968;,
  18.164043;-4.552960;65.853101;,
  11.140911;-5.320104;66.876979;,
  10.322939;-5.617775;67.868352;,
