xof 0303txt 0032
template ColorRGBA {
 <35ff44e0-6c7c-11cf-8f52-0040333594a3>
 FLOAT red;
 FLOAT green;
 FLOAT blue;
 FLOAT alpha;
}

template ColorRGB {
 <d3e16e81-7835-11cf-8f52-0040333594a3>
 FLOAT red;
 FLOAT green;
 FLOAT blue;
}

template Material {
 <3d82ab4d-62da-11cf-ab39-0020af71e433>
 ColorRGBA faceColor;
 FLOAT power;
 ColorRGB specularColor;
 ColorRGB emissiveColor;
 [...]
}

template TextureFilename {
 <a42790e1-7810-11cf-8f52-0040333594a3>
 STRING filename;
}

template Frame {
 <3d82ab46-62da-11cf-ab39-0020af71e433>
 [...]
}

template Matrix4x4 {
 <f6f23f45-7686-11cf-8f52-0040333594a3>
 array FLOAT matrix[16];
}

template FrameTransformMatrix {
 <f6f23f41-7686-11cf-8f52-0040333594a3>
 Matrix4x4 frameMatrix;
}

template Vector {
 <3d82ab5e-62da-11cf-ab39-0020af71e433>
 FLOAT x;
 FLOAT y;
 FLOAT z;
}

template MeshFace {
 <3d82ab5f-62da-11cf-ab39-0020af71e433>
 DWORD nFaceVertexIndices;
 array DWORD faceVertexIndices[nFaceVertexIndices];
}

template Mesh {
 <3d82ab44-62da-11cf-ab39-0020af71e433>
 DWORD nVertices;
 array Vector vertices[nVertices];
 DWORD nFaces;
 array MeshFace faces[nFaces];
 [...]
}

template MeshNormals {
 <f6f23f43-7686-11cf-8f52-0040333594a3>
 DWORD nNormals;
 array Vector normals[nNormals];
 DWORD nFaceNormals;
 array MeshFace faceNormals[nFaceNormals];
}

template MeshMaterialList {
 <f6f23f42-7686-11cf-8f52-0040333594a3>
 DWORD nMaterials;
 DWORD nFaceIndexes;
 array DWORD faceIndexes[nFaceIndexes];
 [Material <3d82ab4d-62da-11cf-ab39-0020af71e433>]
}

template Coords2d {
 <f6f23f44-7686-11cf-8f52-0040333594a3>
 FLOAT u;
 FLOAT v;
}

template MeshTextureCoords {
 <f6f23f40-7686-11cf-8f52-0040333594a3>
 DWORD nTextureCoords;
 array Coords2d textureCoords[nTextureCoords];
}

template XSkinMeshHeader {
 <3cf169ce-ff7c-44ab-93c0-f78f62d172e2>
 WORD nMaxSkinWeightsPerVertex;
 WORD nMaxSkinWeightsPerFace;
 WORD nBones;
}

template SkinWeights {
 <6f0d123b-bad2-4167-a0d0-80224f25fabb>
 STRING transformNodeName;
 DWORD nWeights;
 array DWORD vertexIndices[nWeights];
 array FLOAT weights[nWeights];
 Matrix4x4 matrixOffset;
}

template AnimTicksPerSecond {
 <9e415a43-7ba6-4a73-8743-b73d47e88476>
 DWORD AnimTicksPerSecond;
}

template Animation {
 <3d82ab4f-62da-11cf-ab39-0020af71e433>
 [...]
}

template AnimationSet {
 <3d82ab50-62da-11cf-ab39-0020af71e433>
 [Animation <3d82ab4f-62da-11cf-ab39-0020af71e433>]
}

template FloatKeys {
 <10dd46a9-775b-11cf-8f52-0040333594a3>
 DWORD nValues;
 array FLOAT values[nValues];
}

template TimedFloatKeys {
 <f406b180-7b3b-11cf-8f52-0040333594a3>
 DWORD time;
 FloatKeys tfkeys;
}

template AnimationKey {
 <10dd46a8-775b-11cf-8f52-0040333594a3>
 DWORD keyType;
 DWORD nKeys;
 array TimedFloatKeys keys[nKeys];
}


Material Standard_7a_267 {
 1.000000;1.000000;1.000000;1.000000;;
 43.219280;
 0.020000;0.020000;0.020000;;
 0.000000;0.000000;0.000000;;

 TextureFilename {
  "F_Skin_body_D.dds";
 }
}

Material orig_orig_Standard_1_292 {
 1.000000;1.000000;1.000000;1.000000;;
 43.219280;
 0.020000;0.020000;0.020000;;
 0.000000;0.000000;0.000000;;

 TextureFilename {
  "11400002_M_Viking_D.dds";
 }
}

Frame Scene_Root {
 

 FrameTransformMatrix {
  0.393701,0.000000,0.000000,0.000000,0.000000,-0.000000,-0.393701,0.000000,0.000000,0.393701,-0.000000,0.000000,0.000000,0.000000,0.000000,1.000000;;
 }

 Frame FA {
  

  FrameTransformMatrix {
   1.000000,0.000000,0.000000,0.000000,0.000000,1.000000,0.000000,0.000000,0.000000,0.000000,1.000000,0.000000,0.000000,0.000000,0.000000,1.000000;;
  }
 }

 Frame Bip01 {
  

  FrameTransformMatrix {
   0.000727,0.996840,-0.069707,0.000000,-0.999275,0.000729,-0.000000,0.000000,0.000051,0.069757,0.997562,0.000000,0.000000,1.527915,43.145398,1.000000;;
  }

  Frame Bip01_Footsteps {
   

   FrameTransformMatrix {
    0.000003,-0.998550,-0.000051,0.000000,0.996114,-0.000000,0.069707,0.000000,-0.069808,-0.000051,0.997557,0.000000,2.988398,-0.002164,-42.766547,1.000000;;
   }
  }

  Frame Bip01_Pelvis {
   

   FrameTransformMatrix {
    0.000674,0.000052,0.999271,0.000000,-0.997825,0.000728,0.000673,0.000000,-0.000728,-0.997825,0.000052,0.000000,0.000000,0.000000,0.000000,1.000000;;
   }

   Frame Bip01_Spine {
    

    FrameTransformMatrix {
     0.998546,-0.001692,0.000679,0.000000,0.001695,0.999997,-0.000722,0.000000,-0.000678,0.000723,0.999998,0.000000,3.643448,0.085184,0.002410,1.000000;;
    }

    Frame Bip01_Spine1 {
     

     FrameTransformMatrix {
      0.991824,0.114479,0.000589,0.000000,-0.114675,0.993534,-0.000800,0.000000,-0.000677,0.000727,0.999998,0.000000,8.593918,0.001920,0.005823,1.000000;;
     }

     Frame Bip01_Spine2 {
      

      FrameTransformMatrix {
       0.991461,0.115728,0.000491,0.000000,-0.115956,0.993418,-0.000863,0.000000,-0.000589,0.000800,0.999998,0.000000,9.745922,0.001808,0.005742,1.000000;;
      }

      Frame Bip01_Neck {
       

       FrameTransformMatrix {
        0.966005,-0.253440,0.000695,0.000000,0.253619,0.966688,-0.000709,0.000000,-0.000493,0.000863,0.999998,0.000000,12.185722,-0.374652,0.006320,1.000000;;
       }

       Frame Bip01_Head {
        

        FrameTransformMatrix {
         0.994151,0.092053,0.000625,0.000000,-0.092209,0.995842,-0.000772,0.000000,-0.000694,0.000711,0.999998,0.000000,3.158974,0.775028,0.001642,1.000000;;
        }

        Frame Bip01_HeadNub {
         

         FrameTransformMatrix {
          0.998374,-0.000768,0.000625,0.000000,0.000770,0.999999,-0.000772,0.000000,-0.000625,0.000772,0.999998,0.000000,54.345466,-0.041817,0.034018,1.000000;;
         }
        }
       }

       Frame Bip01_L_Clavicle {
        

        FrameTransformMatrix {
         -0.350548,0.011568,0.934731,0.000000,0.252712,-0.960578,0.106661,0.000000,0.899959,0.273865,0.334119,0.000000,-2.647339,0.599680,3.126310,1.000000;;
        }

        Frame Bip01_L_UpperArm {
         

         FrameTransformMatrix {
          0.866394,-0.069712,-0.492149,0.000000,-0.052476,0.971057,-0.229930,0.000000,0.495657,0.225822,0.840582,0.000000,7.154710,0.004478,0.008980,1.000000;;
         }

         Frame Bip01_L_Forearm {
          

          FrameTransformMatrix {
           0.999998,0.001272,-0.000530,0.000000,-0.001272,1.000000,0.000719,0.000000,0.000530,-0.000717,0.998037,0.000000,16.098995,-0.002869,-0.008568,1.000000;;
          }

          Frame Bip01_L_Hand {
           

           FrameTransformMatrix {
            0.999140,-0.032149,0.025450,0.000000,-0.026401,-0.031725,0.996421,0.000000,-0.031290,-0.998260,-0.032613,0.000000,12.943895,-0.002309,-0.006874,1.000000;;
           }

           Frame Bip01_L_Finger0 {
            

            FrameTransformMatrix {
             0.981821,-0.074926,-0.174275,0.000000,-0.174249,0.005459,-0.984020,0.000000,0.074671,0.996384,-0.007695,0.000000,4.323239,-4.274772,-6.131997,1.000000;;
            }

            Frame Bip01_L_Finger01 {
             

             FrameTransformMatrix {
              0.999999,-0.002872,-0.000589,0.000000,0.002873,0.999993,0.000900,0.000000,0.000586,-0.000902,0.999998,0.000000,6.608987,-0.004409,-0.003868,1.000000;;
             }
            }
           }

           Frame Bip01_L_Finger1 {
            

            FrameTransformMatrix {
             0.992240,-0.112904,-0.053511,0.000000,0.106076,0.987559,-0.116740,0.000000,0.066004,0.110122,0.991549,0.000000,11.956377,2.022164,-4.582972,1.000000;;
            }

            Frame Bip01_L_Finger11 {
             

             FrameTransformMatrix {
              0.990536,-0.138664,0.000329,0.000000,0.138608,0.990136,-0.000371,0.000000,-0.000274,0.000413,0.999999,0.000000,4.403205,-0.003242,0.001209,1.000000;;
             }
            }
           }

           Frame Bip01_L_Finger2 {
            

            FrameTransformMatrix {
             0.993653,-0.110249,-0.026007,0.000000,0.111104,0.993003,0.035457,0.000000,0.021919,-0.038127,0.999104,0.000000,11.783014,2.234886,-1.185467,1.000000;;
            }

            Frame Bip01_L_Finger21 {
             

             FrameTransformMatrix {
              0.983206,-0.183816,0.000498,0.000000,0.183723,0.982708,-0.000892,0.000000,-0.000325,0.000968,0.999998,0.000000,4.551591,-0.003201,0.001484,1.000000;;
             }
            }
           }

           Frame Bip01_L_Finger3 {
            

            FrameTransformMatrix {
             0.975573,-0.220281,-0.010294,0.000000,0.220323,0.972369,0.072576,0.000000,-0.005980,-0.073091,0.997425,0.000000,11.642090,1.674805,2.135175,1.000000;;
            }

            Frame Bip01_L_Finger31 {
             

             FrameTransformMatrix {
              0.988602,-0.152298,0.000578,0.000000,0.152216,0.988062,-0.000963,0.000000,-0.000425,0.001040,0.999998,0.000000,3.923153,-0.003567,0.001669,1.000000;;
             }
            }
           }

           Frame Bip01_L_Finger4 {
            

            FrameTransformMatrix {
             0.965306,-0.260545,0.028036,0.000000,0.256078,0.960268,0.106958,0.000000,-0.054808,-0.096099,0.993995,0.000000,11.592650,1.287269,4.985702,1.000000;;
            }

            Frame Bip01_L_Finger41 {
             

             FrameTransformMatrix {
              0.951189,-0.310390,0.000734,0.000000,0.310027,0.950072,-0.000898,0.000000,-0.000419,0.001082,0.999997,0.000000,3.433445,-0.003418,0.001442,1.000000;;
             }
            }
           }

           Frame Weapon_Hand_L_Point {
            

            FrameTransformMatrix {
             0.032686,-0.101306,0.993795,0.000000,0.997211,-0.051622,-0.038060,0.000000,0.055179,0.992642,0.099374,0.000000,11.054545,-2.082119,-0.430641,1.000000;;
            }
           }
          }
         }

         Frame Bip01_L_ForeTwist {
          

          FrameTransformMatrix {
           0.999998,0.001272,-0.000530,0.000000,-0.001266,0.999944,0.012030,0.000000,0.000545,-0.012006,0.997948,0.000000,16.098995,-0.002869,-0.008568,1.000000;;
          }

          Frame Bip01_L_ForeTwist1 {
           

           FrameTransformMatrix {
            1.000000,-0.000184,-0.000529,0.000000,0.000191,0.999944,0.012074,0.000000,0.000525,-0.012050,0.997930,0.000000,6.471952,-0.001194,-0.003426,1.000000;;
           }
          }
         }

         Frame Bip01_L_UpperTwist_Bone01 {
          

          FrameTransformMatrix {
           1.000000,-0.000178,-0.000532,0.000000,0.000179,1.000000,0.000718,0.000000,0.000530,-0.000717,0.998037,0.000000,0.000000,0.000000,0.000000,1.000000;;
          }
         }
        }
       }

       Frame Bip01_R_Clavicle {
        

        FrameTransformMatrix {
         -0.351842,0.012893,-0.935236,0.000000,0.251473,-0.960388,-0.107845,0.000000,-0.899387,-0.273072,0.334591,0.000000,-2.651657,0.604114,-3.130852,1.000000;;
        }

        Frame Bip01_R_UpperArm {
         

         FrameTransformMatrix {
          0.866816,-0.070729,0.492652,0.000000,-0.052288,0.971168,0.231428,0.000000,-0.495424,-0.226643,0.839153,0.000000,7.154717,-0.006639,-0.004425,1.000000;;
         }

         Frame Bip01_R_Forearm {
          

          FrameTransformMatrix {
           0.999997,0.000294,0.000327,0.000000,-0.000294,1.000001,0.000410,0.000000,-0.000326,-0.000410,1.000000,0.000000,16.098987,-0.018625,0.005249,1.000000;;
          }

          Frame Bip01_R_Hand {
           

           FrameTransformMatrix {
            0.999177,-0.033158,-0.025741,0.000000,-0.026810,-0.032810,-0.998394,0.000000,0.032253,0.998059,-0.033665,0.000000,12.943914,-0.014998,0.004242,1.000000;;
           }

           Frame Bip01_R_Finger0 {
            

            FrameTransformMatrix {
             0.981638,-0.074924,0.173414,0.000000,-0.173595,0.004179,0.984466,0.000000,-0.074478,-0.996399,-0.008903,0.000000,4.316458,-4.280873,6.132723,1.000000;;
            }

            Frame Bip01_R_Finger01 {
             

             FrameTransformMatrix {
              1.000001,-0.003926,0.000415,0.000000,0.003926,0.999980,0.000347,0.000000,-0.000416,-0.000346,1.000000,0.000000,6.608979,-0.011374,0.002750,1.000000;;
             }
            }
           }

           Frame Bip01_R_Finger1 {
            

            FrameTransformMatrix {
             0.992166,-0.112763,0.052683,0.000000,0.106095,0.987457,0.115503,0.000000,-0.065074,-0.109056,0.992108,0.000000,11.952385,2.019397,4.569124,1.000000;;
            }

            Frame Bip01_R_Finger11 {
             

             FrameTransformMatrix {
              0.990493,-0.138353,-0.001106,0.000000,0.138320,0.990264,-0.000844,0.000000,0.001212,0.000683,0.999996,0.000000,4.403209,-0.001858,-0.005339,1.000000;;
             }
            }
           }

           Frame Bip01_R_Finger2 {
            

            FrameTransformMatrix {
             0.993606,-0.110075,0.025174,0.000000,0.110951,0.993110,-0.036711,0.000000,-0.020961,0.039271,0.999033,0.000000,11.782330,2.235950,1.171541,1.000000;;
            }

            Frame Bip01_R_Finger21 {
             

             FrameTransformMatrix {
              0.983118,-0.183344,-0.001095,0.000000,0.183314,0.982961,-0.000536,0.000000,0.001175,0.000326,0.999997,0.000000,4.551595,-0.001022,-0.005349,1.000000;;
             }
            }
           }

           Frame Bip01_R_Finger3 {
            

            FrameTransformMatrix {
             0.975518,-0.220093,0.009605,0.000000,0.220162,0.972595,-0.073906,0.000000,0.006924,0.074205,0.997157,0.000000,11.644476,1.679638,-2.148329,1.000000;;
            }

            Frame Bip01_R_Finger31 {
             

             FrameTransformMatrix {
              0.988484,-0.151533,-0.001006,0.000000,0.151521,0.988405,-0.000513,0.000000,0.001072,0.000355,0.999997,0.000000,3.923152,-0.000526,-0.004205,1.000000;;
             }
            }
           }

           Frame Bip01_R_Finger4 {
            

            FrameTransformMatrix {
             0.965279,-0.260316,-0.028669,0.000000,0.255835,0.960590,-0.108289,0.000000,0.055711,0.097163,0.993516,0.000000,11.597710,1.295334,-4.998364,1.000000;;
            }

            Frame Bip01_R_Finger41 {
             

             FrameTransformMatrix {
              0.950904,-0.309513,-0.000782,0.000000,0.309486,0.950821,-0.000584,0.000000,0.000925,0.000314,0.999999,0.000000,3.433449,-0.000252,-0.003174,1.000000;;
             }
            }
           }

           Frame Weapon_Hand_R_Point {
            

            FrameTransformMatrix {
             -0.066949,0.101929,0.991848,0.000000,0.995349,-0.047899,0.072108,0.000000,0.054904,0.992876,-0.098329,0.000000,11.053684,-2.080349,0.422343,1.000000;;
            }
           }
          }
         }

         Frame Bip01_R_ForeTwist {
          

          FrameTransformMatrix {
           0.999997,0.000294,0.000327,0.000000,-0.000290,0.999932,-0.010923,0.000000,-0.000330,0.010923,0.999949,0.000000,16.098987,-0.018625,0.005249,1.000000;;
          }

          Frame Bip01_R_ForeTwist1 {
           

           FrameTransformMatrix {
            1.000000,-0.001162,0.000313,0.000000,0.001166,0.999929,-0.010952,0.000000,-0.000301,0.010952,0.999948,0.000000,6.471956,-0.007522,0.002033,1.000000;;
           }
          }
         }

         Frame Bip01_R_UpperTwist_Bone01 {
          

          FrameTransformMatrix {
           1.000000,-0.001157,0.000326,0.000000,0.001157,0.999997,0.000411,0.000000,-0.000326,-0.000411,1.000000,0.000000,0.000008,-0.000000,-0.000011,1.000000;;
          }
         }
        }
       }
      }
     }

     Frame Weapon_Back_R_Point {
      

      FrameTransformMatrix {
       -0.124176,-0.985957,0.103322,0.000000,-0.472571,0.150330,0.866581,0.000000,-0.870609,0.058826,-0.484972,0.000000,22.046002,8.782306,-28.844077,1.000000;;
      }
     }

     Frame Weapon_Back_B_Point {
      

      FrameTransformMatrix {
       -0.019167,-0.995391,0.086915,0.000000,0.645684,0.053971,0.760494,0.000000,-0.761513,0.070680,0.641532,0.000000,6.569889,15.327181,3.540045,1.000000;;
      }
     }
    }
   }

   Frame Bip01_L_Thigh {
    

    FrameTransformMatrix {
     -0.993538,0.068286,0.049855,0.000000,0.068155,0.997552,-0.008112,0.000000,-0.050366,-0.004669,-0.997326,0.000000,0.005215,-0.005653,7.749223,1.000000;;
    }

    Frame Bip01_L_Calf {
     

     FrameTransformMatrix {
      0.999645,0.027934,0.000813,0.000000,-0.027933,0.999574,0.000679,0.000000,-0.000793,-0.000702,0.999998,0.000000,20.567834,0.013148,0.016330,1.000000;;
     }

     Frame Bip01_L_Foot {
      

      FrameTransformMatrix {
       0.985239,-0.162446,0.050992,0.000000,0.161466,0.986833,0.024010,0.000000,-0.054210,-0.015419,0.998302,0.000000,13.299989,0.008986,0.010809,1.000000;;
      }

      Frame Bip01_L_Toe0 {
       

       FrameTransformMatrix {
        0.000241,-0.999274,-0.000716,0.000000,0.999275,0.000240,0.000611,0.000000,-0.000611,-0.000717,0.999998,0.000000,9.711802,-7.945918,0.000236,1.000000;;
       }
      }
     }

     Frame L_Calf_Point01 {
      

      FrameTransformMatrix {
       0.985046,-0.163514,0.051268,0.000000,0.162529,0.986658,0.024080,0.000000,-0.054511,-0.015385,0.998286,0.000000,12.277261,-0.067099,-1.646702,1.000000;;
      }
     }
    }
   }

   Frame Bip01_R_Thigh {
    

    FrameTransformMatrix {
     -0.993605,0.068359,-0.051302,0.000000,0.068281,0.997533,0.006762,0.000000,0.051706,0.003220,-0.997136,0.000000,-0.005215,0.005650,-7.749224,1.000000;;
    }

    Frame Bip01_R_Calf {
     

     FrameTransformMatrix {
      0.999646,0.027993,0.000666,0.000000,-0.027991,0.999569,0.000641,0.000000,-0.000647,-0.000659,0.999998,0.000000,20.567814,0.014347,0.013326,1.000000;;
     }

     Frame Bip01_R_Foot {
      

      FrameTransformMatrix {
       0.985156,-0.162459,-0.049751,0.000000,0.161594,0.986792,-0.022473,0.000000,0.052756,0.014103,0.998597,0.000000,13.299979,0.009699,0.008853,1.000000;;
      }

      Frame Bip01_R_Toe0 {
       

       FrameTransformMatrix {
        0.000269,-0.999275,-0.000828,0.000000,0.999275,0.000268,0.000637,0.000000,-0.000637,-0.000828,0.999998,0.000000,9.712026,-7.946194,-0.000398,1.000000;;
       }
      }
     }

     Frame R_Calf_Point01 {
      

      FrameTransformMatrix {
       0.985135,-0.162492,-0.050040,0.000000,0.161625,0.986789,-0.022435,0.000000,0.053035,0.014016,0.998583,0.000000,12.278353,-0.064046,1.638479,1.000000;;
      }
     }
    }
   }

   Frame Weapon_Side_R_Point {
    

    FrameTransformMatrix {
     0.374418,-0.025444,-0.925671,0.000000,-0.398603,0.898659,-0.185930,0.000000,0.835579,0.438059,0.325936,0.000000,4.744503,-9.720312,-14.986435,1.000000;;
    }
   }

   Frame Weapon_Side_L_Point {
    

    FrameTransformMatrix {
     -0.396002,0.014872,-0.917340,0.000000,-0.395371,0.899465,0.185258,0.000000,0.826422,0.435289,-0.349697,0.000000,4.853447,-9.811074,15.181422,1.000000;;
    }
   }
  }

  Frame EFF_Lock_D {
   

   FrameTransformMatrix {
    0.996132,0.000002,0.069420,0.000000,-0.000006,0.998550,0.000050,0.000000,-0.069521,-0.000051,0.997575,0.000000,1.485546,-0.002183,-43.146794,1.000000;;
   }
  }

  Frame Move_Link_D {
   

   FrameTransformMatrix {
    0.996114,0.000002,0.069707,0.000000,-0.000005,0.998550,0.000050,0.000000,-0.069808,-0.000051,0.997557,0.000000,0.597634,-0.000433,-8.552654,1.000000;;
   }

   Frame EFF_Move_D {
    

    FrameTransformMatrix {
     0.998550,0.000003,0.000051,0.000000,-0.000003,0.998550,0.000051,0.000000,-0.000051,-0.000051,0.999996,0.000000,-1.705449,0.011384,-34.571814,1.000000;;
    }
   }
  }

  Frame SATA9NI_Bone01 {
   

   FrameTransformMatrix {
    0.043791,-0.000387,-0.998344,0.000000,0.996865,0.000724,0.043726,0.000000,0.000706,-0.997825,0.000418,0.000000,-1.032794,0.013127,-0.145443,1.000000;;
   }
  }

  Frame SATA9NI_Lock_Dummy01 {
   

   FrameTransformMatrix {
    0.000728,-0.997826,-0.000051,0.000000,0.995391,0.000722,0.069656,0.000000,-0.069808,-0.000101,0.997555,0.000000,1.485546,-0.002183,-43.146794,1.000000;;
   }
  }

  Frame SATA9NI_Link_Point02 {
   

   FrameTransformMatrix {
    -0.996114,-0.000003,-0.069706,0.000000,0.069807,-0.000050,-0.997557,0.000000,-0.000001,-0.998550,0.000050,0.000000,0.648059,-0.001977,-39.109824,1.000000;;
   }
  }
 }

 Frame Point01 {
  

  FrameTransformMatrix {
   1.000000,-0.000057,0.000000,0.000000,0.000057,0.999998,0.002106,0.000000,-0.000000,-0.002106,0.999998,0.000000,0.000074,-0.000031,-0.000061,1.000000;;
  }
 }

 Frame GL {
  

  FrameTransformMatrix {
   1.000000,0.000000,0.000000,0.000000,0.000000,1.000000,0.000000,0.000000,0.000000,0.000000,1.000000,0.000000,0.000001,0.000000,0.000000,1.000000;;
  }
 }

 Frame CL {
  

  FrameTransformMatrix {
   1.000000,0.000000,0.000000,0.000000,0.000000,1.000000,0.000000,0.000000,0.000000,0.000000,1.000000,0.000000,0.000000,0.000000,0.000000,1.000000;;
  }

  Frame CL_0 {
   

   FrameTransformMatrix {
    1.000000,0.000000,0.000000,0.000000,0.000000,1.000000,0.000000,0.000000,0.000000,0.000000,1.000000,0.000000,0.000000,0.000000,0.000000,1.000000;;
   }
  }

  Frame CL_1 {
   

   FrameTransformMatrix {
    1.000000,0.000000,0.000000,0.000000,0.000000,1.000000,0.000000,0.000000,0.000000,0.000000,1.000000,0.000000,0.000000,0.000000,0.000000,1.000000;;
   }
  }
 }
}

Frame CL_0_ {
 

 FrameTransformMatrix {
  0.393701,0.000000,0.000000,0.000000,0.000000,-0.000000,-0.393701,0.000000,0.000000,0.393701,-0.000000,0.000000,0.000000,0.000000,0.000000,1.000000;;
 }

 Mesh CL_0_ {
  228;
  -22.102331;-5.543335;54.149690;,
  -22.695522;-2.423663;49.707734;,
  -20.629098;-2.421865;52.929261;,
  -24.117576;-2.089020;46.686538;,
  -23.041144;1.076452;49.858336;,
  -22.695522;-2.423663;49.707734;,
  -24.516384;1.660205;47.193312;,
  -20.629098;-2.421865;52.929261;,
  -20.904142;0.620949;53.081715;,
  -26.509026;3.955637;48.672736;,
  -24.775669;3.146075;51.369475;,
  -22.622626;2.575346;54.554080;,
  -27.468528;2.834665;53.503661;,
  -29.696576;3.636672;51.078461;,
  -24.748619;2.327358;56.455776;,
  -26.021294;0.576841;57.690470;,
  -31.233491;0.869184;52.221366;,
  -28.839184;0.704319;54.731610;,
  -26.360810;-2.615015;58.079462;,
  -29.296970;-2.855266;55.093030;,
  -31.678461;-2.919717;52.573789;,
  -25.184914;-5.183697;56.963846;,
  -28.017171;-5.596777;54.042125;,
  -30.353283;-6.048833;51.576102;,
  -24.255925;-5.777589;50.952954;,
  -26.118989;-6.208016;48.086253;,
  -24.117576;-2.089020;46.686538;,
  -10.339705;-1.808529;75.669677;,
  -12.774609;1.090147;73.492698;,
  -12.838344;-1.928569;74.136262;,
  -10.121778;0.983939;75.197184;,
  -9.870901;3.831097;73.253677;,
  -12.085423;3.487406;71.584570;,
  -10.944447;4.164818;69.006541;,
  -9.779796;4.663663;70.390746;,
  -9.855274;4.770754;67.869741;,
  -10.029157;1.514099;65.405030;,
  -10.590994;1.510360;65.238733;,
  -9.646178;-3.165357;65.109907;,
  -10.431343;-2.842549;64.689344;,
  -10.951275;-5.502694;68.252179;,
  -9.386847;-5.888579;69.167712;,
  -12.367371;-4.732893;73.141434;,
  -9.993242;-4.626139;74.673798;,
  -10.339705;-1.808529;75.669677;,
  -12.838344;-1.928569;74.136262;,
  12.767131;1.072896;73.511213;,
  10.323398;-1.822486;75.684659;,
  12.821989;-1.945899;74.154861;,
  10.113658;0.970271;75.211853;,
  9.871425;3.817762;73.267987;,
  12.085282;3.471080;71.602086;,
  10.946795;4.150032;69.022406;,
  9.783314;4.650449;70.404928;,
  9.859615;4.757439;67.884032;,
  10.024563;1.500555;65.419571;,
  10.586419;1.496057;65.254074;,
  9.628088;-3.178375;65.123872;,
  10.414270;-2.856627;64.704454;,
  10.925767;-5.517468;68.268038;,
  9.360042;-5.901240;69.181299;,
  12.343098;-4.749582;73.159347;,
  9.968972;-4.639621;74.688269;,
  10.323398;-1.822486;75.684659;,
  12.821989;-1.945899;74.154861;,
  22.682680;-2.454309;49.740630;,
  22.079554;-5.573172;54.181722;,
  20.615614;-2.449720;52.959158;,
  24.233110;-5.810336;50.988109;,
  24.106320;-2.121589;46.721504;,
  26.095509;-6.243280;48.124115;,
  30.329546;-6.089818;51.620099;,
  25.162595;-5.217699;57.000352;,
  27.994243;-5.634605;54.082733;,
  31.663581;-2.962497;52.619712;,
  29.281770;-2.894828;55.135507;,
  26.345706;-2.650611;58.117670;,
  31.229664;0.826998;52.266650;,
  28.834371;0.665368;54.773421;,
  26.015518;0.541697;57.728192;,
  27.470141;2.797561;53.543488;,
  29.701002;3.596557;51.121520;,
  24.748165;2.293929;56.491661;,
  22.623283;2.544788;54.586886;,
  26.514870;3.919826;48.711181;,
  24.778619;3.112607;51.405408;,
  20.899445;0.592717;53.112022;,
  23.038413;1.045332;49.891747;,
  24.515885;1.627091;47.228867;,
  20.615614;-2.449720;52.959158;,
  24.106320;-2.121589;46.721504;,
  22.682680;-2.454309;49.740630;,
  -13.463216;0.988593;62.241971;,
  -11.023589;-2.854757;64.161581;,
  -13.052854;-2.820457;62.084589;,
  -11.453366;1.394395;64.422784;,
  -10.431343;-2.842549;64.689344;,
  -15.193606;2.520970;63.719040;,
  -10.590994;1.510360;65.238733;,
  -12.821604;3.121592;66.569146;,
  -10.944447;4.164818;69.006541;,
  -17.099354;2.266391;65.596301;,
  -12.085423;3.487406;71.584570;,
  -14.390200;2.830827;69.032038;,
  -18.197574;0.729871;66.760858;,
  -12.774609;1.090147;73.492698;,
  -15.264078;0.913883;70.543821;,
  -15.198976;-2.072594;71.147917;,
  -18.434106;-2.088942;67.079942;,
  -12.838344;-1.928569;74.136262;,
  -14.462931;-4.700812;70.344986;,
  -12.367371;-4.732893;73.141434;,
  -17.403294;-4.347986;66.191834;,
  -10.951275;-5.502694;68.252179;,
  -12.238866;-5.179559;66.621670;,
  -10.431343;-2.842549;64.689344;,
  -14.675418;-4.889119;63.604051;,
  -11.023589;-2.854757;64.161581;,
  -13.052854;-2.820457;62.084589;,
  11.006585;-2.869635;64.177549;,
  13.457733;0.970412;62.261485;,
  13.036368;-2.838076;62.103494;,
  11.448617;1.378928;64.439379;,
  10.414270;-2.856627;64.704454;,
  15.192258;2.500448;63.741069;,
  10.586419;1.496057;65.254074;,
  12.821420;3.104273;66.587731;,
  10.946795;4.150032;69.022406;,
  17.096880;2.243295;65.621082;,
  12.085282;3.471080;71.602086;,
  14.388667;2.811390;69.052902;,
  18.190411;0.705296;66.787232;,
  12.767131;1.072896;73.511213;,
  15.256682;0.893270;70.565946;,
  15.182806;-2.093113;71.169939;,
  18.418709;-2.113831;67.106650;,
  12.821989;-1.945899;74.154861;,
  14.439310;-4.720332;70.365939;,
  12.343098;-4.749582;73.159347;,
  17.381534;-4.371478;66.217050;,
  10.925767;-5.517468;68.268038;,
  12.214622;-5.196073;66.639392;,
  10.414270;-2.856627;64.704454;,
  14.652624;-4.908926;63.625299;,
  11.006585;-2.869635;64.177549;,
  13.036368;-2.838076;62.103494;,
  -18.142230;-2.390139;56.219718;,
  -16.788162;0.231735;58.384890;,
  -16.509810;-2.555660;58.253485;,
  -14.781333;-2.688057;60.169037;,
  -18.340165;0.307363;56.440659;,
  -15.125690;0.610162;60.313427;,
  -18.416958;2.393039;59.825190;,
  -20.008747;2.427733;57.845491;,
  -16.805283;2.457006;61.772122;,
  -22.024662;2.110550;59.595610;,
  -20.397563;2.102812;61.482790;,
  -18.748458;2.184602;63.539546;,
  -21.683525;0.597285;62.593709;,
  -19.940547;0.663578;64.677274;,
  -23.346386;0.569546;60.675194;,
  -20.158718;-2.218666;65.000800;,
  -21.883330;-2.348388;62.921651;,
  -23.619902;-2.464340;60.987968;,
  -19.049494;-4.483077;64.054016;,
  -21.530614;-5.058362;60.993574;,
  -22.434986;-4.954990;59.920890;,
  -19.626291;-5.120144;57.434854;,
  -20.740971;-4.637536;61.948902;,
  -16.359709;-4.885775;61.634528;,
  -18.810125;-5.306063;58.538957;,
  -18.142230;-2.390139;56.219718;,
  -16.509810;-2.555660;58.253485;,
  -17.968712;-4.882491;59.613734;,
  -14.781333;-2.688057;60.169037;,
  16.781264;0.209063;58.409216;,
  18.128178;-2.414634;56.246016;,
  16.494866;-2.577949;58.277414;,
  14.765616;-2.708011;60.190451;,
  18.333882;0.282595;56.467251;,
  15.119498;0.589736;60.335354;,
  18.416030;2.368163;59.851891;,
  20.008318;2.400707;57.874509;,
  16.804144;2.434307;61.796480;,
  22.022954;2.080801;59.627546;,
  20.395445;2.075261;61.512358;,
  18.746163;2.159279;63.566726;,
  21.676819;0.568000;62.625139;,
  19.933613;0.636648;64.706182;,
  23.339990;0.538015;60.709037;,
  20.143363;-2.245885;65.030016;,
  21.868026;-2.377936;62.953376;,
  23.604648;-2.496233;61.022202;,
  19.027774;-4.508792;64.081619;,
  21.507853;-5.087427;61.024774;,
  22.412739;-4.985278;59.953402;,
  19.604080;-5.146638;57.463296;,
  20.719235;-4.665536;61.978957;,
  16.337322;-4.907856;61.658227;,
  18.787152;-5.331453;58.566214;,
  18.128178;-2.414634;56.246016;,
  16.494866;-2.577949;58.277414;,
  17.946747;-4.906746;59.639770;,
  14.765616;-2.708011;60.190451;,
  -0.010821;-3.280206;81.035642;,
  3.428088;-1.342551;83.835808;,
  -0.010723;-2.991423;84.179206;,
  -3.444679;-1.337909;83.830829;,
  3.409733;-1.568254;80.728250;,
  4.010111;1.524527;83.159334;,
  -3.426346;-1.563636;80.723290;,
  -4.018257;1.529949;83.153510;,
  -0.010993;-3.563604;78.695917;,
  -3.571693;-1.770583;78.487776;,
  3.554936;-1.775396;78.492941;,
  -4.051904;1.200506;80.118253;,
  -4.230988;0.909283;77.743674;,
  -2.659874;3.708835;82.550483;,
  -2.572574;3.440731;79.554451;,
  -2.651394;3.604371;76.913427;,
  0.000764;4.793471;82.116998;,
  0.000693;4.543522;79.260077;,
  0.000964;4.556050;76.774202;,
  2.650532;3.600790;76.917274;,
  2.570700;3.437258;79.558182;,
  2.658167;3.705243;82.554342;,
  4.222145;0.903574;77.749805;,
  4.043422;1.195038;80.124128;;
  266;
  3;0,1,2;,
  3;3,4,5;,
  3;4,3,6;,
  3;4,7,5;,
  3;7,4,8;,
  3;9,4,6;,
  3;10,8,4;,
  3;4,9,10;,
  3;8,10,11;,
  3;9,12,10;,
  3;12,11,10;,
  3;12,9,13;,
  3;11,12,14;,
  3;12,15,14;,
  3;16,12,13;,
  3;15,12,17;,
  3;12,16,17;,
  3;17,18,15;,
  3;16,19,17;,
  3;18,17,19;,
  3;19,16,20;,
  3;19,21,18;,
  3;20,22,19;,
  3;21,19,22;,
  3;22,20,23;,
  3;24,21,22;,
  3;23,24,22;,
  3;21,24,0;,
  3;24,23,25;,
  3;1,0,24;,
  3;26,24,25;,
  3;24,26,1;,
  3;27,28,29;,
  3;28,27,30;,
  3;31,28,30;,
  3;28,31,32;,
  3;31,33,32;,
  3;33,31,34;,
  3;34,35,33;,
  3;36,33,35;,
  3;33,36,37;,
  3;38,37,36;,
  3;37,38,39;,
  3;38,40,39;,
  3;40,38,41;,
  3;41,42,40;,
  3;42,41,43;,
  3;44,42,43;,
  3;42,44,45;,
  3;46,47,48;,
  3;47,46,49;,
  3;46,50,49;,
  3;50,46,51;,
  3;52,50,51;,
  3;50,52,53;,
  3;53,52,54;,
  3;52,55,54;,
  3;55,52,56;,
  3;56,57,55;,
  3;57,56,58;,
  3;59,57,58;,
  3;57,59,60;,
  3;61,60,59;,
  3;60,61,62;,
  3;61,63,62;,
  3;63,61,64;,
  3;65,66,67;,
  3;66,65,68;,
  3;69,68,65;,
  3;68,69,70;,
  3;71,68,70;,
  3;68,72,66;,
  3;68,71,73;,
  3;72,68,73;,
  3;74,73,71;,
  3;75,72,73;,
  3;73,74,75;,
  3;72,75,76;,
  3;77,75,74;,
  3;78,76,75;,
  3;75,77,78;,
  3;76,78,79;,
  3;77,80,78;,
  3;80,79,78;,
  3;80,77,81;,
  3;79,80,82;,
  3;80,83,82;,
  3;84,80,81;,
  3;83,80,85;,
  3;80,84,85;,
  3;85,86,83;,
  3;84,87,85;,
  3;86,85,87;,
  3;87,84,88;,
  3;87,89,86;,
  3;90,87,88;,
  3;89,87,91;,
  3;87,90,91;,
  3;92,93,94;,
  3;93,92,95;,
  3;95,96,93;,
  3;97,95,92;,
  3;96,95,98;,
  3;95,97,99;,
  3;99,98,95;,
  3;98,99,100;,
  3;101,99,97;,
  3;99,102,100;,
  3;99,101,103;,
  3;102,99,103;,
  3;104,103,101;,
  3;103,105,102;,
  3;103,104,106;,
  3;105,103,106;,
  3;104,107,106;,
  3;107,105,106;,
  3;107,104,108;,
  3;105,107,109;,
  3;108,110,107;,
  3;110,109,107;,
  3;109,110,111;,
  3;110,108,112;,
  3;110,113,111;,
  3;112,114,110;,
  3;113,110,114;,
  3;114,115,113;,
  3;114,112,116;,
  3;115,114,117;,
  3;116,117,114;,
  3;117,116,118;,
  3;119,120,121;,
  3;120,119,122;,
  3;123,122,119;,
  3;122,124,120;,
  3;122,123,125;,
  3;124,122,126;,
  3;125,126,122;,
  3;126,125,127;,
  3;126,128,124;,
  3;129,126,127;,
  3;128,126,130;,
  3;126,129,130;,
  3;130,131,128;,
  3;132,130,129;,
  3;131,130,133;,
  3;130,132,133;,
  3;134,131,133;,
  3;132,134,133;,
  3;131,134,135;,
  3;134,132,136;,
  3;137,135,134;,
  3;136,137,134;,
  3;137,136,138;,
  3;135,137,139;,
  3;140,137,138;,
  3;141,139,137;,
  3;137,140,141;,
  3;142,141,140;,
  3;139,141,143;,
  3;141,142,144;,
  3;144,143,141;,
  3;143,144,145;,
  3;146,147,148;,
  3;147,149,148;,
  3;147,146,150;,
  3;149,147,151;,
  3;150,152,147;,
  3;152,151,147;,
  3;152,150,153;,
  3;151,152,154;,
  3;155,152,153;,
  3;156,154,152;,
  3;152,155,156;,
  3;154,156,157;,
  3;155,158,156;,
  3;158,157,156;,
  3;157,158,159;,
  3;158,155,160;,
  3;158,161,159;,
  3;160,162,158;,
  3;161,158,162;,
  3;162,160,163;,
  3;162,164,161;,
  3;163,165,162;,
  3;165,163,166;,
  3;167,165,166;,
  3;164,162,168;,
  3;168,162,165;,
  3;168,169,164;,
  3;165,167,170;,
  3;170,168,165;,
  3;167,171,170;,
  3;172,170,171;,
  3;168,170,173;,
  3;172,173,170;,
  3;169,168,173;,
  3;174,173,172;,
  3;173,174,169;,
  3;175,176,177;,
  3;178,175,177;,
  3;176,175,179;,
  3;175,178,180;,
  3;181,179,175;,
  3;180,181,175;,
  3;179,181,182;,
  3;181,180,183;,
  3;181,184,182;,
  3;183,185,181;,
  3;184,181,185;,
  3;185,183,186;,
  3;187,184,185;,
  3;186,187,185;,
  3;187,186,188;,
  3;184,187,189;,
  3;190,187,188;,
  3;191,189,187;,
  3;187,190,191;,
  3;189,191,192;,
  3;193,191,190;,
  3;192,191,194;,
  3;194,195,192;,
  3;194,196,195;,
  3;191,193,197;,
  3;197,194,191;,
  3;198,197,193;,
  3;196,194,199;,
  3;197,199,194;,
  3;196,199,200;,
  3;201,200,199;,
  3;199,197,202;,
  3;201,199,202;,
  3;197,198,202;,
  3;202,203,201;,
  3;203,202,198;,
  3;204,205,206;,
  3;207,204,206;,
  3;205,204,208;,
  3;208,209,205;,
  3;204,207,210;,
  3;211,210,207;,
  3;210,212,204;,
  3;212,208,204;,
  3;212,210,213;,
  3;208,212,214;,
  3;215,213,210;,
  3;210,211,215;,
  3;213,215,216;,
  3;217,215,211;,
  3;218,216,215;,
  3;215,217,218;,
  3;216,218,219;,
  3;220,218,217;,
  3;221,219,218;,
  3;218,220,221;,
  3;219,221,222;,
  3;221,223,222;,
  3;220,224,221;,
  3;223,221,224;,
  3;224,220,225;,
  3;224,226,223;,
  3;225,227,224;,
  3;226,224,227;,
  3;227,225,209;,
  3;227,214,226;,
  3;209,208,227;,
  3;214,227,208;;

  MeshNormals {
   228;
   0.511345;-0.805914;-0.298376;,
   0.825990;-0.292744;-0.481708;,
   0.813256;-0.133350;-0.566421;,
   0.863276;-0.234990;-0.446692;,
   0.825531;0.382385;-0.415066;,
   0.825990;-0.292744;-0.481708;,
   0.822506;0.442307;-0.357559;,
   0.813256;-0.133350;-0.566421;,
   0.730251;0.517479;-0.446037;,
   0.378803;0.924672;0.038598;,
   0.415880;0.906257;-0.075779;,
   0.264876;0.960416;-0.086264;,
   -0.223136;0.887867;0.402370;,
   -0.204563;0.856470;0.473935;,
   -0.239566;0.914996;0.324638;,
   -0.614734;0.513216;0.598925;,
   -0.646995;0.365656;0.669099;,
   -0.671084;0.339823;0.658914;,
   -0.718590;-0.067975;0.692104;,
   -0.698155;-0.175432;0.694120;,
   -0.683069;-0.269612;0.678768;,
   -0.276794;-0.893451;0.353739;,
   -0.314230;-0.849657;0.423488;,
   -0.124154;-0.950721;0.284105;,
   0.352699;-0.929007;-0.112029;,
   0.441312;-0.883940;-0.154574;,
   0.863276;-0.234990;-0.446692;,
   -0.524993;-0.081353;0.847210;,
   -0.641422;0.381233;0.665762;,
   -0.696191;-0.150751;0.701849;,
   -0.489831;0.376566;0.786298;,
   -0.464571;0.736118;0.492244;,
   -0.478423;0.840450;0.254473;,
   -0.331992;0.918821;-0.213423;,
   -0.528561;0.836470;0.144709;,
   -0.705444;0.614053;-0.353960;,
   -0.390645;0.526541;-0.755084;,
   0.411058;0.564079;-0.716133;,
   0.242550;-0.542702;-0.804142;,
   0.537772;-0.398347;-0.743049;,
   -0.058700;-0.983832;-0.169201;,
   -0.102335;-0.994621;-0.015994;,
   -0.392404;-0.811055;0.433830;,
   -0.274472;-0.831952;0.482205;,
   -0.524993;-0.081353;0.847210;,
   -0.696191;-0.150751;0.701849;,
   0.641805;0.380020;0.666087;,
   0.524328;-0.082021;0.847557;,
   0.695300;-0.151624;0.702544;,
   0.490385;0.375616;0.786407;,
   0.466223;0.734890;0.492518;,
   0.480433;0.839151;0.254971;,
   0.334567;0.918018;-0.212857;,
   0.530540;0.835103;0.145364;,
   0.707040;0.612879;-0.352809;,
   0.392342;0.526038;-0.754554;,
   -0.409274;0.564628;-0.716722;,
   -0.243849;-0.542131;-0.804134;,
   -0.538327;-0.397290;-0.743212;,
   0.055889;-0.984007;-0.169135;,
   0.099472;-0.994914;-0.015850;,
   0.390074;-0.811810;0.434518;,
   0.272014;-0.832477;0.482692;,
   0.524328;-0.082021;0.847557;,
   0.695300;-0.151624;0.702544;,
   -0.826020;-0.291374;-0.482486;,
   -0.513193;-0.804555;-0.298871;,
   -0.812923;-0.132153;-0.567179;,
   -0.355169;-0.928011;-0.112480;,
   -0.863179;-0.233638;-0.447588;,
   -0.443535;-0.882733;-0.155109;,
   0.121358;-0.951017;0.284322;,
   0.274204;-0.894054;0.354230;,
   0.311758;-0.850289;0.424046;,
   0.681948;-0.270455;0.679559;,
   0.697215;-0.176302;0.694844;,
   0.717860;-0.068908;0.692769;,
   0.647330;0.364452;0.669432;,
   0.671326;0.338610;0.659291;,
   0.615515;0.511900;0.599250;,
   0.225532;0.887191;0.402526;,
   0.206866;0.855855;0.474046;,
   0.242044;0.914271;0.324845;,
   -0.262170;0.961121;-0.086678;,
   -0.376341;0.925699;0.038072;,
   -0.413462;0.907309;-0.076421;,
   -0.728790;0.518557;-0.447174;,
   -0.824388;0.383523;-0.416287;,
   -0.821311;0.443504;-0.358821;,
   -0.812923;-0.132153;-0.567179;,
   -0.863179;-0.233638;-0.447588;,
   -0.826020;-0.291374;-0.482486;,
   0.661274;0.389142;-0.641316;,
   0.673702;-0.327915;-0.662267;,
   0.671096;-0.374727;-0.639696;,
   0.563100;0.528698;-0.635136;,
   0.537772;-0.398347;-0.743049;,
   0.169731;0.943214;-0.285551;,
   0.411058;0.564079;-0.716133;,
   -0.058091;0.975645;-0.211522;,
   -0.331992;0.918821;-0.213423;,
   -0.327620;0.931836;0.156039;,
   -0.478423;0.840450;0.254473;,
   -0.516861;0.801563;0.300584;,
   -0.743298;0.353256;0.568083;,
   -0.641422;0.381233;0.665762;,
   -0.733609;0.366568;0.572229;,
   -0.781207;-0.041642;0.622882;,
   -0.768038;-0.237814;0.594611;,
   -0.696191;-0.150751;0.701849;,
   -0.533952;-0.767215;0.355355;,
   -0.392404;-0.811055;0.433830;,
   -0.383718;-0.889279;0.248883;,
   -0.058700;-0.983832;-0.169201;,
   0.050075;-0.985335;-0.163119;,
   0.537772;-0.398347;-0.743049;,
   0.182774;-0.963377;-0.196209;,
   0.673702;-0.327915;-0.662267;,
   0.671096;-0.374727;-0.639696;,
   -0.673911;-0.326711;-0.662650;,
   -0.659928;0.389983;-0.642190;,
   -0.671429;-0.373475;-0.640078;,
   -0.561446;0.529465;-0.635960;,
   -0.538327;-0.397290;-0.743212;,
   -0.166971;0.943616;-0.285848;,
   -0.409274;0.564628;-0.716722;,
   0.060956;0.975493;-0.211420;,
   0.334567;0.918018;-0.212857;,
   0.330109;0.930891;0.156431;,
   0.480433;0.839151;0.254971;,
   0.518688;0.800195;0.301084;,
   0.743511;0.351923;0.568631;,
   0.641805;0.380020;0.666087;,
   0.733864;0.365234;0.572755;,
   0.780524;-0.042673;0.623668;,
   0.767006;-0.238782;0.595554;,
   0.695300;-0.151624;0.702544;,
   0.531866;-0.768239;0.356268;,
   0.390074;-0.811810;0.434518;,
   0.381245;-0.890159;0.249539;,
   0.055889;-0.984007;-0.169135;,
   -0.052892;-0.985178;-0.163179;,
   -0.538327;-0.397290;-0.743212;,
   -0.185466;-0.962821;-0.196413;,
   -0.673911;-0.326711;-0.662650;,
   -0.671429;-0.373475;-0.640078;,
   0.751107;-0.325417;-0.574406;,
   0.713358;0.328841;-0.618857;,
   0.724088;-0.345642;-0.596848;,
   0.708739;-0.313207;-0.632132;,
   0.701603;0.488196;-0.519055;,
   0.610240;0.518769;-0.598737;,
   0.305066;0.912823;-0.271457;,
   0.290216;0.936283;-0.197860;,
   0.149098;0.972375;-0.179602;,
   -0.278767;0.920418;0.274081;,
   -0.261758;0.944582;0.198109;,
   -0.364681;0.893144;0.263254;,
   -0.682796;0.462506;0.565578;,
   -0.684254;0.474525;0.553735;,
   -0.706345;0.316633;0.633104;,
   -0.757697;-0.149126;0.635339;,
   -0.723749;-0.233111;0.649498;,
   -0.693813;-0.307983;0.650976;,
   -0.345563;-0.881547;0.321653;,
   -0.370478;-0.850443;0.373488;,
   -0.317241;-0.894773;0.314229;,
   0.204950;-0.972873;-0.107299;,
   -0.162786;-0.943619;0.288242;,
   0.229249;-0.950712;-0.208785;,
   0.428163;-0.875932;-0.222305;,
   0.751107;-0.325417;-0.574406;,
   0.724088;-0.345642;-0.596848;,
   0.386453;-0.891274;-0.237246;,
   0.708739;-0.313207;-0.632132;,
   -0.712144;0.329742;-0.619775;,
   -0.751243;-0.324105;-0.574969;,
   -0.724296;-0.344345;-0.597346;,
   -0.708876;-0.311968;-0.632590;,
   -0.700135;0.489180;-0.520110;,
   -0.608635;0.519610;-0.599641;,
   -0.302464;0.913531;-0.271986;,
   -0.287563;0.936998;-0.198348;,
   -0.146272;0.972758;-0.179850;,
   0.281239;0.919585;0.274351;,
   0.264335;0.943803;0.198402;,
   0.366985;0.892091;0.263620;,
   0.683356;0.461135;0.566020;,
   0.684847;0.473139;0.554188;,
   0.706494;0.315393;0.633556;,
   0.756813;-0.150086;0.636167;,
   0.722705;-0.234012;0.650335;,
