xof 0303txt 0032
template ColorRGBA {
 <35ff44e0-6c7c-11cf-8f52-0040333594a3>
 FLOAT red;
 FLOAT green;
 FLOAT blue;
 FLOAT alpha;
}

template ColorRGB {
 <d3e16e81-7835-11cf-8f52-0040333594a3>
 FLOAT red;
 FLOAT green;
 FLOAT blue;
}

template Material {
 <3d82ab4d-62da-11cf-ab39-0020af71e433>
 ColorRGBA faceColor;
 FLOAT power;
 ColorRGB specularColor;
 ColorRGB emissiveColor;
 [...]
}

template TextureFilename {
 <a42790e1-7810-11cf-8f52-0040333594a3>
 STRING filename;
}

template Frame {
 <3d82ab46-62da-11cf-ab39-0020af71e433>
 [...]
}

template Matrix4x4 {
 <f6f23f45-7686-11cf-8f52-0040333594a3>
 array FLOAT matrix[16];
}

template FrameTransformMatrix {
 <f6f23f41-7686-11cf-8f52-0040333594a3>
 Matrix4x4 frameMatrix;
}

template Vector {
 <3d82ab5e-62da-11cf-ab39-0020af71e433>
 FLOAT x;
 FLOAT y;
 FLOAT z;
}

template MeshFace {
 <3d82ab5f-62da-11cf-ab39-0020af71e433>
 DWORD nFaceVertexIndices;
 array DWORD faceVertexIndices[nFaceVertexIndices];
}

template Mesh {
 <3d82ab44-62da-11cf-ab39-0020af71e433>
 DWORD nVertices;
 array Vector vertices[nVertices];
 DWORD nFaces;
 array MeshFace faces[nFaces];
 [...]
}

template MeshNormals {
 <f6f23f43-7686-11cf-8f52-0040333594a3>
 DWORD nNormals;
 array Vector normals[nNormals];
 DWORD nFaceNormals;
 array MeshFace faceNormals[nFaceNormals];
}

template MeshMaterialList {
 <f6f23f42-7686-11cf-8f52-0040333594a3>
 DWORD nMaterials;
 DWORD nFaceIndexes;
 array DWORD faceIndexes[nFaceIndexes];
 [Material <3d82ab4d-62da-11cf-ab39-0020af71e433>]
}

template Coords2d {
 <f6f23f44-7686-11cf-8f52-0040333594a3>
 FLOAT u;
 FLOAT v;
}

template MeshTextureCoords {
 <f6f23f40-7686-11cf-8f52-0040333594a3>
 DWORD nTextureCoords;
 array Coords2d textureCoords[nTextureCoords];
}

template XSkinMeshHeader {
 <3cf169ce-ff7c-44ab-93c0-f78f62d172e2>
 WORD nMaxSkinWeightsPerVertex;
 WORD nMaxSkinWeightsPerFace;
 WORD nBones;
}

template SkinWeights {
 <6f0d123b-bad2-4167-a0d0-80224f25fabb>
 STRING transformNodeName;
 DWORD nWeights;
 array DWORD vertexIndices[nWeights];
 array FLOAT weights[nWeights];
 Matrix4x4 matrixOffset;
}

template AnimTicksPerSecond {
 <9e415a43-7ba6-4a73-8743-b73d47e88476>
 DWORD AnimTicksPerSecond;
}

template Animation {
 <3d82ab4f-62da-11cf-ab39-0020af71e433>
 [...]
}

template AnimationSet {
 <3d82ab50-62da-11cf-ab39-0020af71e433>
 [Animation <3d82ab4f-62da-11cf-ab39-0020af71e433>]
}

template FloatKeys {
 <10dd46a9-775b-11cf-8f52-0040333594a3>
 DWORD nValues;
 array FLOAT values[nValues];
}

template TimedFloatKeys {
 <f406b180-7b3b-11cf-8f52-0040333594a3>
 DWORD time;
 FloatKeys tfkeys;
}

template AnimationKey {
 <10dd46a8-775b-11cf-8f52-0040333594a3>
 DWORD keyType;
 DWORD nKeys;
 array TimedFloatKeys keys[nKeys];
}


Material Standard_7_261 {
 1.000000;1.000000;1.000000;1.000000;;
 43.219280;
 0.020000;0.020000;0.020000;;
 0.000000;0.000000;0.000000;;

 TextureFilename {
  "F_Skin_body_D.dds";
 }
}

Material CL_286 {
 1.000000;1.000000;1.000000;1.000000;;
 43.219280;
 0.020000;0.020000;0.020000;;
 0.000000;0.000000;0.000000;;

 TextureFilename {
  "11400001_F_Viking_D.dds";
 }
}

Frame SceneRoot {
 

 FrameTransformMatrix {
  1.000000,0.000000,0.000000,0.000000,0.000000,1.000000,0.000000,0.000000,0.000000,0.000000,1.000000,0.000000,0.000000,0.000000,0.000000,1.000000;;
 }

 Frame Scene_Root {
  

  FrameTransformMatrix {
   0.393701,0.000000,0.000000,0.000000,0.000000,-0.000000,-0.393701,0.000000,0.000000,0.393701,-0.000000,0.000000,0.000000,0.000000,0.000000,1.000000;;
  }

  Frame Bip01 {
   

   FrameTransformMatrix {
    0.000002,0.997564,-0.069757,0.000000,-1.000000,0.000001,-0.000000,0.000000,0.000000,0.069757,0.997564,0.000000,0.013153,1.995826,45.297594,1.000000;;
   }

   Frame Bip01_Footsteps {
    

    FrameTransformMatrix {
     0.000002,-1.000000,0.000000,0.000000,0.997564,0.000002,0.069757,0.000000,-0.069757,-0.000000,0.997564,0.000000,3.162076,0.000004,-45.219155,1.000000;;
    }
   }

   Frame Bip01_Pelvis {
    

    FrameTransformMatrix {
     0.000002,-0.000000,1.000000,0.000000,-1.000000,0.000001,0.000002,0.000000,-0.000001,-1.000000,-0.000000,0.000000,0.000000,0.000000,0.000000,1.000000;;
    }

    Frame Bip01_Spine {
     

     FrameTransformMatrix {
      0.998708,-0.050824,0.000001,0.000000,0.050824,0.998708,0.000004,0.000000,-0.000001,-0.000004,1.000000,0.000000,3.672924,-0.256298,0.000005,1.000000;;
     }

     Frame Bip01_Spine1 {
      

      FrameTransformMatrix {
       0.996899,0.078688,-0.000000,0.000000,-0.078688,0.996899,0.000000,0.000000,0.000000,-0.000000,1.000000,0.000000,5.748711,0.004558,-0.000000,1.000000;;
      }

      Frame Bip01_Spine2 {
       

       FrameTransformMatrix {
        0.983435,0.181259,-0.000001,0.000000,-0.181259,0.983435,0.000000,0.000000,0.000001,0.000000,1.000000,0.000000,5.739052,0.013319,-0.000000,1.000000;;
       }

       Frame Bip01_Neck {
        

        FrameTransformMatrix {
         0.967684,-0.252167,0.000001,0.000000,0.252167,0.967684,0.000000,0.000000,-0.000001,0.000000,1.000000,0.000000,17.185211,0.674536,0.000002,1.000000;;
        }

        Frame Bip01_Head {
         

         FrameTransformMatrix {
          0.993567,0.113247,-0.000000,0.000000,-0.113247,0.993567,0.000000,0.000000,0.000000,0.000000,1.000000,0.000000,4.018608,0.785323,-0.013147,1.000000;;
         }

         Frame Bip01_HeadNub {
          

          FrameTransformMatrix {
           1.000000,-0.000000,-0.000000,0.000000,0.000000,1.000000,0.000000,0.000000,0.000000,-0.000000,1.000000,0.000000,51.565370,-0.000000,-0.000002,1.000000;;
          }
         }
        }

        Frame Bip01_L_Clavicle {
         

         FrameTransformMatrix {
          -0.307849,-0.008913,0.951393,0.000000,0.252271,-0.964930,0.072590,0.000000,0.917381,0.262356,0.299302,0.000000,-1.842407,0.188779,3.177583,1.000000;;
         }

         Frame Bip01_L_UpperArm {
          

          FrameTransformMatrix {
           0.835930,-0.092037,-0.541063,0.000000,-0.025557,0.978242,-0.205888,0.000000,0.548240,0.185936,0.815390,0.000000,7.100722,-0.000000,0.000008,1.000000;;
          }

          Frame Bip01_L_Forearm {
           

           FrameTransformMatrix {
            0.999999,0.001452,-0.000000,0.000000,-0.001452,0.999999,-0.000000,0.000000,-0.000000,0.000000,1.000000,0.000000,15.525947,0.000001,-0.000004,1.000000;;
           }

           Frame Bip01_L_Hand {
            

            FrameTransformMatrix {
             0.999650,-0.022704,0.013559,0.000000,-0.014317,-0.033570,0.999334,0.000000,-0.022233,-0.999179,-0.033883,0.000000,13.317225,-0.000000,-0.000011,1.000000;;
            }

            Frame Bip01_L_Finger0 {
             

             FrameTransformMatrix {
              0.964227,-0.152334,-0.216936,0.000000,-0.237976,-0.136966,-0.961565,0.000000,0.116766,0.978793,-0.168318,0.000000,4.856733,-2.803829,-5.612442,1.000000;;
             }

             Frame Bip01_L_Finger01 {
              

              FrameTransformMatrix {
               0.995126,-0.098614,0.000000,0.000000,0.098615,0.995126,-0.000000,0.000000,-0.000000,0.000000,1.000000,0.000000,5.339233,-0.000003,-0.000000,1.000000;;
              }
             }
            }

            Frame Bip01_L_Finger1 {
             

             FrameTransformMatrix {
              0.998363,-0.052217,-0.023341,0.000000,0.051145,0.997706,-0.044367,0.000000,0.025604,0.043100,0.998743,0.000000,10.594981,2.271393,-4.280781,1.000000;;
             }

             Frame Bip01_L_Finger11 {
              

              FrameTransformMatrix {
               0.984171,-0.177224,0.000000,0.000000,0.177224,0.984171,0.000000,0.000000,-0.000000,-0.000000,1.000000,0.000000,3.923907,0.000004,0.000002,1.000000;;
              }
             }
            }

            Frame Bip01_L_Finger2 {
             

             FrameTransformMatrix {
              0.991631,-0.128610,-0.011326,0.000000,0.128941,0.990986,0.036356,0.000000,0.006548,-0.037512,0.999275,0.000000,10.601835,2.431660,-1.008320,1.000000;;
             }

             Frame Bip01_L_Finger21 {
              

              FrameTransformMatrix {
               0.991204,-0.132344,0.000000,0.000000,0.132344,0.991204,0.000000,0.000000,-0.000000,-0.000000,1.000000,0.000000,3.983994,-0.000008,0.000002,1.000000;;
              }
             }
            }

            Frame Bip01_L_Finger3 {
             

             FrameTransformMatrix {
              0.966126,-0.257431,-0.018167,0.000000,0.258065,0.964176,0.061378,0.000000,0.001716,-0.063987,0.997950,0.000000,10.718302,2.048347,2.260054,1.000000;;
             }

             Frame Bip01_L_Finger31 {
              

              FrameTransformMatrix {
               0.987152,-0.159781,-0.000000,0.000000,0.159781,0.987152,0.000000,0.000000,0.000000,-0.000000,1.000000,0.000000,3.418411,0.000000,0.000000,1.000000;;
              }
             }
            }

            Frame Bip01_L_Finger4 {
             

             FrameTransformMatrix {
              0.944212,-0.325539,0.049878,0.000000,0.324681,0.945502,0.024659,0.000000,-0.055188,-0.007089,0.998451,0.000000,10.380748,1.781948,4.841384,1.000000;;
             }

             Frame Bip01_L_Finger41 {
              

              FrameTransformMatrix {
               0.965879,-0.258993,-0.000000,0.000000,0.258993,0.965879,0.000000,0.000000,-0.000000,-0.000000,1.000000,0.000000,3.160635,0.000004,0.000000,1.000000;;
              }
             }
            }

            Frame Weapon_Hand_L_Point {
             

             FrameTransformMatrix {
              0.039464,-0.100056,0.994199,0.000000,0.998798,-0.024994,-0.042162,0.000000,0.029067,0.994668,0.098950,0.000000,11.464726,-1.377159,-0.147706,1.000000;;
             }
            }
           }
          }

          Frame Bip01_L_ForeTwist {
           

           FrameTransformMatrix {
            0.999999,0.001452,-0.000000,0.000000,-0.001452,0.999935,0.011299,0.000000,0.000016,-0.011299,0.999936,0.000000,15.525947,0.000001,-0.000004,1.000000;;
           }

           Frame Bip01_L_ForeTwist1 {
            

            FrameTransformMatrix {
             1.000000,-0.000000,0.000000,0.000000,0.000000,0.999936,0.011299,0.000000,-0.000000,-0.011299,0.999936,0.000000,6.658619,-0.000000,0.000004,1.000000;;
            }
           }
          }

          Frame Bip01_L_UpperTwist_Bone01 {
           

           FrameTransformMatrix {
            1.000000,-0.000000,-0.000000,0.000000,0.000000,1.000000,-0.000000,0.000000,0.000000,0.000000,1.000000,0.000000,0.000015,-0.000001,-0.000015,1.000000;;
           }
          }
         }
        }

        Frame Bip01_R_Clavicle {
         

         FrameTransformMatrix {
          -0.307849,-0.008918,-0.951394,0.000000,0.252271,-0.964930,-0.072584,0.000000,-0.917381,-0.262354,0.299303,0.000000,-1.842422,0.188759,-3.177591,1.000000;;
         }

         Frame Bip01_R_UpperArm {
          

          FrameTransformMatrix {
           0.835931,-0.092037,0.541063,0.000000,-0.025557,0.978242,0.205888,0.000000,-0.548240,-0.185936,0.815390,0.000000,7.100717,-0.000001,-0.000015,1.000000;;
          }

          Frame Bip01_R_Forearm {
           

           FrameTransformMatrix {
            0.999999,0.001452,0.000000,0.000000,-0.001452,0.999999,-0.000000,0.000000,0.000000,0.000000,1.000000,0.000000,15.525952,0.000001,0.000000,1.000000;;
           }

           Frame Bip01_R_Hand {
            

            FrameTransformMatrix {
             0.999650,-0.022704,-0.013559,0.000000,-0.014317,-0.033570,-0.999334,0.000000,0.022233,0.999179,-0.033883,0.000000,13.317222,-0.000000,0.000004,1.000000;;
            }

            Frame Bip01_R_Finger0 {
             

             FrameTransformMatrix {
              0.964226,-0.152334,0.216936,0.000000,-0.237976,-0.136966,0.961566,0.000000,-0.116766,-0.978793,-0.168319,0.000000,4.856737,-2.803822,5.612442,1.000000;;
             }

             Frame Bip01_R_Finger01 {
              

              FrameTransformMatrix {
               0.995126,-0.098614,-0.000000,0.000000,0.098615,0.995126,-0.000000,0.000000,0.000000,-0.000000,1.000000,0.000000,5.339214,-0.000002,-0.000004,1.000000;;
              }
             }
            }

            Frame Bip01_R_Finger1 {
             

             FrameTransformMatrix {
              0.998363,-0.052217,0.023341,0.000000,0.051145,0.997706,0.044367,0.000000,-0.025604,-0.043100,0.998743,0.000000,10.594987,2.271396,4.280781,1.000000;;
             }

             Frame Bip01_R_Finger11 {
              

              FrameTransformMatrix {
               0.984171,-0.177224,0.000000,0.000000,0.177224,0.984170,0.000000,0.000000,-0.000000,-0.000000,1.000000,0.000000,3.923902,0.000008,-0.000001,1.000000;;
              }
             }
            }

            Frame Bip01_R_Finger2 {
             

             FrameTransformMatrix {
              0.991631,-0.128610,0.011326,0.000000,0.128941,0.990986,-0.036356,0.000000,-0.006548,0.037512,0.999275,0.000000,10.601828,2.431664,1.008321,1.000000;;
             }

             Frame Bip01_R_Finger21 {
              

              FrameTransformMatrix {
               0.991204,-0.132343,-0.000000,0.000000,0.132343,0.991204,0.000000,0.000000,0.000000,-0.000000,1.000000,0.000000,3.983998,-0.000011,-0.000002,1.000000;;
              }
             }
            }

            Frame Bip01_R_Finger3 {
             

             FrameTransformMatrix {
              0.966126,-0.257430,0.018167,0.000000,0.258065,0.964176,-0.061378,0.000000,-0.001716,0.063987,0.997950,0.000000,10.718301,2.048347,-2.260054,1.000000;;
             }

             Frame Bip01_R_Finger31 {
              

              FrameTransformMatrix {
               0.987153,-0.159781,0.000000,0.000000,0.159781,0.987153,0.000000,0.000000,-0.000000,-0.000000,1.000000,0.000000,3.418408,0.000000,-0.000000,1.000000;;
              }
             }
            }

            Frame Bip01_R_Finger4 {
             

             FrameTransformMatrix {
              0.944212,-0.325539,-0.049878,0.000000,0.324682,0.945502,-0.024659,0.000000,0.055187,0.007089,0.998451,0.000000,10.380744,1.781948,-4.841384,1.000000;;
             }

             Frame Bip01_R_Finger41 {
              

              FrameTransformMatrix {
               0.965879,-0.258994,-0.000000,0.000000,0.258994,0.965879,0.000000,0.000000,0.000000,-0.000000,1.000000,0.000000,3.160639,0.000000,0.000000,1.000000;;
              }
             }
            }

            Frame Weapon_Hand_R_Point {
             

             FrameTransformMatrix {
              -0.074295,0.100867,0.992123,0.000000,0.996813,-0.021483,0.076830,0.000000,0.029064,0.994669,-0.098949,0.000000,11.482883,-1.359406,0.123646,1.000000;;
             }
            }
           }
          }

          Frame Bip01_R_ForeTwist {
           

           FrameTransformMatrix {
            0.999999,0.001452,-0.000000,0.000000,-0.001452,0.999935,-0.011299,0.000000,-0.000016,0.011299,0.999936,0.000000,15.525952,0.000001,0.000000,1.000000;;
           }

           Frame Bip01_R_ForeTwist1 {
            

            FrameTransformMatrix {
             1.000000,0.000000,0.000000,0.000000,-0.000000,0.999936,-0.011299,0.000000,0.000000,0.011299,0.999936,0.000000,6.658611,-0.000000,0.000011,1.000000;;
            }
           }
          }

          Frame Bip01_R_UpperTwist_Bone01 {
           

           FrameTransformMatrix {
            1.000000,0.000000,-0.000001,0.000000,-0.000000,1.000000,0.000001,0.000000,0.000001,-0.000001,1.000000,0.000000,0.000008,0.000000,-0.000008,1.000000;;
           }
          }
         }
        }
       }
      }

      Frame Weapon_Back_B_Point {
       

       FrameTransformMatrix {
        0.040356,-0.997590,0.056439,0.000000,0.641886,0.069172,0.763674,0.000000,-0.765738,0.005409,0.643130,0.000000,6.044247,14.009642,3.010172,1.000000;;
       }
      }

      Frame Weapon_Back_R_Point {
       

       FrameTransformMatrix {
        -0.040305,-0.993898,0.102682,0.000000,-0.485235,0.109303,0.867525,0.000000,-0.873455,-0.014859,-0.486679,0.000000,22.008541,10.240378,-28.863229,1.000000;;
       }
      }
     }
    }

    Frame Bip01_L_Thigh {
     

     FrameTransformMatrix {
      -0.997055,0.052067,0.056309,0.000000,0.051801,0.998638,-0.006171,0.000000,-0.056553,-0.003236,-0.998395,0.000000,-0.000011,-0.000013,7.749225,1.000000;;
     }

     Frame Bip01_L_Calf {
      

      FrameTransformMatrix {
       0.999627,0.027315,-0.000000,0.000000,-0.027315,0.999627,-0.000000,0.000000,0.000000,0.000000,1.000000,0.000000,22.080990,-0.000000,0.000002,1.000000;;
      }

      Frame Bip01_L_Foot {
       

       FrameTransformMatrix {
        0.987421,-0.147811,0.056152,0.000000,0.146646,0.988889,0.024354,0.000000,-0.059128,-0.015813,0.998125,0.000000,14.997723,-0.000001,-0.000002,1.000000;;
       }

       Frame Bip01_L_Toe0 {
        

        FrameTransformMatrix {
         -0.000000,-1.000000,-0.000000,0.000000,1.000001,-0.000000,-0.000000,0.000000,0.000000,-0.000000,1.000000,0.000000,8.640068,-6.144474,0.000001,1.000000;;
        }
       }
      }

      Frame L_Calf_Point01 {
       

       FrameTransformMatrix {
        0.987262,-0.148879,0.056111,0.000000,0.147711,0.988729,0.024430,0.000000,-0.059116,-0.015831,0.998126,0.000000,12.996121,0.544428,-1.375638,1.000000;;
       }
      }
     }
    }

    Frame Bip01_R_Thigh {
     

     FrameTransformMatrix {
      -0.997055,0.052067,-0.056311,0.000000,0.051801,0.998638,0.006174,0.000000,0.056556,0.003238,-0.998394,0.000000,0.000011,0.000008,-7.749222,1.000000;;
     }

     Frame Bip01_R_Calf {
      

      FrameTransformMatrix {
       0.999627,0.027315,-0.000000,0.000000,-0.027315,0.999627,-0.000000,0.000000,0.000000,0.000000,1.000000,0.000000,22.080987,0.000000,0.000000,1.000000;;
      }

      Frame Bip01_R_Foot {
       

       FrameTransformMatrix {
        0.987420,-0.147811,-0.056152,0.000000,0.146646,0.988889,-0.024354,0.000000,0.059128,0.015813,0.998125,0.000000,14.997717,-0.000000,-0.000001,1.000000;;
       }

       Frame Bip01_R_Toe0 {
        

        FrameTransformMatrix {
         -0.000000,-1.000000,-0.000000,0.000000,1.000000,-0.000000,-0.000000,0.000000,0.000000,-0.000000,1.000000,0.000000,8.640069,-6.144474,-0.000001,1.000000;;
        }
       }
      }

      Frame R_Calf_Point01 {
       

       FrameTransformMatrix {
        0.987418,-0.147839,-0.056125,0.000000,0.146677,0.988886,-0.024316,0.000000,0.059096,0.015778,0.998128,0.000000,12.995918,0.544456,1.372131,1.000000;;
       }
      }
     }
    }

    Frame Weapon_Side_L_Point {
     

     FrameTransformMatrix {
      -0.395956,-0.031511,-0.917729,0.000000,-0.496463,0.848098,0.185080,0.000000,0.772492,0.528902,-0.351454,0.000000,3.514828,-8.649693,15.920971,1.000000;;
     }
    }

    Frame Weapon_Side_R_Point {
     

     FrameTransformMatrix {
      0.375618,0.017156,-0.926616,0.000000,-0.498300,0.846749,-0.186317,0.000000,0.781414,0.531717,0.326603,0.000000,3.401978,-8.603474,-15.780382,1.000000;;
     }
    }
   }

   Frame EFF_Lock_D {
    

    FrameTransformMatrix {
     0.997581,0.000000,0.069521,0.000000,-0.000000,1.000000,0.000000,0.000000,-0.069521,-0.000000,0.997581,0.000000,1.168878,0.013154,-45.326458,1.000000;;
    }
   }

   Frame Move_Link_D {
    

    FrameTransformMatrix {
     0.997564,-0.000000,0.069757,0.000000,0.000000,1.000000,-0.000000,0.000000,-0.069757,0.000000,0.997564,0.000000,0.748200,0.000001,-10.699604,1.000000;;
    }

    Frame EFF_Move_D {
     

     FrameTransformMatrix {
      1.000000,0.000001,-0.000000,0.000000,-0.000001,1.000000,0.000000,0.000000,0.000000,-0.000000,1.000000,0.000000,-1.706174,0.013154,-34.571846,1.000000;;
     }
    }
   }

   Frame SATA9NI_Link_Point02 {
    

    FrameTransformMatrix {
     -0.997564,-0.000001,-0.069756,0.000000,0.069756,0.000000,-0.997564,0.000000,0.000001,-1.000000,-0.000000,0.000000,0.434791,0.010962,-41.792880,1.000000;;
    }
   }

   Frame SATA9NI_Bone01 {
    

    FrameTransformMatrix {
     0.035253,-0.000053,-0.999379,0.000000,0.999378,-0.000001,0.035253,0.000000,-0.000003,-1.000000,0.000052,0.000000,-1.034301,0.013151,-0.145496,1.000000;;
    }
   }

   Frame SATA9NI_Lock_Dummy01 {
    

    FrameTransformMatrix {
     0.000002,-1.000000,0.000000,0.000000,0.997564,0.000002,0.069757,0.000000,-0.069757,-0.000000,0.997564,0.000000,1.168831,0.013159,-45.326467,1.000000;;
    }
   }
  }

  Frame CP {
   

   FrameTransformMatrix {
    1.000000,0.000000,0.000000,0.000000,0.000000,1.000000,0.000000,0.000000,0.000000,0.000000,1.000000,0.000000,0.000000,-0.000000,0.000046,1.000000;;
   }
  }

  Frame GL {
   

   FrameTransformMatrix {
    1.000000,0.000000,0.000000,0.000000,0.000000,1.000000,0.000000,0.000000,0.000000,0.000000,1.000000,0.000000,0.000000,0.000000,0.000000,1.000000;;
   }
  }

  Frame CL {
   

   FrameTransformMatrix {
    1.000000,0.000000,0.000000,0.000000,0.000000,1.000000,0.000000,0.000000,0.000000,0.000000,1.000000,0.000000,0.000001,0.000000,0.000000,1.000000;;
   }

   Frame CL_0 {
    

    FrameTransformMatrix {
     1.000000,0.000000,0.000000,0.000000,0.000000,1.000000,0.000000,0.000000,0.000000,0.000000,1.000000,0.000000,0.000000,0.000000,0.000000,1.000000;;
    }
   }

   Frame CL_1 {
    

    FrameTransformMatrix {
     1.000000,0.000000,0.000000,0.000000,0.000000,1.000000,0.000000,0.000000,0.000000,0.000000,1.000000,0.000000,0.000000,0.000000,0.000000,1.000000;;
    }
   }
  }

  Frame PA {
   

   FrameTransformMatrix {
    1.000000,0.000000,0.000000,0.000000,0.000000,1.000000,0.000000,0.000000,0.000000,0.000000,1.000000,0.000000,0.000000,0.000000,0.000000,1.000000;;
   }
  }
 }

 Frame CL_0_ {
  

  FrameTransformMatrix {
   0.393701,0.000000,0.000000,0.000000,0.000000,-0.000000,-0.393701,0.000000,0.000000,0.393701,-0.000000,0.000000,0.000000,0.000000,0.000000,1.000000;;
  }

  Mesh CL_0_ {
   330;
   21.295835;-2.651296;53.711053;,
   24.222426;0.981354;49.807136;,
   24.140114;-2.873006;49.843354;,
   22.655678;-5.543231;54.969274;,
   24.140114;-2.873006;49.843354;,
   25.491254;-5.940518;51.078538;,
   25.395086;1.054744;47.967299;,
   25.276306;-3.087204;48.009667;,
   25.306184;4.364951;50.996560;,
   26.467922;4.725927;49.136154;,
   22.454928;3.573607;54.888045;,
   28.351306;4.107937;53.398842;,
   29.782666;4.356024;51.889030;,
   30.801814;1.132421;52.931939;,
   29.421482;1.133180;54.503904;,
   30.898560;-2.671633;52.925667;,
   25.181061;3.779682;57.046656;,
   29.569261;-2.530613;54.559808;,
   19.400141;2.654351;59.287360;,
   26.398024;1.121404;58.184429;,
   21.374656;0.696538;53.686742;,
   18.200907;-2.250623;58.186182;,
   18.247269;0.437246;58.168390;,
   16.728168;-2.312645;60.019238;,
   16.833022;0.353253;60.079398;,
   12.540874;-2.159837;65.109984;,
   12.624733;0.390708;65.162323;,
   11.283061;-2.190974;66.604877;,
   11.310280;0.400065;66.637114;,
   17.993984;2.548387;61.098630;,
   13.606405;2.470488;66.368698;,
   11.879686;2.520341;67.823379;,
   15.965397;3.091793;68.241651;,
   13.115902;3.253124;70.891450;,
   14.293437;1.196364;72.453581;,
   20.127382;2.966880;63.004333;,
   17.063957;0.985589;69.303040;,
   14.548579;-1.394986;72.966534;,
   21.621326;2.879559;61.129939;,
   21.169738;0.876051;64.101709;,
   17.449810;-1.655205;69.300672;,
   13.646294;-3.212329;71.879136;,
   22.802610;0.774569;62.261651;,
   21.550709;-1.749367;64.087603;,
   16.310283;-3.481071;68.402803;,
   12.328502;-3.842827;69.475558;,
   20.134510;-3.901351;63.024218;,
   14.283405;-3.934403;66.661146;,
   11.283061;-2.190974;66.604877;,
   12.540874;-2.159837;65.109984;,
   18.156906;-4.123785;61.445050;,
   16.728168;-2.312645;60.019238;,
   18.791712;-4.338634;60.461632;,
   18.200907;-2.250623;58.186182;,
   20.879357;-4.137366;62.097434;,
   19.494966;-4.416582;59.456595;,
   23.061496;-1.865012;62.344179;,
   21.622598;-4.232890;61.162650;,
   21.295835;-2.651296;53.711053;,
   26.629218;-6.053879;49.201606;,
   25.276306;-3.087204;48.009667;,
   29.803718;-5.713638;51.903818;,
   28.374486;-5.733523;53.373030;,
   25.163976;-5.163473;57.045402;,
   26.692595;-2.071464;58.273030;,
   -8.721609;7.819559;67.558771;,
   -8.700129;6.471783;69.933466;,
   -7.289579;7.085947;70.815328;,
   -10.089672;4.527050;68.970893;,
   -10.289873;5.113944;67.029382;,
   -9.396382;5.492469;64.303654;,
   -8.452993;8.042919;64.500096;,
   -10.059302;2.736952;66.819968;,
   -10.724632;2.755155;67.915277;,
   -10.582303;0.443935;66.593088;,
   -10.289147;0.462114;66.143699;,
   -9.298704;-1.995779;66.502278;,
   -9.101694;-1.812060;66.085958;,
   -7.466938;-2.617255;66.443840;,
   -9.801182;0.560993;64.191904;,
   -8.156462;-1.452871;64.166182;,
   -6.486949;-2.949744;66.412576;,
   -9.944859;2.765348;64.117971;,
   -8.361368;0.361726;61.548659;,
   -9.449768;2.887695;61.552198;,
   -6.195088;-1.408494;61.542726;,
   -8.154852;6.798230;61.546573;,
   -3.097545;-2.593512;61.543898;,
   -2.857766;-3.711954;66.356710;,
   -4.313424;10.512266;62.097126;,
   0.000000;-2.368129;61.545069;,
   -3.892215;10.907960;64.569158;,
   0.000000;-3.440173;66.365197;,
   0.000000;10.805330;62.095603;,
   2.857767;-3.711954;66.356710;,
   0.000000;11.274377;64.542246;,
   3.097545;-2.593512;61.543898;,
   3.892215;10.907960;64.569158;,
   6.486950;-2.949745;66.412576;,
   4.313426;10.512266;62.097126;,
   6.195089;-1.408494;61.542726;,
   8.452994;8.042918;64.500096;,
   8.154852;6.798230;61.546573;,
   8.156464;-1.452871;64.166182;,
   7.466940;-2.617255;66.443840;,
   8.361368;0.361726;61.548659;,
   9.101695;-1.812061;66.085958;,
   9.298705;-1.995779;66.502278;,
   9.801182;0.560993;64.191904;,
   10.289147;0.462114;66.143699;,
   10.582303;0.443935;66.593088;,
   9.944861;2.765347;64.117971;,
   9.449768;2.887695;61.552198;,
   10.059302;2.736952;66.819968;,
   10.724631;2.755155;67.915277;,
   10.089673;4.527050;68.970893;,
   9.396383;5.492469;64.303654;,
   8.721610;7.819559;67.558771;,
   10.289874;5.113944;67.029382;,
   8.700130;6.471783;69.933466;,
   7.289578;7.085947;70.815328;,
   -25.395093;1.054744;47.967296;,
   -24.140120;-2.873007;49.843360;,
   -25.276310;-3.087204;48.009658;,
   -24.222435;0.981354;49.807139;,
   -21.295837;-2.651297;53.711053;,
   -25.306194;4.364952;50.996550;,
   -26.467934;4.725927;49.136154;,
   -21.374664;0.696537;53.686746;,
   -18.200917;-2.250624;58.186189;,
   -22.454933;3.573608;54.888064;,
   -28.351309;4.107939;53.398845;,
   -29.782682;4.356025;51.889030;,
   -30.801824;1.132422;52.931930;,
   -29.421485;1.133182;54.503910;,
   -30.898576;-2.671632;52.925658;,
   -25.181064;3.779683;57.046662;,
   -19.400150;2.654351;59.287366;,
   -26.398027;1.121404;58.184442;,
   -18.247277;0.437245;58.168410;,
   -16.728178;-2.312644;60.019251;,
   -16.833032;0.353254;60.079398;,
   -12.540881;-2.159837;65.109984;,
   -12.624741;0.390708;65.162336;,
   -11.283065;-2.190974;66.604877;,
   -11.310284;0.400066;66.637114;,
   -17.993995;2.548388;61.098643;,
   -13.606413;2.470489;66.368698;,
   -11.879691;2.520341;67.823373;,
   -15.965403;3.091794;68.241651;,
   -13.115910;3.253125;70.891456;,
   -14.293443;1.196365;72.453574;,
   -20.127389;2.966881;63.004358;,
   -17.063963;0.985590;69.303040;,
   -14.548586;-1.394986;72.966528;,
   -21.621338;2.879559;61.129952;,
   -21.169746;0.876052;64.101722;,
   -22.802619;0.774569;62.261658;,
   -26.692598;-2.071465;58.273043;,
   -21.550717;-1.749366;64.087603;,
   -29.569267;-2.530613;54.559808;,
   -23.061506;-1.865012;62.344198;,
   -28.374486;-5.733525;53.373040;,
   -29.803725;-5.713638;51.903808;,
   -25.163979;-5.163474;57.045408;,
   -25.491261;-5.940519;51.078534;,
   -26.629229;-6.053880;49.201600;,
   -24.140120;-2.873007;49.843360;,
   -25.276310;-3.087204;48.009658;,
   -22.655682;-5.543232;54.969286;,
   -21.295837;-2.651297;53.711053;,
   -18.200917;-2.250624;58.186189;,
   -21.622606;-4.232890;61.162669;,
   -19.494976;-4.416582;59.456608;,
   -20.879368;-4.137366;62.097446;,
   -18.791723;-4.338635;60.461638;,
   -16.728178;-2.312644;60.019251;,
   -20.134523;-3.901350;63.024224;,
   -18.156917;-4.123784;61.445069;,
   -12.540881;-2.159837;65.109984;,
   -14.283411;-3.934403;66.661146;,
   -11.283065;-2.190974;66.604877;,
   -12.328508;-3.842827;69.475539;,
   -16.310291;-3.481071;68.402803;,
   -13.646301;-3.212329;71.879130;,
   -17.449816;-1.655205;69.300672;,
   -13.646301;-3.212329;71.879130;,
   -12.668297;-1.177240;75.248262;,
   -14.548586;-1.394986;72.966528;,
   -11.998750;-3.230474;74.124998;,
   -10.043118;-1.032480;76.592307;,
   -6.896730;-3.315008;76.174950;,
   -6.725094;-0.983993;77.383917;,
   -9.727062;-3.252961;75.404512;,
   -7.566397;-4.407830;71.243616;,
   -9.686558;-4.134480;71.075949;,
   -7.466938;-2.617255;66.443840;,
   -9.298704;-1.995779;66.502278;,
   -11.068714;-3.932501;70.550726;,
   -12.328508;-3.842827;69.475539;,
   -10.851544;-2.162851;66.857325;,
   -11.283065;-2.190974;66.604877;,
   -11.310284;0.400066;66.637114;,
   -10.582303;0.443935;66.593088;,
   -11.029717;0.448030;66.670061;,
   -11.879691;2.520341;67.823373;,
   -11.129078;2.588147;68.099059;,
   -10.724632;2.755155;67.915277;,
   -13.115910;3.253125;70.891456;,
   -11.183078;3.666706;71.314592;,
   -9.808410;4.026015;71.586675;,
   -10.089672;4.527050;68.970893;,
   -8.700129;6.471783;69.933466;,
   -7.099903;5.068988;73.918157;,
   -7.289579;7.085947;70.815328;,
   -9.752608;3.436983;73.772096;,
   -6.711259;1.496764;76.904282;,
   -11.385318;3.346087;72.564038;,
   -9.846081;1.556946;76.171674;,
   -6.725094;-0.983993;77.383917;,
   -10.043118;-1.032480;76.592307;,
   -12.586686;1.503497;74.929536;,
   -12.668297;-1.177240;75.248262;,
   -14.293443;1.196365;72.453574;,
   -14.548586;-1.394986;72.966528;,
   12.668295;-1.177240;75.248269;,
   13.646294;-3.212329;71.879136;,
   14.548579;-1.394986;72.966534;,
   11.998753;-3.230473;74.124998;,
   10.043122;-1.032479;76.592314;,
   6.896735;-3.315006;76.174950;,
   6.725103;-0.983990;77.383917;,
   9.727066;-3.252961;75.404531;,
   7.566398;-4.407831;71.243616;,
   9.686556;-4.134480;71.075942;,
   7.466940;-2.617255;66.443840;,
   9.298705;-1.995779;66.502278;,
   11.068710;-3.932501;70.550726;,
   12.328502;-3.842827;69.475558;,
   10.851542;-2.162851;66.857325;,
   11.283061;-2.190974;66.604877;,
   11.310280;0.400065;66.637114;,
   10.582303;0.443935;66.593088;,
   11.029715;0.448030;66.670061;,
   11.879686;2.520341;67.823379;,
   11.129077;2.588147;68.099059;,
   10.724631;2.755155;67.915277;,
   13.115902;3.253124;70.891450;,
   11.183075;3.666705;71.314598;,
   9.808409;4.026014;71.586675;,
   10.089673;4.527050;68.970893;,
   8.700130;6.471783;69.933466;,
   7.289578;7.085947;70.815328;,
   7.099902;5.068988;73.918157;,
   9.752610;3.436984;73.772102;,
   6.711267;1.496767;76.904294;,
   11.385316;3.346087;72.564051;,
   9.846085;1.556947;76.171693;,
   6.725103;-0.983990;77.383917;,
   10.043122;-1.032479;76.592314;,
   12.586685;1.503498;74.929536;,
   14.293437;1.196364;72.453581;,
   12.668295;-1.177240;75.248269;,
   14.548579;-1.394986;72.966534;,
   -4.639296;9.755228;52.891440;,
   0.000000;10.695290;57.161536;,
   0.000000;10.532742;52.505910;,
   4.639296;9.755228;52.891440;,
   -4.435794;10.101364;57.277190;,
   -8.793986;6.410487;53.671229;,
   4.435795;10.101364;57.277190;,
   8.793986;6.410486;53.671229;,
   0.000000;10.805330;62.095603;,
   -4.313424;10.512266;62.097126;,
   4.313426;10.512266;62.097126;,
   -8.154852;6.798230;61.546573;,
   8.154852;6.798230;61.546573;,
   -7.892318;6.604356;57.735379;,
   -10.141777;2.813880;54.230048;,
   -8.663555;3.034680;58.223654;,
   -9.449768;2.887695;61.552198;,
   -8.804358;-0.415170;54.466022;,
   -7.718094;0.284500;58.388595;,
   -8.361368;0.361726;61.548659;,
   -6.195088;-1.408494;61.542726;,
   -5.615239;-1.140380;58.369645;,
   -6.269273;-2.762012;54.633440;,
   -2.946300;-2.181624;58.426131;,
   -3.097545;-2.593512;61.543898;,
   -3.132906;-3.655754;54.634618;,
   0.000001;-1.812467;58.482605;,
   0.000000;-2.368129;61.545069;,
   0.000001;-3.146552;54.584486;,
   3.097545;-2.593512;61.543898;,
   3.132907;-3.655754;54.634618;,
   2.946301;-2.181624;58.426131;,
   6.195089;-1.408494;61.542726;,
   6.269274;-2.762013;54.633440;,
   5.615240;-1.140380;58.369645;,
   8.804359;-0.415170;54.466022;,
   7.718096;0.284500;58.388595;,
   8.361368;0.361726;61.548659;,
   9.449768;2.887695;61.552198;,
   8.663555;3.034680;58.223654;,
   10.141777;2.823523;54.231059;,
   7.892319;6.604356;57.735379;,
   0.000000;-2.932820;81.741920;,
   2.537846;-0.464179;84.039981;,
   0.000000;-2.643647;84.574918;,
   -2.537846;-0.464179;84.039981;,
   2.519105;-0.677168;81.443750;,
   3.046060;1.896331;83.277581;,
   -2.519104;-0.677168;81.443750;,
   -3.046059;1.896331;83.277581;,
   0.000000;-3.191002;79.855334;,
   -2.986638;-0.880109;79.570694;,
   2.986638;-0.880109;79.570694;,
   -3.082544;1.594617;80.722336;,
   -3.605305;1.434521;78.580742;,
   -1.849861;3.683302;82.627898;,
   -1.778793;3.508902;80.052026;,
   -2.194000;3.443069;76.977274;,
   0.000000;4.542786;82.332915;,
   0.000000;4.428234;79.600262;,
   0.000000;4.313682;76.867622;,
   2.194000;3.443069;76.977274;,
   1.778793;3.508902;80.052026;,
   1.849861;3.683302;82.627898;,
   3.605305;1.434520;78.580742;,
   3.082545;1.594617;80.722336;;
   460;
   3;0,1,2;,
   3;3,4,5;,
   3;2,6,7;,
   3;6,2,1;,
   3;8,6,1;,
   3;6,8,9;,
   3;1,10,8;,
   3;11,9,8;,
   3;10,11,8;,
   3;9,11,12;,
   3;11,13,12;,
   3;13,11,14;,
   3;14,15,13;,
   3;16,14,11;,
   3;11,10,16;,
   3;15,14,17;,
   3;18,16,10;,
   3;14,16,19;,
   3;20,18,10;,
   3;10,1,20;,
   3;1,0,20;,
   3;21,20,0;,
   3;20,21,22;,
   3;18,20,22;,
   3;23,22,21;,
   3;22,23,24;,
   3;24,18,22;,
   3;25,24,23;,
   3;24,25,26;,
   3;27,26,25;,
   3;26,27,28;,
   3;26,29,24;,
   3;18,24,29;,
   3;28,30,26;,
   3;29,26,30;,
   3;30,28,31;,
   3;31,32,30;,
   3;32,29,30;,
   3;32,31,33;,
   3;34,32,33;,
   3;29,32,35;,
   3;35,18,29;,
   3;32,34,36;,
   3;36,35,32;,
   3;37,36,34;,
   3;18,35,38;,
   3;16,18,38;,
   3;38,19,16;,
   3;35,36,39;,
   3;39,38,35;,
   3;36,37,40;,
   3;40,39,36;,
   3;41,40,37;,
   3;38,39,42;,
   3;19,38,42;,
   3;39,40,43;,
   3;43,42,39;,
   3;40,41,44;,
   3;45,44,41;,
   3;46,40,44;,
   3;40,46,43;,
   3;44,45,47;,
   3;47,46,44;,
   3;48,47,45;,
   3;47,48,49;,
   3;49,50,47;,
   3;46,47,50;,
   3;50,49,51;,
   3;51,52,50;,
   3;52,46,50;,
   3;51,53,52;,
   3;46,52,54;,
   3;54,43,46;,
   3;52,53,55;,
   3;55,54,52;,
   3;54,56,43;,
   3;42,43,56;,
   3;54,55,57;,
   3;56,54,57;,
   3;53,3,55;,
   3;3,57,55;,
   3;3,53,58;,
   3;4,3,58;,
   3;59,4,60;,
   3;4,59,5;,
   3;61,5,59;,
   3;5,61,62;,
   3;62,3,5;,
   3;15,62,61;,
   3;62,15,17;,
   3;3,62,63;,
   3;17,63,62;,
   3;57,3,63;,
   3;63,17,64;,
   3;64,57,63;,
   3;14,64,17;,
   3;57,64,56;,
   3;64,14,19;,
   3;64,42,56;,
   3;42,64,19;,
   3;65,66,67;,
   3;65,68,66;,
   3;68,65,69;,
   3;65,70,69;,
   3;70,65,71;,
   3;72,68,69;,
   3;70,72,69;,
   3;68,72,73;,
   3;73,72,74;,
   3;74,72,75;,
   3;75,76,74;,
   3;76,75,77;,
   3;78,76,77;,
   3;72,79,75;,
   3;79,77,75;,
   3;78,77,80;,
   3;77,79,80;,
   3;80,81,78;,
   3;79,72,82;,
   3;72,70,82;,
   3;82,83,79;,
   3;83,80,79;,
   3;83,82,84;,
   3;70,84,82;,
   3;80,83,85;,
   3;81,80,85;,
   3;84,70,86;,
   3;87,81,85;,
   3;71,86,70;,
   3;81,87,88;,
   3;71,89,86;,
   3;90,88,87;,
   3;89,71,91;,
   3;88,90,92;,
   3;91,93,89;,
   3;90,94,92;,
   3;93,91,95;,
   3;94,90,96;,
   3;97,93,95;,
   3;96,98,94;,
   3;93,97,99;,
   3;98,96,100;,
   3;101,99,97;,
   3;99,101,102;,
   3;98,100,103;,
   3;103,104,98;,
   3;105,103,100;,
   3;104,103,106;,
   3;104,106,107;,
   3;103,105,108;,
   3;108,106,103;,
   3;107,106,109;,
   3;106,108,109;,
   3;109,110,107;,
   3;105,111,108;,
   3;111,105,112;,
   3;108,113,109;,
   3;110,109,113;,
   3;113,108,111;,
   3;114,110,113;,
   3;115,114,113;,
   3;116,113,111;,
   3;112,116,111;,
   3;116,112,102;,
   3;101,116,102;,
   3;117,116,101;,
   3;113,116,118;,
   3;116,117,118;,
   3;113,118,115;,
   3;117,115,118;,
   3;115,117,119;,
   3;117,120,119;,
   3;121,122,123;,
   3;122,121,124;,
   3;124,125,122;,
   3;121,126,124;,
   3;126,121,127;,
   3;125,124,128;,
   3;128,129,125;,
   3;130,124,126;,
   3;124,130,128;,
   3;127,131,126;,
   3;131,130,126;,
   3;131,127,132;,
   3;133,131,132;,
   3;131,133,134;,
   3;135,134,133;,
   3;130,131,136;,
   3;134,136,131;,
   3;136,137,130;,
   3;137,128,130;,
   3;136,134,138;,
   3;128,137,139;,
   3;129,128,139;,
   3;139,140,129;,
   3;140,139,141;,
   3;137,141,139;,
   3;141,142,140;,
   3;142,141,143;,
   3;143,144,142;,
   3;144,143,145;,
   3;146,143,141;,
   3;141,137,146;,
   3;147,145,143;,
   3;143,146,147;,
   3;145,147,148;,
   3;149,148,147;,
   3;146,149,147;,
   3;148,149,150;,
   3;149,151,150;,
   3;149,146,152;,
   3;137,152,146;,
   3;151,149,153;,
   3;152,153,149;,
   3;153,154,151;,
   3;152,137,155;,
   3;137,136,155;,
   3;138,155,136;,
   3;155,156,152;,
   3;153,152,156;,
   3;155,138,157;,
   3;156,155,157;,
   3;158,157,138;,
   3;134,158,138;,
   3;157,159,156;,
   3;158,134,160;,
   3;134,135,160;,
   3;157,158,161;,
   3;159,157,161;,
   3;135,162,160;,
   3;162,135,163;,
   3;164,160,162;,
   3;160,164,158;,
   3;163,165,162;,
   3;165,163,166;,
   3;167,166,168;,
   3;166,167,165;,
   3;169,162,165;,
   3;167,169,165;,
   3;162,169,164;,
   3;169,167,170;,
   3;171,169,170;,
   3;169,172,164;,
   3;172,158,164;,
   3;158,172,161;,
   3;172,169,173;,
   3;169,171,173;,
   3;161,172,174;,
   3;173,174,172;,
   3;174,159,161;,
   3;175,173,171;,
   3;174,173,175;,
   3;176,175,171;,
   3;174,177,159;,
   3;175,177,174;,
   3;176,178,175;,
   3;177,175,178;,
   3;179,178,176;,
   3;178,179,180;,
   3;180,177,178;,
   3;181,180,179;,
   3;180,181,182;,
   3;182,183,180;,
   3;177,180,183;,
   3;183,182,184;,
   3;185,177,183;,
   3;184,185,183;,
   3;177,185,159;,
   3;185,184,154;,
   3;185,156,159;,
   3;154,153,185;,
   3;156,185,153;,
   3;186,187,188;,
   3;187,186,189;,
   3;189,190,187;,
   3;190,191,192;,
   3;191,190,193;,
   3;190,189,193;,
   3;193,194,191;,
   3;194,193,195;,
   3;189,195,193;,
   3;195,196,194;,
   3;196,195,197;,
   3;195,189,198;,
   3;198,197,195;,
   3;186,198,189;,
   3;198,186,199;,
   3;197,198,200;,
   3;199,200,198;,
   3;200,199,201;,
   3;202,200,201;,
   3;200,203,197;,
   3;200,202,204;,
   3;203,200,204;,
   3;205,204,202;,
   3;206,203,204;,
   3;204,205,206;,
   3;203,206,207;,
   3;208,206,205;,
   3;209,207,206;,
   3;206,208,209;,
   3;207,209,210;,
   3;207,210,211;,
   3;210,212,211;,
   3;212,213,214;,
   3;212,210,215;,
   3;212,215,213;,
   3;209,215,210;,
   3;215,216,213;,
   3;215,209,217;,
   3;209,208,217;,
   3;216,215,218;,
   3;218,219,216;,
   3;219,218,220;,
   3;215,221,218;,
   3;221,220,218;,
   3;221,215,217;,
   3;208,221,217;,
   3;220,221,222;,
   3;221,208,223;,
   3;221,224,222;,
   3;224,221,223;,
   3;225,226,227;,
   3;226,225,228;,
   3;229,228,225;,
   3;230,229,231;,
   3;229,230,232;,
   3;228,229,232;,
   3;233,232,230;,
   3;232,233,234;,
   3;234,228,232;,
   3;235,234,233;,
   3;234,235,236;,
   3;228,234,237;,
   3;236,237,234;,
   3;237,226,228;,
   3;226,237,238;,
   3;237,236,239;,
   3;239,238,237;,
   3;238,239,240;,
   3;239,241,240;,
   3;242,239,236;,
   3;241,239,243;,
   3;239,242,243;,
   3;243,244,241;,
   3;242,245,243;,
   3;244,243,245;,
   3;245,242,246;,
   3;245,247,244;,
   3;246,248,245;,
   3;247,245,248;,
   3;248,246,249;,
   3;246,250,249;,
   3;249,250,251;,
   3;251,252,253;,
   3;251,254,249;,
   3;251,253,254;,
   3;254,248,249;,
   3;255,254,253;,
   3;248,254,256;,
   3;248,256,247;,
   3;254,255,257;,
   3;258,257,255;,
   3;257,258,259;,
   3;254,260,256;,
   3;260,254,257;,
   3;260,247,256;,
   3;259,260,257;,
   3;247,260,261;,
   3;260,259,262;,
   3;260,263,261;,
   3;263,260,262;,
   3;264,265,266;,
   3;265,267,266;,
