xof 0303txt 0032
template ColorRGBA {
 <35ff44e0-6c7c-11cf-8f52-0040333594a3>
 FLOAT red;
 FLOAT green;
 FLOAT blue;
 FLOAT alpha;
}

template ColorRGB {
 <d3e16e81-7835-11cf-8f52-0040333594a3>
 FLOAT red;
 FLOAT green;
 FLOAT blue;
}

template Material {
 <3d82ab4d-62da-11cf-ab39-0020af71e433>
 ColorRGBA faceColor;
 FLOAT power;
 ColorRGB specularColor;
 ColorRGB emissiveColor;
 [...]
}

template TextureFilename {
 <a42790e1-7810-11cf-8f52-0040333594a3>
 STRING filename;
}

template Frame {
 <3d82ab46-62da-11cf-ab39-0020af71e433>
 [...]
}

template Matrix4x4 {
 <f6f23f45-7686-11cf-8f52-0040333594a3>
 array FLOAT matrix[16];
}

template FrameTransformMatrix {
 <f6f23f41-7686-11cf-8f52-0040333594a3>
 Matrix4x4 frameMatrix;
}

template Vector {
 <3d82ab5e-62da-11cf-ab39-0020af71e433>
 FLOAT x;
 FLOAT y;
 FLOAT z;
}

template MeshFace {
 <3d82ab5f-62da-11cf-ab39-0020af71e433>
 DWORD nFaceVertexIndices;
 array DWORD faceVertexIndices[nFaceVertexIndices];
}

template Mesh {
 <3d82ab44-62da-11cf-ab39-0020af71e433>
 DWORD nVertices;
 array Vector vertices[nVertices];
 DWORD nFaces;
 array MeshFace faces[nFaces];
 [...]
}

template MeshNormals {
 <f6f23f43-7686-11cf-8f52-0040333594a3>
 DWORD nNormals;
 array Vector normals[nNormals];
 DWORD nFaceNormals;
 array MeshFace faceNormals[nFaceNormals];
}

template MeshMaterialList {
 <f6f23f42-7686-11cf-8f52-0040333594a3>
 DWORD nMaterials;
 DWORD nFaceIndexes;
 array DWORD faceIndexes[nFaceIndexes];
 [Material <3d82ab4d-62da-11cf-ab39-0020af71e433>]
}

template Coords2d {
 <f6f23f44-7686-11cf-8f52-0040333594a3>
 FLOAT u;
 FLOAT v;
}

template MeshTextureCoords {
 <f6f23f40-7686-11cf-8f52-0040333594a3>
 DWORD nTextureCoords;
 array Coords2d textureCoords[nTextureCoords];
}

template XSkinMeshHeader {
 <3cf169ce-ff7c-44ab-93c0-f78f62d172e2>
 WORD nMaxSkinWeightsPerVertex;
 WORD nMaxSkinWeightsPerFace;
 WORD nBones;
}

template SkinWeights {
 <6f0d123b-bad2-4167-a0d0-80224f25fabb>
 STRING transformNodeName;
 DWORD nWeights;
 array DWORD vertexIndices[nWeights];
 array FLOAT weights[nWeights];
 Matrix4x4 matrixOffset;
}

template AnimTicksPerSecond {
 <9e415a43-7ba6-4a73-8743-b73d47e88476>
 DWORD AnimTicksPerSecond;
}

template Animation {
 <3d82ab4f-62da-11cf-ab39-0020af71e433>
 [...]
}

template AnimationSet {
 <3d82ab50-62da-11cf-ab39-0020af71e433>
 [Animation <3d82ab4f-62da-11cf-ab39-0020af71e433>]
}

template FloatKeys {
 <10dd46a9-775b-11cf-8f52-0040333594a3>
 DWORD nValues;
 array FLOAT values[nValues];
}

template TimedFloatKeys {
 <f406b180-7b3b-11cf-8f52-0040333594a3>
 DWORD time;
 FloatKeys tfkeys;
}

template AnimationKey {
 <10dd46a8-775b-11cf-8f52-0040333594a3>
 DWORD keyType;
 DWORD nKeys;
 array TimedFloatKeys keys[nKeys];
}


Material _11700225_C_RedLineSocksSneakers_195 {
 1.000000;1.000000;1.000000;1.000000;;
 43.219280;
 0.020000;0.020000;0.020000;;
 0.000000;0.000000;0.000000;;

 TextureFilename {
  "11700225_C_RedLineSocksSneakers_D.dds";
 }
}

Material _11700225_C_RedLineSocksSneakers_215 {
 1.000000;1.000000;1.000000;1.000000;;
 43.219280;
 0.020000;0.020000;0.020000;;
 0.000000;0.000000;0.000000;;

 TextureFilename {
  "11700225_C_RedLineSocksSneakers_D.dds";
 }
}

Material _11700225_C_RedLineSocksSneakers_228 {
 1.000000;1.000000;1.000000;1.000000;;
 43.219280;
 0.020000;0.020000;0.020000;;
 0.000000;0.000000;0.000000;;

 TextureFilename {
  "11700225_C_RedLineSocksSneakers_D.dds";
 }
}

Frame Scene_Root {
 

 FrameTransformMatrix {
  0.393701,0.000000,0.000000,0.000000,0.000000,-0.000000,-0.393701,0.000000,0.000000,0.393701,-0.000000,0.000000,0.000000,0.000000,0.000000,1.000000;;
 }

 Frame Bip01 {
  

  FrameTransformMatrix {
   0.000001,0.997564,-0.069757,0.000000,-1.000000,0.000001,-0.000000,0.000000,0.000000,0.069757,0.997564,0.000000,0.000000,1.527915,43.145398,1.000000;;
  }

  Frame Bip01_Footsteps {
   

   FrameTransformMatrix {
    0.000002,-1.000000,0.000000,0.000000,0.997564,0.000002,0.069757,0.000000,-0.069757,-0.000000,0.997564,0.000000,3.011114,0.000004,-43.060326,1.000000;;
   }
  }

  Frame Bip01_Pelvis {
   

   FrameTransformMatrix {
    0.000001,-0.000000,1.000000,0.000000,-1.000000,0.000001,0.000001,0.000000,-0.000001,-1.000000,-0.000000,0.000000,0.000000,0.000000,0.000000,1.000000;;
   }

   Frame Bip01_Spine {
    

    FrameTransformMatrix {
     0.999999,-0.001017,0.000001,0.000000,0.001017,0.999999,0.000004,0.000000,-0.000001,-0.000004,1.000000,0.000000,3.648819,0.087648,0.000006,1.000000;;
    }

    Frame Bip01_Spine1 {
     

     FrameTransformMatrix {
      0.993338,0.115232,-0.000000,0.000000,-0.115232,0.993339,0.000000,0.000000,0.000000,-0.000000,1.000000,0.000000,8.606411,0.007721,-0.000000,1.000000;;
     }

     Frame Bip01_Spine2 {
      

      FrameTransformMatrix {
       0.993176,0.116629,-0.000000,0.000000,-0.116629,0.993176,0.000000,0.000000,0.000000,-0.000000,1.000000,0.000000,9.761890,0.009832,-0.000000,1.000000;;
      }

      Frame Bip01_Neck {
       

       FrameTransformMatrix {
        0.967538,-0.252726,0.000001,0.000000,0.252726,0.967538,0.000000,0.000000,-0.000001,0.000000,1.000000,0.000000,12.207958,-0.363331,0.000003,1.000000;;
       }

       Frame Bip01_Head {
        

        FrameTransformMatrix {
         0.995689,0.092758,-0.000000,0.000000,-0.092758,0.995689,0.000000,0.000000,0.000000,-0.000000,1.000000,0.000000,3.164185,0.777052,-0.000000,1.000000;;
        }

        Frame Bip01_HeadNub {
         

         FrameTransformMatrix {
          1.000000,0.000000,-0.000000,0.000000,-0.000000,1.000000,0.000000,0.000000,0.000000,-0.000000,1.000000,0.000000,54.433946,0.000000,-0.000001,1.000000;;
         }
        }
       }

       Frame Bip01_L_Clavicle {
        

        FrameTransformMatrix {
         -0.352692,0.012017,0.935662,0.000000,0.252031,-0.961746,0.107353,0.000000,0.901159,0.273679,0.336172,0.000000,-2.653053,0.600207,3.128576,1.000000;;
        }

        Frame Bip01_L_UpperArm {
         

         FrameTransformMatrix {
          0.866962,-0.069581,-0.493494,0.000000,-0.053550,0.971468,-0.231048,0.000000,0.495490,0.226737,0.838499,0.000000,7.154713,-0.000003,-0.000000,1.000000;;
         }

         Frame Bip01_L_Forearm {
          

          FrameTransformMatrix {
           0.999999,0.001452,0.000000,0.000000,-0.001452,0.999999,-0.000000,0.000000,0.000000,0.000000,1.000000,0.000000,16.099011,0.000001,0.000000,1.000000;;
          }

          Frame Bip01_L_Hand {
           

           FrameTransformMatrix {
            0.999148,-0.032013,0.026073,0.000000,-0.027134,-0.033162,0.999081,0.000000,-0.031119,-0.998937,-0.034003,0.000000,12.943914,0.000001,0.000000,1.000000;;
           }

           Frame Bip01_L_Finger0 {
            

            FrameTransformMatrix {
             0.981800,-0.074643,-0.174631,0.000000,-0.174833,0.003875,-0.984590,0.000000,0.074170,0.997202,-0.009246,0.000000,4.322175,-4.277770,-6.136324,1.000000;;
            }

            Frame Bip01_L_Finger01 {
             

             FrameTransformMatrix {
              0.999998,-0.002208,0.000000,0.000000,0.002208,0.999998,-0.000000,0.000000,0.000000,0.000000,1.000000,0.000000,6.608994,-0.000007,0.000004,1.000000;;
             }
            }
           }

           Frame Bip01_L_Finger1 {
            

            FrameTransformMatrix {
             0.992189,-0.112543,-0.053813,0.000000,0.105735,0.987610,-0.115963,0.000000,0.066197,0.109367,0.991794,0.000000,11.958144,2.024227,-4.583302,1.000000;;
            }

            Frame Bip01_L_Finger11 {
             

             FrameTransformMatrix {
              0.990427,-0.138034,0.000000,0.000000,0.138034,0.990427,0.000000,0.000000,-0.000000,-0.000000,1.000000,0.000000,4.403211,0.000000,0.000000,1.000000;;
             }
            }
           }

           Frame Bip01_L_Finger2 {
            

            FrameTransformMatrix {
             0.993599,-0.109862,-0.026287,0.000000,0.110777,0.993181,0.036322,0.000000,0.022117,-0.039001,0.998994,0.000000,11.784317,2.239700,-1.185587,1.000000;;
            }

            Frame Bip01_L_Finger21 {
             

             FrameTransformMatrix {
              0.983065,-0.183259,-0.000000,0.000000,0.183259,0.983065,0.000000,0.000000,0.000000,-0.000000,1.000000,0.000000,4.551600,0.000008,0.000000,1.000000;;
             }
            }
           }

           Frame Bip01_L_Finger3 {
            

            FrameTransformMatrix {
             0.975448,-0.219970,-0.010652,0.000000,0.220151,0.972699,0.073417,0.000000,-0.005789,-0.073960,0.997244,0.000000,11.642550,1.682323,2.134612,1.000000;;
            }

            Frame Bip01_L_Finger31 {
             

             FrameTransformMatrix {
              0.988456,-0.151510,-0.000000,0.000000,0.151510,0.988456,0.000000,0.000000,0.000000,-0.000000,1.000000,0.000000,3.923152,0.000000,0.000000,1.000000;;
             }
            }
           }

           Frame Bip01_L_Finger4 {
            

            FrameTransformMatrix {
             0.965148,-0.260236,0.027674,0.000000,0.255937,0.960666,0.107777,0.000000,-0.054633,-0.096938,0.993789,0.000000,11.592446,1.297138,4.984823,1.000000;;
            }

            Frame Bip01_L_Finger41 {
             

             FrameTransformMatrix {
              0.950845,-0.309668,-0.000000,0.000000,0.309667,0.950845,-0.000000,0.000000,0.000000,0.000000,1.000000,0.000000,3.433453,0.000008,0.000000,1.000000;;
             }
            }
           }
          }
         }

         Frame Bip01_L_ForeTwist {
          

          FrameTransformMatrix {
           0.999999,0.001452,0.000000,0.000000,-0.001452,0.999935,0.011342,0.000000,0.000016,-0.011342,0.999936,0.000000,16.099011,0.000001,0.000000,1.000000;;
          }

          Frame Bip01_L_ForeTwist1 {
           

           FrameTransformMatrix {
            1.000000,0.000000,-0.000000,0.000000,-0.000000,0.999936,0.011342,0.000000,0.000000,-0.011342,0.999936,0.000000,6.471960,0.000000,-0.000008,1.000000;;
           }
          }
         }
        }
       }

       Frame Bip01_R_Clavicle {
        

        FrameTransformMatrix {
         -0.352692,0.012011,-0.935662,0.000000,0.252031,-0.961747,-0.107348,0.000000,-0.901159,-0.273677,0.336173,0.000000,-2.653076,0.600190,-3.128585,1.000000;;
        }

        Frame Bip01_R_UpperArm {
         

         FrameTransformMatrix {
          0.866961,-0.069581,0.493494,0.000000,-0.053550,0.971467,0.231048,0.000000,-0.495490,-0.226737,0.838499,0.000000,7.154707,0.000002,0.000000,1.000000;;
         }

         Frame Bip01_R_Forearm {
          

          FrameTransformMatrix {
           0.999999,0.001452,-0.000000,0.000000,-0.001452,0.999999,-0.000000,0.000000,0.000000,0.000000,1.000000,0.000000,16.098979,0.000001,0.000000,1.000000;;
          }

          Frame Bip01_R_Hand {
           

           FrameTransformMatrix {
            0.999147,-0.032013,-0.026073,0.000000,-0.027134,-0.033162,-0.999082,0.000000,0.031119,0.998937,-0.034003,0.000000,12.943894,0.000000,-0.000004,1.000000;;
           }

           Frame Bip01_R_Finger0 {
            

            FrameTransformMatrix {
             0.981800,-0.074643,0.174632,0.000000,-0.174833,0.003875,0.984591,0.000000,-0.074170,-0.997203,-0.009246,0.000000,4.322171,-4.277775,6.136324,1.000000;;
            }

            Frame Bip01_R_Finger01 {
             

             FrameTransformMatrix {
              0.999997,-0.002208,-0.000000,0.000000,0.002208,0.999998,0.000000,0.000000,0.000000,-0.000000,1.000000,0.000000,6.608988,-0.000005,-0.000000,1.000000;;
             }
            }
           }

           Frame Bip01_R_Finger1 {
            

            FrameTransformMatrix {
             0.992188,-0.112543,0.053813,0.000000,0.105735,0.987610,0.115963,0.000000,-0.066197,-0.109367,0.991795,0.000000,11.958153,2.024223,4.583302,1.000000;;
            }

            Frame Bip01_R_Finger11 {
             

             FrameTransformMatrix {
              0.990427,-0.138034,0.000000,0.000000,0.138034,0.990428,-0.000000,0.000000,-0.000000,0.000000,1.000000,0.000000,4.403206,0.000004,-0.000002,1.000000;;
             }
            }
           }

           Frame Bip01_R_Finger2 {
            

            FrameTransformMatrix {
             0.993599,-0.109862,0.026287,0.000000,0.110777,0.993182,-0.036322,0.000000,-0.022117,0.039001,0.998994,0.000000,11.784312,2.239693,1.185587,1.000000;;
            }

            Frame Bip01_R_Finger21 {
             

             FrameTransformMatrix {
              0.983064,-0.183259,0.000000,0.000000,0.183259,0.983065,0.000000,0.000000,-0.000000,-0.000000,1.000000,0.000000,4.551596,-0.000015,-0.000000,1.000000;;
             }
            }
           }

           Frame Bip01_R_Finger3 {
            

            FrameTransformMatrix {
             0.975448,-0.219970,0.010652,0.000000,0.220151,0.972699,-0.073417,0.000000,0.005789,0.073960,0.997245,0.000000,11.642551,1.682320,-2.134613,1.000000;;
            }

            Frame Bip01_R_Finger31 {
             

             FrameTransformMatrix {
              0.988455,-0.151510,0.000000,0.000000,0.151510,0.988456,0.000000,0.000000,-0.000000,-0.000000,1.000000,0.000000,3.923155,0.000015,-0.000000,1.000000;;
             }
            }
           }

           Frame Bip01_R_Finger4 {
            

            FrameTransformMatrix {
             0.965148,-0.260236,-0.027674,0.000000,0.255937,0.960667,-0.107777,0.000000,0.054633,0.096938,0.993790,0.000000,11.592437,1.297139,-4.984824,1.000000;;
            }

            Frame Bip01_R_Finger41 {
             

             FrameTransformMatrix {
              0.950845,-0.309668,-0.000000,0.000000,0.309668,0.950845,0.000000,0.000000,-0.000000,-0.000000,1.000000,0.000000,3.433451,0.000011,0.000001,1.000000;;
             }
            }
           }
          }
         }

         Frame Bip01_R_ForeTwist {
          

          FrameTransformMatrix {
           0.999999,0.001452,-0.000000,0.000000,-0.001452,0.999935,-0.011342,0.000000,-0.000016,0.011342,0.999936,0.000000,16.098979,0.000001,0.000000,1.000000;;
          }

          Frame Bip01_R_ForeTwist1 {
           

           FrameTransformMatrix {
            1.000000,0.000000,-0.000000,0.000000,-0.000000,0.999936,-0.011342,0.000000,-0.000000,0.011342,0.999936,0.000000,6.471956,0.000000,-0.000008,1.000000;;
           }
          }
         }
        }
       }
      }
     }
    }
   }

   Frame Bip01_L_Thigh {
    

    FrameTransformMatrix {
     -0.996421,0.067699,0.050614,0.000000,0.067412,0.997698,-0.007358,0.000000,-0.050996,-0.003919,-0.998692,0.000000,-0.000008,-0.000013,7.749222,1.000000;;
    }

    Frame Bip01_L_Calf {
     

     FrameTransformMatrix {
      0.999628,0.027315,-0.000000,0.000000,-0.027315,0.999627,-0.000000,0.000000,0.000000,0.000000,1.000001,0.000000,20.567846,0.000000,-0.000001,1.000000;;
     }

     Frame Bip01_L_Foot {
      

      FrameTransformMatrix {
       0.985298,-0.163264,0.050339,0.000000,0.162268,0.986472,0.023295,0.000000,-0.053461,-0.014784,0.998461,0.000000,13.299996,-0.000000,-0.000000,1.000000;;
      }

      Frame Bip01_L_Toe0 {
       

       FrameTransformMatrix {
        -0.000000,-1.000000,-0.000000,0.000000,1.000001,-0.000000,-0.000000,0.000000,0.000000,-0.000000,1.000001,0.000000,9.715666,-7.950623,-0.000002,1.000000;;
       }
      }
     }
    }
   }

   Frame Bip01_R_Thigh {
    

    FrameTransformMatrix {
     -0.996421,0.067700,-0.050617,0.000000,0.067413,0.997698,0.007361,0.000000,0.050999,0.003922,-0.998691,0.000000,0.000011,0.000009,-7.749222,1.000000;;
    }

    Frame Bip01_R_Calf {
     

     FrameTransformMatrix {
      0.999627,0.027315,-0.000000,0.000000,-0.027315,0.999627,-0.000000,0.000000,0.000000,0.000000,1.000000,0.000000,20.567826,-0.000000,0.000001,1.000000;;
     }

     Frame Bip01_R_Foot {
      

      FrameTransformMatrix {
       0.985298,-0.163264,-0.050339,0.000000,0.162268,0.986472,-0.023295,0.000000,0.053461,0.014784,0.998461,0.000000,13.299989,-0.000001,-0.000000,1.000000;;
      }

      Frame Bip01_R_Toe0 {
       

       FrameTransformMatrix {
        -0.000000,-1.000000,0.000000,0.000000,1.000000,-0.000000,-0.000000,0.000000,0.000000,0.000000,1.000000,0.000000,9.715659,-7.950623,-0.000000,1.000000;;
       }
      }
     }
    }
   }
  }
 }

 Frame SH {
  

  FrameTransformMatrix {
   1.000000,0.000000,0.000000,0.000000,0.000000,1.000000,0.000000,0.000000,0.000000,0.000000,1.000000,0.000000,0.000000,0.000000,0.000000,1.000000;;
  }
 }

 Frame SH_Ankle {
  

  FrameTransformMatrix {
   1.000000,0.000000,0.000000,0.000000,0.000000,1.000000,0.000000,0.000000,0.000000,0.000000,1.000000,0.000000,0.000000,0.000000,0.000000,1.000000;;
  }
 }

 Frame SH_Stocking {
  

  FrameTransformMatrix {
   1.000000,0.000000,0.000000,0.000000,0.000000,1.000000,0.000000,0.000000,0.000000,0.000000,1.000000,0.000000,0.000008,0.000000,0.000000,1.000000;;
  }
 }
}

Frame SH_ {
 

 FrameTransformMatrix {
  0.393701,0.000000,0.000000,0.000000,0.000000,-0.000000,-0.393701,0.000000,0.000000,0.393701,-0.000000,0.000000,0.000000,0.000000,0.000000,1.000000;;
 }

 Mesh SH_ {
  330;
  2.245215;-5.587807;0.013116;,
  17.104186;-1.616009;0.013115;,
  16.648672;-5.289174;0.013115;,
  4.356653;-9.648019;0.013115;,
  2.743697;-1.661503;0.013116;,
  14.362459;-9.930818;0.013115;,
  9.359902;-11.396819;0.013115;,
  17.414125;2.891140;0.013115;,
  2.182797;2.816397;0.013116;,
  2.255362;6.251867;0.017306;,
  17.096554;6.666443;0.013115;,
  15.266038;9.230494;0.013476;,
  3.955919;9.428758;0.012570;,
  11.739529;11.153495;0.016153;,
  7.068684;11.318563;0.016223;,
  -14.362456;-9.930816;0.013134;,
  -4.356653;-9.648017;0.013135;,
  -9.359899;-11.396818;0.013135;,
  -16.648670;-5.289172;0.013134;,
  -2.245216;-5.587804;0.013136;,
  -17.104182;-1.616007;0.013134;,
  -2.743698;-1.661500;0.013136;,
  -17.414123;2.891143;0.013134;,
  -2.182799;2.816401;0.013136;,
  -2.255364;6.251871;0.017328;,
  -17.096550;6.666445;0.013137;,
  -15.266035;9.230497;0.013497;,
  -3.955922;9.428762;0.012591;,
  -11.739528;11.153497;0.016174;,
  -7.068685;11.318566;0.016244;,
  9.359902;-11.396819;0.013115;,
  14.366594;-9.913850;2.903929;,
  9.390907;-11.472966;2.903930;,
  14.362459;-9.930818;0.013115;,
  16.571136;-5.271884;2.903929;,
  16.648672;-5.289174;0.013115;,
  17.104186;-1.616009;0.013115;,
  17.058448;-1.616940;2.903929;,
  17.414125;2.891140;0.013115;,
  17.510294;3.004896;2.903930;,
  17.096554;6.666443;0.013115;,
  17.066299;6.645680;2.903929;,
  15.266038;9.230494;0.013476;,
  15.386424;9.247662;2.903931;,
  11.739529;11.153495;0.016153;,
  11.705730;11.165278;2.903930;,
  7.055463;11.331366;2.903931;,
  7.068684;11.318563;0.016223;,
  3.955919;9.428758;0.012570;,
  3.835936;9.726668;2.903932;,
  2.255362;6.251867;0.017306;,
  2.097708;6.222999;2.905023;,
  2.122993;2.797578;2.905024;,
  2.182797;2.816397;0.013116;,
  2.674946;-1.642446;2.904478;,
  2.743697;-1.661503;0.013116;,
  2.240449;-5.552488;2.903930;,
  2.245215;-5.587807;0.013116;,
  4.412189;-9.773238;2.903930;,
  4.356653;-9.648019;0.013115;,
  9.359902;-11.396819;0.013115;,
  9.390907;-11.472966;2.903930;,
  -14.366590;-9.913849;2.903947;,
  -9.359899;-11.396818;0.013135;,
  -9.390905;-11.472964;2.903949;,
  -14.362456;-9.930816;0.013134;,
  -16.571134;-5.271882;2.903947;,
  -16.648670;-5.289172;0.013134;,
  -17.104182;-1.616007;0.013134;,
  -17.058446;-1.616938;2.903948;,
  -17.414123;2.891143;0.013134;,
  -17.510293;3.004899;2.903949;,
  -17.096550;6.666445;0.013137;,
  -17.066296;6.645681;2.903950;,
  -15.266035;9.230497;0.013497;,
  -15.386421;9.247663;2.903950;,
  -11.739528;11.153497;0.016174;,
  -11.705729;11.165280;2.903950;,
  -7.055464;11.331370;2.903950;,
  -7.068685;11.318566;0.016244;,
  -3.955922;9.428762;0.012591;,
  -3.835939;9.726672;2.903951;,
  -2.255364;6.251871;0.017328;,
  -2.097711;6.223003;2.905043;,
  -2.122995;2.797582;2.905043;,
  -2.182799;2.816401;0.013136;,
  -2.674946;-1.642443;2.904497;,
  -2.743698;-1.661500;0.013136;,
  -2.240449;-5.552486;2.903949;,
  -2.245216;-5.587804;0.013136;,
  -4.412188;-9.773236;2.903949;,
  -4.356653;-9.648017;0.013135;,
  -9.359899;-11.396818;0.013135;,
  -9.390905;-11.472964;2.903949;,
  2.821058;-6.910164;12.213420;,
  3.614679;-8.036030;10.867535;,
  4.096813;-9.166003;12.321358;,
  4.518613;-9.143503;9.190086;,
  9.267902;-10.692903;12.588687;,
  3.794580;-8.349805;9.177722;,
  9.345102;-10.448024;9.151252;,
  3.561043;-8.108981;7.478043;,
  4.461799;-9.728100;5.650476;,
  9.352201;-11.219302;5.745854;,
  2.921449;-7.027451;6.238696;,
  9.390907;-11.472966;2.903930;,
  4.412189;-9.773238;2.903930;,
  2.240449;-5.552488;2.903930;,
  2.013630;-5.051774;5.622088;,
  2.674946;-1.642446;2.904478;,
  2.040571;-1.015303;5.442935;,
  2.114043;-3.001682;6.188764;,
  2.122993;2.797578;2.905024;,
  2.300526;-1.713678;7.498596;,
  2.012897;3.338296;5.340994;,
  2.097708;6.222999;2.905023;,
  2.453262;6.341457;5.183051;,
  2.790401;-0.309558;9.003822;,
  2.515273;-1.252657;9.098642;,
  2.425468;-1.664075;10.968858;,
  2.151947;-2.808872;12.225732;,
  2.556395;0.016017;12.282456;,
  4.050163;2.516943;12.276834;,
  4.186565;2.691315;9.342254;,
  6.924112;4.595337;12.252258;,
  3.973707;4.293597;7.283886;,
  3.732410;6.494954;6.626919;,
  6.940099;5.332958;8.547085;,
  7.012897;6.636145;7.804653;,
  6.959099;4.830464;9.736238;,
  11.492402;4.605037;12.185257;,
  11.539202;5.329958;8.553886;,
  11.616902;6.700046;7.801155;,
  15.099582;6.673775;6.531326;,
  11.445001;4.833364;9.740837;,
  15.062581;4.173614;7.048801;,
  14.924203;3.010262;9.276143;,
  14.877710;2.774198;12.137741;,
  16.469078;6.689355;4.919201;,
  15.976178;0.686985;12.221673;,
  16.292355;-2.687063;12.573850;,
  16.123280;-1.529810;11.303300;,
  16.053592;-1.113916;9.412738;,
  15.983384;0.009457;9.390391;,
  16.256808;-1.579953;7.795281;,
  16.701720;-1.135751;5.225782;,
  16.393571;-2.881972;6.471197;,
  16.432174;-4.954370;5.898354;,
  16.759907;3.312042;4.973653;,
  17.066299;6.645680;2.903929;,
  17.510294;3.004896;2.903930;,
  17.058448;-1.616940;2.903929;,
  16.571136;-5.271884;2.903929;,
  14.272904;-9.658502;5.635831;,
  14.366594;-9.913850;2.903929;,
  15.541925;-6.951544;6.521672;,
  9.390907;-11.472966;2.903930;,
  9.352201;-11.219302;5.745854;,
  14.895373;-8.044841;7.774504;,
  9.345102;-10.448024;9.151252;,
  13.949202;-9.148301;9.491470;,
  14.631848;-8.288286;9.492677;,
  9.267902;-10.692903;12.588687;,
  15.022374;-7.971098;11.200878;,
  14.152978;-9.177204;12.578139;,
  15.675811;-6.832981;12.561405;,
  -2.821058;-6.910162;12.213434;,
  -4.096813;-9.166002;12.321372;,
  -3.614679;-8.036028;10.867551;,
  -4.518612;-9.143502;9.190103;,
  -9.267901;-10.692902;12.588702;,
  -3.794579;-8.349802;9.177738;,
  -9.345099;-10.448023;9.151270;,
  -3.561043;-8.108978;7.478061;,
  -4.461798;-9.728098;5.650494;,
  -9.352198;-11.219300;5.745872;,
  -2.921449;-7.027449;6.238714;,
  -9.390905;-11.472964;2.903949;,
  -4.412188;-9.773236;2.903949;,
  -2.240449;-5.552486;2.903949;,
  -2.013630;-5.051771;5.622106;,
  -2.674946;-1.642443;2.904497;,
  -2.040572;-1.015300;5.442953;,
  -2.114044;-3.001679;6.188782;,
  -2.122995;2.797582;2.905043;,
  -2.300527;-1.713675;7.498613;,
  -2.012899;3.338300;5.341013;,
  -2.097711;6.223003;2.905043;,
  -2.453265;6.341462;5.183071;,
  -2.790402;-0.309555;9.003839;,
  -2.515274;-1.252655;9.098659;,
  -2.425469;-1.664073;10.968873;,
  -2.556397;0.016019;12.282470;,
  -2.151948;-2.808869;12.225746;,
  -4.050165;2.516944;12.276850;,
  -4.186567;2.691318;9.342270;,
  -6.924113;4.595338;12.252274;,
  -3.973709;4.293600;7.283903;,
  -3.732412;6.494958;6.626937;,
  -6.959100;4.830466;9.736253;,
  -11.492401;4.605038;12.185272;,
  -6.940100;5.332962;8.547102;,
  -7.012898;6.636148;7.804671;,
  -11.539200;5.329961;8.553903;,
  -11.616901;6.700049;7.801174;,
  -15.099579;6.673778;6.531344;,
  -11.445000;4.833366;9.740854;,
  -15.062579;4.173617;7.048818;,
  -16.469074;6.689358;4.919220;,
  -14.924203;3.010264;9.276158;,
  -14.877707;2.774199;12.137756;,
  -15.976174;0.686986;12.221687;,
  -16.292352;-2.687062;12.573866;,
  -16.123275;-1.529809;11.303316;,
  -16.053589;-1.113915;9.412754;,
  -15.983381;0.009459;9.390407;,
  -16.256805;-1.579951;7.795297;,
  -16.701717;-1.135749;5.225799;,
  -16.393570;-2.881970;6.471214;,
  -16.432171;-4.954368;5.898372;,
  -16.759906;3.312044;4.973671;,
  -17.066296;6.645681;2.903950;,
  -17.510293;3.004899;2.903949;,
  -17.058446;-1.616938;2.903948;,
  -16.571134;-5.271882;2.903947;,
  -14.272899;-9.658501;5.635848;,
  -15.541923;-6.951542;6.521688;,
  -14.366590;-9.913849;2.903947;,
  -9.390905;-11.472964;2.903949;,
  -9.352198;-11.219300;5.745872;,
  -14.895370;-8.044840;7.774520;,
  -9.345099;-10.448023;9.151270;,
  -13.949198;-9.148300;9.491486;,
  -14.631845;-8.288286;9.492693;,
  -9.267901;-10.692902;12.588702;,
  -15.022371;-7.971097;11.200894;,
  -14.152973;-9.177202;12.578154;,
  -15.675808;-6.832980;12.561421;,
  17.066299;6.645680;2.903929;,
  15.386424;9.247662;2.903931;,
  15.540214;9.401001;4.081498;,
  16.469078;6.689355;4.919201;,
  11.705730;11.165278;2.903930;,
  15.296547;8.553866;5.695296;,
  15.099582;6.673775;6.531326;,
  11.718599;11.287746;4.491081;,
  11.657802;9.613189;6.699420;,
  11.616902;6.700046;7.801155;,
  7.052996;9.779678;6.754919;,
  7.012897;6.636145;7.804653;,
  3.732410;6.494954;6.626919;,
  3.596824;9.080242;5.553252;,
  2.453262;6.341457;5.183051;,
  7.047198;11.451540;4.537270;,
  7.055463;11.331366;2.903931;,
  3.835936;9.726668;2.903932;,
  3.601996;9.574732;4.204374;,
  2.097708;6.222999;2.905023;,
  -17.066296;6.645681;2.903950;,
  -15.540211;9.401003;4.081517;,
  -15.386421;9.247663;2.903950;,
  -16.469074;6.689358;4.919220;,
  -11.705729;11.165280;2.903950;,
  -15.296544;8.553868;5.695315;,
  -15.099579;6.673778;6.531344;,
  -11.718598;11.287748;4.491100;,
  -11.657802;9.613192;6.699438;,
  -11.616901;6.700049;7.801174;,
  -7.052998;9.779682;6.754938;,
  -7.012898;6.636148;7.804671;,
  -3.732412;6.494958;6.626937;,
  -3.596827;9.080246;5.553271;,
  -2.453265;6.341462;5.183071;,
  -7.047200;11.451543;4.537288;,
  -7.055464;11.331370;2.903950;,
  -3.835939;9.726672;2.903951;,
  -3.601999;9.574736;4.204393;,
  -2.097711;6.223003;2.905043;,
  2.254366;-4.940132;9.165443;,
  2.114043;-3.001682;6.188764;,
  2.013630;-5.051774;5.622088;,
  2.300526;-1.713678;7.498596;,
  2.921449;-7.027451;6.238696;,
  2.515273;-1.252657;9.098642;,
  3.561043;-8.108981;7.478043;,
  2.425468;-1.664075;10.968858;,
  3.794580;-8.349805;9.177722;,
  2.151947;-2.808872;12.225732;,
  3.614679;-8.036030;10.867535;,
  1.990992;-4.881445;12.830578;,
  2.821058;-6.910164;12.213420;,
  -2.114044;-3.001679;6.188782;,
  -2.254367;-4.940130;9.165461;,
  -2.013630;-5.051771;5.622106;,
  -2.921449;-7.027449;6.238714;,
  -2.300527;-1.713675;7.498613;,
  -3.561043;-8.108978;7.478061;,
  -2.515274;-1.252655;9.098659;,
  -3.794579;-8.349802;9.177738;,
  -2.425469;-1.664073;10.968873;,
  -3.614679;-8.036028;10.867551;,
  -2.151948;-2.808869;12.225746;,
  -2.821058;-6.910162;12.213434;,
  -1.990993;-4.881443;12.830591;,
  16.393571;-2.881972;6.471197;,
  16.188819;-4.841513;9.480265;,
  16.432174;-4.954370;5.898354;,
  15.541925;-6.951544;6.521672;,
  16.256808;-1.579953;7.795281;,
  14.895373;-8.044841;7.774504;,
  16.053592;-1.113916;9.412738;,
  14.631848;-8.288286;9.492677;,
  16.123280;-1.529810;11.303300;,
  15.022374;-7.971098;11.200878;,
  16.292355;-2.687063;12.573850;,
  15.675811;-6.832981;12.561405;,
  16.455059;-4.782188;13.185277;,
  -16.188816;-4.841512;9.480281;,
  -16.393570;-2.881970;6.471214;,
  -16.432171;-4.954368;5.898372;,
  -15.541923;-6.951542;6.521688;,
  -16.256805;-1.579951;7.795297;,
  -14.895370;-8.044840;7.774520;,
  -16.053589;-1.113915;9.412754;,
  -14.631845;-8.288286;9.492693;,
  -16.123275;-1.529809;11.303316;,
  -15.022371;-7.971097;11.200894;,
  -16.292352;-2.687062;12.573866;,
  -15.675808;-6.832980;12.561421;,
  -16.455058;-4.782187;13.185292;;
  362;
  3;0,1,2;,
  3;2,3,0;,
  3;1,0,4;,
  3;2,5,3;,
  3;3,5,6;,
  3;4,7,1;,
  3;7,4,8;,
  3;9,7,8;,
  3;7,9,10;,
  3;9,11,10;,
  3;11,9,12;,
  3;12,13,11;,
  3;13,12,14;,
  3;15,16,17;,
  3;18,16,15;,
  3;18,19,16;,
  3;20,19,18;,
  3;19,20,21;,
  3;22,21,20;,
  3;21,22,23;,
  3;22,24,23;,
  3;24,22,25;,
  3;26,24,25;,
  3;24,26,27;,
  3;28,27,26;,
  3;27,28,29;,
  3;30,31,32;,
  3;31,30,33;,
  3;33,34,31;,
  3;34,33,35;,
  3;36,34,35;,
  3;34,36,37;,
  3;38,37,36;,
  3;37,38,39;,
  3;40,39,38;,
  3;39,40,41;,
  3;42,41,40;,
  3;41,42,43;,
  3;44,43,42;,
  3;43,44,45;,
  3;44,46,45;,
  3;46,44,47;,
  3;48,46,47;,
  3;46,48,49;,
  3;50,49,48;,
  3;49,50,51;,
  3;50,52,51;,
  3;52,50,53;,
  3;53,54,52;,
  3;54,53,55;,
  3;55,56,54;,
  3;56,55,57;,
  3;57,58,56;,
  3;58,57,59;,
  3;60,58,59;,
  3;58,60,61;,
  3;62,63,64;,
  3;63,62,65;,
  3;66,65,62;,
  3;65,66,67;,
  3;66,68,67;,
  3;68,66,69;,
  3;69,70,68;,
  3;70,69,71;,
  3;71,72,70;,
  3;72,71,73;,
  3;73,74,72;,
  3;74,73,75;,
  3;75,76,74;,
  3;76,75,77;,
  3;78,76,77;,
  3;76,78,79;,
  3;78,80,79;,
  3;80,78,81;,
  3;81,82,80;,
  3;82,81,83;,
  3;84,82,83;,
  3;82,84,85;,
  3;86,85,84;,
  3;85,86,87;,
  3;88,87,86;,
  3;87,88,89;,
  3;90,89,88;,
  3;89,90,91;,
  3;90,92,91;,
  3;92,90,93;,
  3;94,95,96;,
  3;96,95,97;,
  3;97,98,96;,
  3;97,95,99;,
  3;98,97,100;,
  3;101,97,99;,
  3;102,100,97;,
  3;101,102,97;,
  3;100,102,103;,
  3;104,102,101;,
  3;102,105,103;,
  3;105,102,106;,
  3;102,107,106;,
  3;104,108,102;,
  3;107,102,108;,
  3;108,109,107;,
  3;109,108,110;,
  3;108,111,110;,
  3;112,109,110;,
  3;110,111,113;,
  3;110,114,112;,
  3;114,115,112;,
  3;115,114,116;,
  3;110,113,117;,
  3;117,114,110;,
  3;117,113,118;,
  3;119,117,118;,
  3;119,120,121;,
  3;119,121,117;,
  3;122,117,121;,
  3;117,122,123;,
  3;124,123,122;,
  3;123,125,117;,
  3;114,117,125;,
  3;125,116,114;,
  3;116,125,126;,
  3;127,126,125;,
  3;126,127,128;,
  3;129,125,123;,
  3;125,129,127;,
  3;123,124,129;,
  3;130,129,124;,
  3;131,128,127;,
  3;129,131,127;,
  3;128,131,132;,
  3;131,133,132;,
  3;131,129,134;,
  3;129,130,134;,
  3;133,131,135;,
  3;130,136,134;,
  3;136,131,134;,
  3;131,136,135;,
  3;136,130,137;,
  3;135,138,133;,
  3;139,136,137;,
  3;140,141,139;,
  3;139,141,142;,
  3;136,139,143;,
  3;139,142,143;,
  3;135,136,143;,
  3;142,144,143;,
  3;143,144,145;,
  3;145,135,143;,
  3;145,144,146;,
  3;145,146,147;,
  3;135,145,148;,
  3;138,135,148;,
  3;148,149,138;,
  3;149,148,150;,
  3;145,150,148;,
  3;150,145,151;,
  3;147,151,145;,
  3;151,147,152;,
  3;153,152,147;,
  3;152,153,154;,
  3;147,155,153;,
  3;153,156,154;,
  3;156,153,157;,
  3;153,155,158;,
  3;153,159,157;,
  3;153,158,160;,
  3;159,153,160;,
  3;160,158,161;,
  3;160,162,159;,
  3;163,160,161;,
  3;162,160,164;,
  3;164,160,163;,
  3;164,163,165;,
  3;166,167,168;,
  3;168,167,169;,
  3;170,169,167;,
  3;168,169,171;,
  3;169,170,172;,
  3;169,173,171;,
  3;172,174,169;,
  3;174,173,169;,
  3;174,172,175;,
  3;176,173,174;,
  3;177,174,175;,
  3;174,177,178;,
  3;179,174,178;,
  3;176,174,180;,
  3;174,179,180;,
  3;181,180,179;,
  3;180,181,182;,
  3;180,182,183;,
  3;184,182,181;,
  3;183,182,185;,
  3;182,184,186;,
  3;187,186,184;,
  3;186,187,188;,
  3;185,182,189;,
  3;186,189,182;,
  3;185,189,190;,
  3;191,190,189;,
  3;191,192,193;,
  3;191,189,192;,
  3;189,194,192;,
  3;194,189,195;,
  3;195,196,194;,
  3;195,189,197;,
  3;189,186,197;,
  3;188,197,186;,
  3;197,188,198;,
  3;196,195,199;,
  3;197,199,195;,
  3;199,200,196;,
  3;198,201,197;,
  3;199,197,201;,
  3;201,198,202;,
  3;202,203,201;,
  3;203,199,201;,
  3;203,202,204;,
  3;205,203,204;,
  3;199,203,206;,
  3;200,199,206;,
  3;203,205,207;,
  3;208,207,205;,
  3;203,209,206;,
  3;209,200,206;,
  3;209,203,207;,
  3;200,209,210;,
  3;209,211,210;,
  3;212,211,213;,
  3;213,211,214;,
  3;211,209,215;,
  3;214,211,215;,
  3;207,215,209;,
  3;214,215,216;,
  3;216,215,217;,
  3;207,217,215;,
  3;216,217,218;,
  3;218,217,219;,
  3;217,207,220;,
  3;207,208,220;,
  3;221,220,208;,
  3;220,221,222;,
  3;222,217,220;,
  3;217,222,223;,
  3;223,219,217;,
  3;219,223,224;,
  3;224,225,219;,
  3;219,225,226;,
  3;225,224,227;,
  3;228,225,227;,
  3;225,228,229;,
  3;226,225,230;,
  3;231,225,229;,
  3;230,225,232;,
  3;225,231,232;,
  3;230,232,233;,
  3;234,232,231;,
  3;232,235,233;,
  3;232,234,236;,
  3;236,235,232;,
  3;236,237,235;,
  3;238,239,240;,
  3;240,241,238;,
  3;242,240,239;,
  3;240,243,241;,
  3;244,241,243;,
  3;240,242,245;,
  3;245,243,240;,
  3;246,244,243;,
  3;243,245,246;,
  3;244,246,247;,
  3;248,247,246;,
  3;245,248,246;,
  3;247,248,249;,
  3;248,250,249;,
  3;250,248,251;,
  3;250,251,252;,
  3;248,245,253;,
  3;253,251,248;,
  3;242,253,245;,
  3;253,242,254;,
  3;255,253,254;,
  3;251,253,256;,
  3;253,255,256;,
  3;256,252,251;,
  3;257,256,255;,
  3;252,256,257;,
  3;258,259,260;,
  3;259,258,261;,
  3;259,262,260;,
  3;259,261,263;,
  3;264,263,261;,
  3;262,259,265;,
  3;263,265,259;,
  3;264,266,263;,
  3;265,263,266;,
  3;266,264,267;,
  3;267,268,266;,
  3;268,265,266;,
  3;268,267,269;,
  3;270,268,269;,
  3;268,270,271;,
  3;270,272,271;,
  3;265,268,273;,
  3;271,273,268;,
  3;273,262,265;,
  3;262,273,274;,
  3;273,275,274;,
  3;275,273,276;,
  3;273,271,276;,
  3;272,276,271;,
  3;277,275,276;,
  3;276,272,277;,
  3;278,279,280;,
  3;281,279,278;,
  3;282,278,280;,
  3;281,278,283;,
  3;282,284,278;,
  3;283,278,285;,
  3;278,284,286;,
  3;285,278,287;,
  3;288,278,286;,
  3;287,278,289;,
  3;288,290,278;,
  3;278,290,289;,
  3;291,292,293;,
  3;294,293,292;,
  3;295,292,291;,
  3;294,292,296;,
  3;295,297,292;,
  3;296,292,298;,
  3;297,299,292;,
  3;300,298,292;,
  3;292,299,301;,
  3;300,292,302;,
  3;292,301,303;,
  3;302,292,303;,
  3;304,305,306;,
  3;307,306,305;,
  3;308,305,304;,
  3;307,305,309;,
  3;308,310,305;,
  3;309,305,311;,
  3;310,312,305;,
  3;313,311,305;,
  3;305,312,314;,
  3;313,305,315;,
  3;305,314,316;,
  3;315,305,316;,
  3;317,318,319;,
  3;320,317,319;,
  3;321,318,317;,
  3;320,322,317;,
  3;321,317,323;,
  3;317,322,324;,
  3;323,317,325;,
  3;326,317,324;,
  3;325,317,327;,
  3;326,328,317;,
  3;327,317,329;,
  3;317,328,329;;

  MeshNormals {
   330;
   -0.675221;-0.209343;-0.707285;,
   0.709943;-0.075148;-0.700239;,
   0.680657;-0.224440;-0.697376;,
   -0.442398;-0.541834;-0.714632;,
   -0.700701;0.021168;-0.713141;,
   0.533175;-0.470863;-0.702861;,
   -0.018809;-0.886664;-0.462033;,
   0.701095;-0.023954;-0.712666;,
   -0.696952;-0.058313;-0.714743;,
   -0.666525;0.171565;-0.725472;,
   0.682409;0.177262;-0.709152;,
   0.497321;0.493539;-0.713506;,
   -0.435807;0.524638;-0.731319;,
   0.172343;0.683583;-0.709233;,
   -0.152394;0.689213;-0.708352;,
   -0.533174;-0.470863;-0.702861;,
   0.442398;-0.541835;-0.714632;,
   0.018809;-0.886664;-0.462032;,
   -0.680657;-0.224440;-0.697376;,
   0.675221;-0.209343;-0.707285;,
   -0.709943;-0.075148;-0.700239;,
   0.700701;0.021169;-0.713141;,
   -0.701095;-0.023954;-0.712666;,
   0.696952;-0.058313;-0.714743;,
   0.666525;0.171565;-0.725472;,
   -0.682409;0.177262;-0.709152;,
   -0.497321;0.493539;-0.713506;,
   0.435807;0.524638;-0.731319;,
   -0.172343;0.683583;-0.709233;,
   0.152394;0.689213;-0.708352;,
   -0.018809;-0.886664;-0.462033;,
   0.594144;-0.803230;0.042584;,
   -0.008948;-0.999646;0.025066;,
   0.533175;-0.470863;-0.702861;,
   0.943102;-0.329312;0.045965;,
   0.680657;-0.224440;-0.697376;,
   0.709943;-0.075148;-0.700239;,
   0.993396;-0.095115;0.064168;,
   0.701095;-0.023954;-0.712666;,
   0.991672;0.011917;0.128235;,
   0.682409;0.177262;-0.709152;,
   0.935220;0.327480;0.134610;,
   0.497321;0.493539;-0.713506;,
   0.612843;0.783799;-0.100410;,
   0.172343;0.683583;-0.709233;,
   0.231028;0.971760;-0.048059;,
   -0.188761;0.980703;-0.050897;,
   -0.152394;0.689213;-0.708352;,
   -0.435807;0.524638;-0.731319;,
   -0.704637;0.706130;-0.069765;,
   -0.666525;0.171565;-0.725472;,
   -0.971496;0.236880;0.009133;,
   -0.996429;-0.047603;-0.069735;,
   -0.696952;-0.058313;-0.714743;,
   -0.993950;-0.030543;-0.105503;,
   -0.700701;0.021168;-0.713141;,
   -0.978077;-0.207879;-0.012326;,
   -0.675221;-0.209343;-0.707285;,
   -0.636429;-0.771323;0.004238;,
   -0.442398;-0.541834;-0.714632;,
   -0.018809;-0.886664;-0.462033;,
   -0.008948;-0.999646;0.025066;,
   -0.594144;-0.803231;0.042584;,
   0.018809;-0.886664;-0.462032;,
   0.008948;-0.999646;0.025066;,
   -0.533174;-0.470863;-0.702861;,
   -0.943102;-0.329312;0.045965;,
   -0.680657;-0.224440;-0.697376;,
   -0.709943;-0.075148;-0.700239;,
   -0.993396;-0.095115;0.064168;,
   -0.701095;-0.023954;-0.712666;,
   -0.991672;0.011917;0.128235;,
   -0.682409;0.177262;-0.709152;,
   -0.935220;0.327480;0.134609;,
   -0.497321;0.493539;-0.713506;,
   -0.612843;0.783799;-0.100411;,
   -0.172343;0.683583;-0.709233;,
   -0.231028;0.971760;-0.048059;,
   0.188761;0.980703;-0.050897;,
   0.152394;0.689213;-0.708352;,
   0.435807;0.524638;-0.731319;,
   0.704636;0.706131;-0.069765;,
   0.666525;0.171565;-0.725472;,
   0.971496;0.236880;0.009133;,
   0.996429;-0.047603;-0.069735;,
   0.696952;-0.058313;-0.714743;,
   0.993950;-0.030543;-0.105503;,
   0.700701;0.021169;-0.713141;,
   0.978077;-0.207879;-0.012326;,
   0.675221;-0.209343;-0.707285;,
   0.636429;-0.771324;0.004238;,
   0.442398;-0.541835;-0.714632;,
   0.018809;-0.886664;-0.462032;,
   0.008948;-0.999646;0.025066;,
   -0.894552;-0.425927;-0.135513;,
   -0.873121;-0.480944;-0.079701;,
   -0.445721;-0.882701;-0.148903;,
   -0.392939;-0.919405;0.017152;,
   0.061632;-0.989048;-0.134109;,
   -0.880196;-0.473997;0.024130;,
   0.005410;-0.994165;0.107735;,
   -0.869371;-0.489202;0.069830;,
   -0.555790;-0.826559;0.088874;,
   0.007242;-0.986773;0.161944;,
   -0.899091;-0.436717;0.030243;,
   -0.008948;-0.999646;0.025066;,
   -0.636429;-0.771323;0.004238;,
   -0.978077;-0.207879;-0.012326;,
   -0.982322;-0.180510;-0.049589;,
   -0.993950;-0.030543;-0.105503;,
   -0.999817;-0.014733;-0.012168;,
   -0.995148;0.033528;0.092504;,
   -0.996429;-0.047603;-0.069735;,
   -0.989475;0.089060;0.114052;,
   -0.952600;0.126995;0.276450;,
   -0.971496;0.236880;0.009133;,
   -0.885898;0.241851;0.395844;,
   -0.934040;0.297272;0.197985;,
   -0.992653;0.116099;0.034080;,
   -0.989781;0.124685;-0.069196;,
   -0.982874;0.093431;-0.158838;,
   -0.914301;0.331364;-0.232919;,
   -0.736110;0.667199;-0.113963;,
   -0.740400;0.643781;0.193271;,
   -0.334114;0.942106;-0.028372;,
   -0.692736;0.391964;0.605378;,
   -0.465413;0.291647;0.835663;,
   -0.253559;0.601265;0.757752;,
   -0.118688;0.405377;0.906412;,
   -0.235374;0.936893;0.258516;,
   0.237358;0.971383;-0.008689;,
   0.248884;0.655758;0.712768;,
   0.117313;0.405276;0.906636;,
   0.454278;0.282194;0.844984;,
   0.229177;0.953979;0.193395;,
   0.824911;0.280223;0.490914;,
   0.689477;0.705015;0.166056;,
   0.657853;0.752984;0.015611;,
   0.860208;0.220518;0.459798;,
   0.947153;0.305973;-0.096339;,
   0.990944;0.064291;-0.117884;,
   0.997136;0.060716;-0.045099;,
   0.998436;0.050307;0.024382;,
   0.966972;0.240892;0.083289;,
   0.992210;0.010561;0.124131;,
   0.966428;0.055611;0.250849;,
   0.993806;-0.010542;0.110627;,
   0.969588;-0.227691;0.089759;,
   0.884217;0.057497;0.463524;,
   0.935220;0.327480;0.134610;,
   0.991672;0.011917;0.128235;,
   0.993396;-0.095115;0.064168;,
   0.943102;-0.329312;0.045965;,
   0.578864;-0.805688;0.125634;,
   0.594144;-0.803230;0.042584;,
   0.908573;-0.412739;0.064355;,
   -0.008948;-0.999646;0.025066;,
   0.007242;-0.986773;0.161944;,
   0.883434;-0.458813;0.095051;,
   0.005410;-0.994165;0.107735;,
   0.411405;-0.911000;0.028716;,
   0.886952;-0.461292;-0.022947;,
   0.061632;-0.989048;-0.134109;,
   0.867786;-0.491314;-0.074556;,
   0.504649;-0.858235;-0.093609;,
   0.904364;-0.420666;-0.071876;,
   0.894552;-0.425927;-0.135514;,
   0.445721;-0.882701;-0.148903;,
   0.873121;-0.480944;-0.079701;,
   0.392939;-0.919405;0.017152;,
   -0.061631;-0.989048;-0.134109;,
   0.880196;-0.473997;0.024130;,
