xof 0303txt 0032
template ColorRGBA {
 <35ff44e0-6c7c-11cf-8f52-0040333594a3>
 FLOAT red;
 FLOAT green;
 FLOAT blue;
 FLOAT alpha;
}

template ColorRGB {
 <d3e16e81-7835-11cf-8f52-0040333594a3>
 FLOAT red;
 FLOAT green;
 FLOAT blue;
}

template Material {
 <3d82ab4d-62da-11cf-ab39-0020af71e433>
 ColorRGBA faceColor;
 FLOAT power;
 ColorRGB specularColor;
 ColorRGB emissiveColor;
 [...]
}

template TextureFilename {
 <a42790e1-7810-11cf-8f52-0040333594a3>
 STRING filename;
}

template Frame {
 <3d82ab46-62da-11cf-ab39-0020af71e433>
 [...]
}

template Matrix4x4 {
 <f6f23f45-7686-11cf-8f52-0040333594a3>
 array FLOAT matrix[16];
}

template FrameTransformMatrix {
 <f6f23f41-7686-11cf-8f52-0040333594a3>
 Matrix4x4 frameMatrix;
}

template Vector {
 <3d82ab5e-62da-11cf-ab39-0020af71e433>
 FLOAT x;
 FLOAT y;
 FLOAT z;
}

template MeshFace {
 <3d82ab5f-62da-11cf-ab39-0020af71e433>
 DWORD nFaceVertexIndices;
 array DWORD faceVertexIndices[nFaceVertexIndices];
}

template Mesh {
 <3d82ab44-62da-11cf-ab39-0020af71e433>
 DWORD nVertices;
 array Vector vertices[nVertices];
 DWORD nFaces;
 array MeshFace faces[nFaces];
 [...]
}

template MeshNormals {
 <f6f23f43-7686-11cf-8f52-0040333594a3>
 DWORD nNormals;
 array Vector normals[nNormals];
 DWORD nFaceNormals;
 array MeshFace faceNormals[nFaceNormals];
}

template MeshMaterialList {
 <f6f23f42-7686-11cf-8f52-0040333594a3>
 DWORD nMaterials;
 DWORD nFaceIndexes;
 array DWORD faceIndexes[nFaceIndexes];
 [Material <3d82ab4d-62da-11cf-ab39-0020af71e433>]
}

template Coords2d {
 <f6f23f44-7686-11cf-8f52-0040333594a3>
 FLOAT u;
 FLOAT v;
}

template MeshTextureCoords {
 <f6f23f40-7686-11cf-8f52-0040333594a3>
 DWORD nTextureCoords;
 array Coords2d textureCoords[nTextureCoords];
}

template XSkinMeshHeader {
 <3cf169ce-ff7c-44ab-93c0-f78f62d172e2>
 WORD nMaxSkinWeightsPerVertex;
 WORD nMaxSkinWeightsPerFace;
 WORD nBones;
}

template SkinWeights {
 <6f0d123b-bad2-4167-a0d0-80224f25fabb>
 STRING transformNodeName;
 DWORD nWeights;
 array DWORD vertexIndices[nWeights];
 array FLOAT weights[nWeights];
 Matrix4x4 matrixOffset;
}

template AnimTicksPerSecond {
 <9e415a43-7ba6-4a73-8743-b73d47e88476>
 DWORD AnimTicksPerSecond;
}

template Animation {
 <3d82ab4f-62da-11cf-ab39-0020af71e433>
 [...]
}

template AnimationSet {
 <3d82ab50-62da-11cf-ab39-0020af71e433>
 [Animation <3d82ab4f-62da-11cf-ab39-0020af71e433>]
}

template FloatKeys {
 <10dd46a9-775b-11cf-8f52-0040333594a3>
 DWORD nValues;
 array FLOAT values[nValues];
}

template TimedFloatKeys {
 <f406b180-7b3b-11cf-8f52-0040333594a3>
 DWORD time;
 FloatKeys tfkeys;
}

template AnimationKey {
 <10dd46a8-775b-11cf-8f52-0040333594a3>
 DWORD keyType;
 DWORD nKeys;
 array TimedFloatKeys keys[nKeys];
}


Material Material__72176_174 {
 1.000000;1.000000;1.000000;1.000000;;
 43.219280;
 0.020000;0.020000;0.020000;;
 0.000000;0.000000;0.000000;;

 TextureFilename {
  "11700071_C_CatSlipper_D.dds";
 }
}

Material Standard_13aa_190 {
 1.000000;1.000000;1.000000;1.000000;;
 43.219280;
 0.020000;0.020000;0.020000;;
 0.000000;0.000000;0.000000;;

 TextureFilename {
  "F_Skin_body_D.dds";
 }
}

Frame Scene_Root {
 

 FrameTransformMatrix {
  0.393701,0.000000,0.000000,0.000000,0.000000,-0.000000,-0.393701,0.000000,0.000000,0.393701,-0.000000,0.000000,0.000000,0.000000,0.000000,1.000000;;
 }

 Frame Bip01 {
  

  FrameTransformMatrix {
   0.000001,0.997564,-0.069757,0.000000,-1.000000,0.000001,-0.000000,0.000000,0.000000,0.069757,0.997564,0.000000,0.013153,1.995826,45.297594,1.000000;;
  }

  Frame Bip01_Footsteps {
   

   FrameTransformMatrix {
    0.000002,-1.000000,0.000000,0.000000,0.997564,0.000002,0.069757,0.000000,-0.069757,-0.000000,0.997564,0.000000,3.162076,0.000004,-45.219146,1.000000;;
   }
  }

  Frame Bip01_Pelvis {
   

   FrameTransformMatrix {
    0.000001,-0.000000,1.000000,0.000000,-1.000000,0.000001,0.000001,0.000000,-0.000001,-1.000000,-0.000000,0.000000,0.000000,0.000000,0.000000,1.000000;;
   }

   Frame Bip01_Spine {
    

    FrameTransformMatrix {
     0.998707,-0.050824,0.000001,0.000000,0.050824,0.998708,0.000004,0.000000,-0.000001,-0.000004,1.000000,0.000000,3.672924,-0.256297,0.000005,1.000000;;
    }

    Frame Bip01_Spine1 {
     

     FrameTransformMatrix {
      0.996899,0.078688,-0.000000,0.000000,-0.078688,0.996900,0.000000,0.000000,0.000000,-0.000000,1.000000,0.000000,5.748703,0.004559,-0.000000,1.000000;;
     }

     Frame Bip01_Spine2 {
      

      FrameTransformMatrix {
       0.983435,0.181259,-0.000001,0.000000,-0.181260,0.983436,0.000000,0.000000,0.000001,0.000000,1.000000,0.000000,5.739044,0.013319,-0.000000,1.000000;;
      }

      Frame Bip01_Neck {
       

       FrameTransformMatrix {
        0.967684,-0.252167,0.000001,0.000000,0.252168,0.967684,0.000000,0.000000,-0.000001,0.000000,1.000000,0.000000,17.185211,0.674539,0.000002,1.000000;;
       }

       Frame Bip01_Head {
        

        FrameTransformMatrix {
         0.993567,0.113247,-0.000000,0.000000,-0.113247,0.993567,0.000000,0.000000,0.000000,0.000000,1.000000,0.000000,4.018600,0.785322,-0.013147,1.000000;;
        }

        Frame Bip01_HeadNub {
         

         FrameTransformMatrix {
          1.000000,0.000000,-0.000000,0.000000,-0.000000,1.000000,0.000000,0.000000,0.000000,-0.000000,1.000000,0.000000,51.565370,0.000000,-0.000001,1.000000;;
         }
        }

        Frame Tail_Point02 {
         

         FrameTransformMatrix {
          0.000001,-0.000000,1.000000,0.000000,-1.000000,-0.001053,0.000001,0.000000,0.001053,-1.000000,-0.000000,0.000000,16.815750,-15.102230,19.392774,1.000000;;
         }
        }

        Frame Tail_Point01 {
         

         FrameTransformMatrix {
          0.000001,-0.000000,1.000000,0.000000,-1.000000,-0.001053,0.000001,0.000000,0.001053,-1.000000,-0.000000,0.000000,10.205887,-23.173664,4.274390,1.000000;;
         }
        }

        Frame Tail_Point04 {
         

         FrameTransformMatrix {
          0.000001,-0.000000,1.000000,0.000000,-1.000000,-0.001053,0.000001,0.000000,0.001053,-1.000000,-0.000000,0.000000,16.816238,-15.102278,-19.392982,1.000000;;
         }
        }

        Frame Tail_Point03 {
         

         FrameTransformMatrix {
          0.000001,-0.000000,1.000000,0.000000,-1.000000,-0.001053,0.000001,0.000000,0.001053,-1.000000,-0.000000,0.000000,10.205734,-23.173675,-4.273971,1.000000;;
         }
        }

        Frame Tail_Point05 {
         

         FrameTransformMatrix {
          0.000001,-0.000000,1.000000,0.000000,-1.000000,-0.001053,0.000001,0.000000,0.001053,-1.000000,-0.000000,0.000000,16.056053,-22.219256,9.580284,1.000000;;
         }
        }

        Frame Tail_Point06 {
         

         FrameTransformMatrix {
          0.000001,-0.000000,1.000000,0.000000,-1.000000,-0.001053,0.000001,0.000000,0.001053,-1.000000,-0.000000,0.000000,6.344940,-18.883522,13.965822,1.000000;;
         }
        }

        Frame Tail_Point07 {
         

         FrameTransformMatrix {
          0.000001,-0.000000,1.000000,0.000000,-1.000000,-0.001053,0.000001,0.000000,0.001053,-1.000000,-0.000000,0.000000,6.742806,-18.883146,-14.099018,1.000000;;
         }
        }

        Frame Tail_Point08 {
         

         FrameTransformMatrix {
          0.000001,-0.000000,1.000000,0.000000,-1.000000,-0.001053,0.000001,0.000000,0.001053,-1.000000,-0.000000,0.000000,16.056030,-22.219278,-9.579971,1.000000;;
         }
        }
       }

       Frame Bip01_L_Clavicle {
        

        FrameTransformMatrix {
         -0.307849,-0.008913,0.951393,0.000000,0.252271,-0.964930,0.072590,0.000000,0.917381,0.262355,0.299302,0.000000,-1.842415,0.188778,3.177583,1.000000;;
        }

        Frame Bip01_L_UpperArm {
         

         FrameTransformMatrix {
          0.835931,-0.092037,-0.541063,0.000000,-0.025557,0.978242,-0.205888,0.000000,0.548240,0.185936,0.815390,0.000000,7.100719,-0.000001,0.000008,1.000000;;
         }

         Frame Bip01_L_Forearm {
          

          FrameTransformMatrix {
           0.999999,0.001452,-0.000000,0.000000,-0.001452,0.999999,-0.000000,0.000000,0.000000,0.000000,1.000000,0.000000,15.525939,0.000000,-0.000008,1.000000;;
          }

          Frame Bip01_L_Hand {
           

           FrameTransformMatrix {
            0.999650,-0.022704,0.013559,0.000000,-0.014317,-0.033570,0.999334,0.000000,-0.022233,-0.999179,-0.033883,0.000000,13.317222,-0.000001,-0.000004,1.000000;;
           }

           Frame Weapon_Hand_L_Point {
            

            FrameTransformMatrix {
             0.039464,-0.100056,0.994199,0.000000,0.998798,-0.024994,-0.042162,0.000000,0.029067,0.994668,0.098950,0.000000,11.464715,-1.377167,-0.147705,1.000000;;
            }
           }
          }
         }
        }
       }

       Frame Bip01_R_Clavicle {
        

        FrameTransformMatrix {
         -0.307849,-0.008918,-0.951394,0.000000,0.252271,-0.964931,-0.072584,0.000000,-0.917381,-0.262354,0.299303,0.000000,-1.842430,0.188762,-3.177590,1.000000;;
        }

        Frame Bip01_R_UpperArm {
         

         FrameTransformMatrix {
          0.835930,-0.092037,0.541063,0.000000,-0.025557,0.978242,0.205888,0.000000,-0.548240,-0.185936,0.815390,0.000000,7.100721,0.000001,-0.000015,1.000000;;
         }

         Frame Bip01_R_Forearm {
          

          FrameTransformMatrix {
           0.999999,0.001452,0.000000,0.000000,-0.001452,0.999999,0.000000,0.000000,0.000000,-0.000000,1.000000,0.000000,15.525955,0.000000,0.000000,1.000000;;
          }

          Frame Bip01_R_Hand {
           

           FrameTransformMatrix {
            0.999650,-0.022704,-0.013559,0.000000,-0.014317,-0.033570,-0.999334,0.000000,0.022233,0.999179,-0.033883,0.000000,13.317234,-0.000000,-0.000008,1.000000;;
           }

           Frame Weapon_Hand_R_Point {
            

            FrameTransformMatrix {
             -0.074295,0.100867,0.992123,0.000000,0.996813,-0.021483,0.076830,0.000000,0.029064,0.994669,-0.098950,0.000000,11.482882,-1.359409,0.123646,1.000000;;
            }
           }
          }
         }
        }
       }
      }
     }

     Frame Weapon_Back_B_Point {
      

      FrameTransformMatrix {
       0.040356,-0.997590,0.056439,0.000000,0.641886,0.069172,0.763674,0.000000,-0.765738,0.005408,0.643130,0.000000,6.044247,14.009643,3.010172,1.000000;;
      }
     }

     Frame Weapon_Back_R_Point {
      

      FrameTransformMatrix {
       -0.040305,-0.993897,0.102682,0.000000,-0.485235,0.109303,0.867525,0.000000,-0.873454,-0.014859,-0.486679,0.000000,22.008560,10.240378,-28.863226,1.000000;;
      }
     }
    }
   }

   Frame Bip01_L_Thigh {
    

    FrameTransformMatrix {
     -0.997055,0.052067,0.056309,0.000000,0.051801,0.998638,-0.006171,0.000000,-0.056553,-0.003236,-0.998394,0.000000,-0.000011,-0.000013,7.749224,1.000000;;
    }

    Frame Bip01_L_Calf {
     

     FrameTransformMatrix {
      0.999627,0.027315,-0.000000,0.000000,-0.027315,0.999627,-0.000000,0.000000,0.000000,0.000000,1.000000,0.000000,22.080971,-0.000000,0.000001,1.000000;;
     }

     Frame Bip01_L_Foot {
      

      FrameTransformMatrix {
       0.987421,-0.147811,0.056152,0.000000,0.146646,0.988890,0.024354,0.000000,-0.059128,-0.015813,0.998125,0.000000,14.997718,-0.000000,-0.000003,1.000000;;
      }

      Frame Bip01_L_Toe0 {
       

       FrameTransformMatrix {
        -0.000000,-1.000000,-0.000000,0.000000,1.000000,-0.000000,-0.000000,0.000000,0.000000,-0.000000,1.000000,0.000000,8.640066,-6.144475,-0.000000,1.000000;;
       }
      }
     }

     Frame L_Calf_Point01 {
      

      FrameTransformMatrix {
       0.987262,-0.148879,0.056111,0.000000,0.147711,0.988729,0.024430,0.000000,-0.059116,-0.015831,0.998126,0.000000,12.996113,0.544429,-1.375637,1.000000;;
      }
     }
    }
   }

   Frame Bip01_R_Thigh {
    

    FrameTransformMatrix {
     -0.997055,0.052067,-0.056311,0.000000,0.051801,0.998639,0.006174,0.000000,0.056556,0.003238,-0.998395,0.000000,0.000011,0.000009,-7.749222,1.000000;;
    }

    Frame Bip01_R_Calf {
     

     FrameTransformMatrix {
      0.999627,0.027315,-0.000000,0.000000,-0.027315,0.999627,-0.000000,0.000000,0.000000,0.000000,1.000001,0.000000,22.080992,-0.000000,-0.000002,1.000000;;
     }

     Frame Bip01_R_Foot {
      

      FrameTransformMatrix {
       0.987421,-0.147811,-0.056152,0.000000,0.146646,0.988889,-0.024354,0.000000,0.059128,0.015814,0.998126,0.000000,14.997718,-0.000002,-0.000001,1.000000;;
      }

      Frame Bip01_R_Toe0 {
       

       FrameTransformMatrix {
        -0.000000,-1.000000,-0.000000,0.000000,1.000001,-0.000000,-0.000000,0.000000,0.000000,-0.000000,1.000001,0.000000,8.640072,-6.144475,0.000002,1.000000;;
       }
      }
     }

     Frame R_Calf_Point01 {
      

      FrameTransformMatrix {
       0.987418,-0.147839,-0.056125,0.000000,0.146677,0.988886,-0.024316,0.000000,0.059096,0.015778,0.998128,0.000000,12.995920,0.544455,1.372128,1.000000;;
      }
     }
    }
   }

   Frame Weapon_Side_L_Point {
    

    FrameTransformMatrix {
     -0.395956,-0.031511,-0.917728,0.000000,-0.496462,0.848098,0.185080,0.000000,0.772492,0.528901,-0.351454,0.000000,3.514828,-8.649691,15.920971,1.000000;;
    }
   }

   Frame Weapon_Side_R_Point {
    

    FrameTransformMatrix {
     0.375618,0.017156,-0.926615,0.000000,-0.498300,0.846749,-0.186317,0.000000,0.781414,0.531716,0.326603,0.000000,3.401978,-8.603474,-15.780378,1.000000;;
    }
   }
  }

  Frame EFF_Lock_D {
   

   FrameTransformMatrix {
    0.997581,0.000000,0.069521,0.000000,-0.000000,1.000000,0.000000,0.000000,-0.069521,-0.000000,0.997580,0.000000,1.168878,0.013154,-45.326448,1.000000;;
   }

   Frame Extra_Point01 {
    

    FrameTransformMatrix {
     0.000001,-1.000000,-0.000000,0.000000,1.000000,0.000001,0.000237,0.000000,-0.000237,-0.000000,1.000000,0.000000,-0.000002,-0.000001,-0.000004,1.000000;;
    }
   }
  }

  Frame Move_Link_D {
   

   FrameTransformMatrix {
    0.997564,-0.000000,0.069757,0.000000,0.000000,1.000000,-0.000000,0.000000,-0.069757,0.000000,0.997564,0.000000,0.748200,0.000001,-10.699589,1.000000;;
   }

   Frame EFF_Move_D {
    

    FrameTransformMatrix {
     1.000000,0.000001,-0.000000,0.000000,-0.000001,1.000000,0.000000,0.000000,0.000000,-0.000000,1.000000,0.000000,-1.706174,0.013154,-34.571846,1.000000;;
    }
   }
  }

  Frame SATA9NI_Link_Point02 {
   

   FrameTransformMatrix {
    -0.997564,-0.000001,-0.069756,0.000000,0.069756,0.000000,-0.997564,0.000000,0.000001,-1.000000,-0.000000,0.000000,0.434791,0.010962,-41.792867,1.000000;;
   }
  }

  Frame SATA9NI_Lock_Dummy01 {
   

   FrameTransformMatrix {
    0.000001,-1.000000,0.000000,0.000000,0.997564,0.000001,0.069757,0.000000,-0.069757,-0.000000,0.997564,0.000000,1.168831,0.013159,-45.326448,1.000000;;
   }
  }
 }

 Frame SH {
  

  FrameTransformMatrix {
   1.000000,0.000000,0.000000,0.000000,0.000000,1.000000,0.000000,0.000000,0.000000,0.000000,1.000000,0.000000,0.000000,0.000000,0.000000,1.000000;;
  }
 }

 Frame SH_Skin {
  

  FrameTransformMatrix {
   1.000000,0.000000,0.000000,0.000000,0.000000,1.000000,0.000000,0.000000,0.000000,0.000000,1.000000,0.000000,0.000000,0.000000,0.000000,1.000000;;
  }
 }
}

Frame SH_ {
 

 FrameTransformMatrix {
  0.393701,0.000000,0.000000,0.000000,0.000000,-0.000000,-0.393701,0.000000,0.000000,0.393701,-0.000000,0.000000,0.000000,0.000000,0.000000,1.000000;;
 }

 Mesh SH_ {
  338;
  5.010070;-4.760192;0.041481;,
  15.037872;-0.585289;0.041464;,
  14.264040;-4.762044;0.041485;,
  15.037872;-0.585289;0.041464;,
  5.010070;-4.760192;0.041481;,
  5.203911;-0.585251;0.041480;,
  -14.264042;-4.762047;0.041466;,
  -15.037875;-0.585292;0.041446;,
  -5.010067;-4.760195;0.041462;,
  -5.203909;-0.585253;0.041462;,
  -5.010067;-4.760195;0.041462;,
  -15.037875;-0.585292;0.041446;,
  5.203911;-0.585251;0.041480;,
  15.171429;2.881389;0.041474;,
  15.037872;-0.585289;0.041464;,
  15.171429;2.881389;0.041474;,
  5.203911;-0.585251;0.041480;,
  4.817355;2.882618;0.041457;,
  -15.037875;-0.585292;0.041446;,
  -15.171432;2.881387;0.041454;,
  -5.203909;-0.585253;0.041462;,
  -4.817354;2.882617;0.041438;,
  -5.203909;-0.585253;0.041462;,
  -15.171432;2.881387;0.041454;,
  14.264040;-4.762044;0.041485;,
  6.241218;-7.890313;0.041472;,
  5.010070;-4.760192;0.041481;,
  -5.010067;-4.760195;0.041462;,
  -6.241215;-7.890315;0.041454;,
  -14.264042;-4.762047;0.041466;,
  14.264040;-4.762044;0.041485;,
  9.479316;-9.772700;0.041470;,
  6.241218;-7.890313;0.041472;,
  -6.241215;-7.890315;0.041454;,
  -9.479314;-9.772703;0.041452;,
  -14.264042;-4.762047;0.041466;,
  4.639643;5.079613;0.041482;,
  13.936520;7.393121;0.041484;,
  14.931117;5.072127;0.041478;,
  15.171429;2.881389;0.041474;,
  4.639643;5.079613;0.041482;,
  14.931117;5.072127;0.041478;,
  -14.931120;5.072124;0.041458;,
  -13.936523;7.393119;0.041462;,
  -4.639642;5.079611;0.041462;,
  4.639643;5.079613;0.041482;,
  15.171429;2.881389;0.041474;,
  4.817355;2.882618;0.041457;,
  -14.931120;5.072124;0.041458;,
  -4.639642;5.079611;0.041462;,
  -15.171432;2.881387;0.041454;,
  13.936520;7.393121;0.041484;,
  4.639643;5.079613;0.041482;,
  5.544090;7.537942;0.041485;,
  -4.817354;2.882617;0.041438;,
  -15.171432;2.881387;0.041454;,
  -4.639642;5.079611;0.041462;,
  -5.544090;7.537941;0.041464;,
  -4.639642;5.079611;0.041462;,
  -13.936523;7.393119;0.041462;,
  5.544090;7.537942;0.041485;,
  11.478564;8.896464;0.041482;,
  13.936520;7.393121;0.041484;,
  -13.936523;7.393119;0.041462;,
  -11.478567;8.896462;0.041460;,
  -5.544090;7.537941;0.041464;,
  14.264040;-4.762044;0.041485;,
  12.869550;-7.890542;0.041470;,
  9.479316;-9.772700;0.041470;,
  -9.479314;-9.772703;0.041452;,
  -12.869549;-7.890545;0.041451;,
  -14.264042;-4.762047;0.041466;,
  11.478564;8.896464;0.041482;,
  5.544090;7.537942;0.041485;,
  7.768952;8.895426;0.041483;,
  -7.768954;8.895424;0.041462;,
  -5.544090;7.537941;0.041464;,
  -11.478567;8.896462;0.041460;,
  7.650500;4.896152;8.399961;,
  6.653184;3.624072;7.822692;,
  7.853001;3.937222;8.323300;,
  6.555451;5.199775;8.003014;,
  7.547350;6.849464;7.432476;,
  5.569538;3.600143;8.740836;,
  4.811552;2.972111;8.177135;,
  5.590726;2.752012;6.950223;,
  4.323569;3.522012;9.135732;,
  4.005227;3.259876;7.685206;,
  4.121410;2.798844;5.655871;,
  5.622388;4.876230;8.862081;,
  4.060137;4.477805;9.508821;,
  3.776284;4.330937;7.549055;,
  4.812435;4.746232;7.878223;,
  3.863879;4.402194;5.625012;,
  5.346007;5.023884;7.024808;,
  4.168848;5.261071;5.427017;,
  3.600874;3.142901;3.368774;,
  3.666513;2.701865;3.443622;,
  3.792744;2.813452;1.682752;,
  3.613748;5.105615;3.401245;,
  3.757764;5.105677;1.698480;,
  4.438558;6.900658;5.234723;,
  7.660381;7.991342;5.952204;,
  7.632242;8.994962;5.035154;,
  4.802409;7.866157;3.426710;,
  7.618220;9.636321;3.416911;,
  4.881716;7.999185;1.720241;,
  7.681707;9.649238;1.720994;,
  -7.853002;3.937221;8.323282;,
  -6.653185;3.624071;7.822672;,
  -7.650502;4.896152;8.399942;,
  -6.555452;5.199774;8.002994;,
  -7.547352;6.849463;7.432456;,
  -5.569538;3.600142;8.740817;,
  -4.811553;2.972110;8.177116;,
  -5.590723;2.752010;6.950206;,
  -4.323570;3.522012;9.135713;,
  -4.005228;3.259876;7.685186;,
  -4.121410;2.798844;5.655852;,
  -5.622389;4.876230;8.862062;,
  -4.060138;4.477805;9.508802;,
  -3.776284;4.330936;7.549035;,
  -4.812436;4.746232;7.878203;,
  -3.863879;4.402192;5.624992;,
  -5.346008;5.023884;7.024788;,
  -4.168848;5.261070;5.426997;,
  -3.600874;3.142900;3.368755;,
  -3.666512;2.701864;3.443603;,
  -3.792742;2.813451;1.682732;,
  -3.613747;5.105614;3.401225;,
  -3.757763;5.105676;1.698461;,
  -4.438558;6.900658;5.234702;,
  -7.660382;7.991342;5.952183;,
  -7.632244;8.994961;5.035134;,
  -4.802410;7.866156;3.426689;,
  -7.618222;9.636320;3.416890;,
  -4.881716;7.999184;1.720220;,
  -7.681708;9.649237;1.720973;,
  15.460466;-0.551244;3.136396;,
  15.868912;2.843173;1.723685;,
  15.793416;2.688024;3.468278;,
  3.666513;2.701865;3.443622;,
  15.452029;-0.586124;1.756958;,
  4.145034;-0.552530;3.136253;,
  3.792744;2.813452;1.682752;,
  4.598417;-0.586040;1.758147;,
  4.338432;-4.879479;1.757550;,
  14.837462;-4.830057;3.136240;,
  14.796773;-4.881455;1.757497;,
  13.097525;-8.144048;1.756893;,
  4.121267;-4.821876;3.136310;,
  13.259622;-8.055096;3.136385;,
  5.701670;-8.059208;3.136513;,
  6.031702;-8.150535;1.757128;,
  9.467887;-9.932237;3.136448;,
  9.506434;-10.094928;1.757010;,
  9.542882;4.897512;8.648919;,
  7.853001;3.937222;8.323300;,
  9.545585;3.938326;8.573457;,
  7.650500;4.896152;8.399961;,
  11.274282;3.939428;8.329378;,
  9.546362;6.849086;7.673749;,
  7.547350;6.849464;7.432476;,
  7.660381;7.991342;5.952204;,
  11.387048;4.898872;8.403639;,
  12.353358;3.623269;7.877874;,
  11.558038;7.989693;5.902604;,
  7.632242;8.994962;5.035154;,
  11.605696;6.848705;7.420783;,
  11.578100;8.995416;5.012240;,
  7.618220;9.636321;3.416911;,
  14.704994;6.622376;5.317696;,
  11.583009;9.639550;3.418069;,
  7.681707;9.649238;1.720994;,
  11.524671;9.649459;1.721639;,
  14.691418;7.868040;3.416384;,
  14.544370;7.855182;1.709257;,
  15.618712;5.123994;1.707177;,
  15.829387;5.101974;3.401802;,
  15.868912;2.843173;1.723685;,
  14.883347;5.157075;5.512816;,
  15.891499;3.238927;3.415528;,
  15.793416;2.688024;3.468278;,
  14.897053;2.793123;5.673587;,
  15.165387;4.379640;5.680197;,
  15.253712;4.330936;7.549054;,
  13.688451;5.017842;7.036330;,
  15.024771;3.259876;7.685203;,
  13.441053;2.751347;6.948161;,
  14.217562;4.746232;7.878222;,
  14.969859;4.477804;9.508821;,
  12.444725;5.196033;8.060110;,
  13.413501;4.877110;8.863202;,
  13.465098;3.600548;8.744052;,
  14.706430;3.522012;9.135730;,
  14.218446;2.972110;8.177135;,
  -15.793419;2.688022;3.468259;,
  -15.868915;2.843171;1.723666;,
  -15.460466;-0.551247;3.136378;,
  -3.666512;2.701864;3.443603;,
  -15.452030;-0.586127;1.756940;,
  -4.145030;-0.552532;3.136235;,
  -3.792742;2.813451;1.682732;,
  -4.598414;-0.586042;1.758129;,
  -4.338428;-4.879481;1.757532;,
  -14.837462;-4.830060;3.136222;,
  -14.796773;-4.881458;1.757479;,
  -13.097524;-8.144050;1.756875;,
  -4.121262;-4.821878;3.136293;,
  -5.701666;-8.059210;3.136495;,
  -6.031699;-8.150538;1.757110;,
  -13.259621;-8.055098;3.136367;,
  -9.467885;-9.932239;3.136430;,
  -9.506433;-10.094930;1.756992;,
  -9.545587;3.938324;8.573437;,
  -7.853002;3.937221;8.323282;,
  -9.542885;4.897511;8.648900;,
  -7.650502;4.896152;8.399942;,
  -11.274286;3.939427;8.329358;,
  -9.546365;6.849084;7.673729;,
  -7.547352;6.849463;7.432456;,
  -7.660382;7.991342;5.952183;,
  -11.387050;4.898870;8.403619;,
  -12.353360;3.623268;7.877854;,
  -11.558042;7.989691;5.902583;,
  -7.632244;8.994961;5.035134;,
  -11.605698;6.848703;7.420763;,
  -11.578104;8.995414;5.012218;,
  -7.618222;9.636320;3.416890;,
  -14.704997;6.622374;5.317675;,
  -11.583013;9.639548;3.418048;,
  -7.681708;9.649237;1.720973;,
  -11.524674;9.649457;1.721617;,
  -14.691421;7.868038;3.416363;,
  -14.544373;7.855179;1.709236;,
  -15.618715;5.123992;1.707157;,
  -15.829392;5.101971;3.401782;,
  -15.868915;2.843171;1.723666;,
  -14.883352;5.157073;5.512796;,
  -15.891502;3.238925;3.415508;,
  -15.793419;2.688022;3.468259;,
  -14.897056;2.793121;5.673569;,
  -15.165390;4.379639;5.680177;,
  -15.253717;4.330934;7.549034;,
  -13.688454;5.017840;7.036311;,
  -15.024776;3.259874;7.685183;,
  -13.441053;2.751344;6.948144;,
  -14.217566;4.746230;7.878202;,
  -14.969864;4.477803;9.508801;,
  -14.218451;2.972109;8.177115;,
  -14.706434;3.522010;9.135713;,
  -13.413506;4.877108;8.863182;,
  -13.465102;3.600546;8.744032;,
  -12.444728;5.196032;8.060090;,
  9.479316;-9.772700;0.041470;,
  13.097525;-8.144048;1.756893;,
  9.506434;-10.094928;1.757010;,
  6.031702;-8.150535;1.757128;,
  12.869550;-7.890542;0.041470;,
  6.241218;-7.890313;0.041472;,
  14.796773;-4.881455;1.757497;,
  4.338432;-4.879479;1.757550;,
  14.264040;-4.762044;0.041485;,
  5.010070;-4.760192;0.041481;,
  15.452029;-0.586124;1.756958;,
  4.598417;-0.586040;1.758147;,
  15.037872;-0.585289;0.041464;,
  5.203911;-0.585251;0.041480;,
  15.868912;2.843173;1.723685;,
  3.792744;2.813452;1.682752;,
  15.171429;2.881389;0.041474;,
  4.817355;2.882618;0.041457;,
  15.618712;5.123994;1.707177;,
  4.639643;5.079613;0.041482;,
  14.931117;5.072127;0.041478;,
  3.757764;5.105677;1.698480;,
  14.544370;7.855182;1.709257;,
  4.881716;7.999185;1.720241;,
  13.936520;7.393121;0.041484;,
  5.544090;7.537942;0.041485;,
  11.478564;8.896464;0.041482;,
  7.681707;9.649238;1.720994;,
  11.524671;9.649459;1.721639;,
  7.768952;8.895426;0.041483;,
  -9.506433;-10.094930;1.756992;,
  -13.097524;-8.144050;1.756875;,
  -9.479314;-9.772703;0.041452;,
  -6.031699;-8.150538;1.757110;,
  -12.869549;-7.890545;0.041451;,
  -6.241215;-7.890315;0.041454;,
  -14.796773;-4.881458;1.757479;,
  -4.338428;-4.879481;1.757532;,
  -14.264042;-4.762047;0.041466;,
  -5.010067;-4.760195;0.041462;,
  -15.452030;-0.586127;1.756940;,
  -4.598414;-0.586042;1.758129;,
  -15.037875;-0.585292;0.041446;,
  -5.203909;-0.585253;0.041462;,
  -15.868915;2.843171;1.723666;,
  -3.792742;2.813451;1.682732;,
  -15.171432;2.881387;0.041454;,
  -4.817354;2.882617;0.041438;,
  -15.618715;5.123992;1.707157;,
  -4.639642;5.079611;0.041462;,
  -14.931120;5.072124;0.041458;,
  -3.757763;5.105676;1.698461;,
  -14.544373;7.855179;1.709236;,
  -4.881716;7.999184;1.720220;,
  -13.936523;7.393119;0.041462;,
  -5.544090;7.537941;0.041464;,
  -11.478567;8.896462;0.041460;,
  -7.681708;9.649237;1.720973;,
  -11.524674;9.649457;1.721617;,
  -7.768954;8.895424;0.041462;,
  14.897053;2.793123;5.673587;,
  9.515126;3.708990;4.026661;,
  15.793416;2.688024;3.468278;,
  3.666513;2.701865;3.443622;,
  13.441053;2.751347;6.948161;,
  4.121410;2.798844;5.655871;,
  12.353358;3.623269;7.877874;,
  5.590726;2.752012;6.950223;,
  11.274282;3.939428;8.329378;,
  6.653184;3.624072;7.822692;,
  9.545585;3.938326;8.573457;,
  7.853001;3.937222;8.323300;,
  -15.793419;2.688022;3.468259;,
  -9.515127;3.708988;4.026642;,
  -14.897056;2.793121;5.673569;,
  -3.666512;2.701864;3.443603;,
  -13.441053;2.751344;6.948144;,
  -4.121410;2.798844;5.655852;,
  -12.353360;3.623268;7.877854;,
  -5.590723;2.752010;6.950206;,
  -11.274286;3.939427;8.329358;,
  -6.653185;3.624071;7.822672;,
  -9.545587;3.938324;8.573437;,
  -7.853002;3.937221;8.323282;;
  364;
  3;0,1,2;,
  3;3,4,5;,
  3;6,7,8;,
  3;9,10,11;,
  3;12,13,14;,
  3;15,16,17;,
  3;18,19,20;,
  3;21,22,23;,
  3;24,25,26;,
  3;27,28,29;,
  3;30,31,32;,
  3;33,34,35;,
  3;36,37,38;,
  3;39,40,41;,
  3;42,43,44;,
  3;45,46,47;,
  3;48,49,50;,
  3;51,52,53;,
  3;54,55,56;,
  3;57,58,59;,
  3;60,61,62;,
  3;63,64,65;,
  3;66,67,68;,
  3;69,70,71;,
  3;72,73,74;,
  3;75,76,77;,
  3;78,79,80;,
  3;79,78,81;,
  3;81,78,82;,
  3;81,83,79;,
  3;84,79,83;,
  3;79,84,85;,
  3;86,84,83;,
  3;87,85,84;,
  3;86,87,84;,
  3;85,87,88;,
  3;89,86,83;,
  3;83,81,89;,
  3;90,87,86;,
  3;86,89,90;,
  3;87,90,91;,
  3;91,88,87;,
  3;89,92,90;,
  3;92,91,90;,
  3;81,92,89;,
  3;88,91,93;,
  3;92,93,91;,
  3;92,81,94;,
  3;93,92,94;,
  3;81,95,94;,
  3;93,94,95;,
  3;95,81,82;,
  3;96,88,93;,
  3;88,96,97;,
  3;98,97,96;,
  3;93,99,96;,
  3;99,98,96;,
  3;99,93,95;,
  3;98,99,100;,
  3;99,95,101;,
  3;82,101,95;,
  3;101,82,102;,
  3;101,102,103;,
  3;99,101,104;,
  3;103,104,101;,
  3;104,100,99;,
  3;104,103,105;,
  3;100,104,106;,
  3;107,104,105;,
  3;104,107,106;,
  3;108,109,110;,
  3;111,110,109;,
  3;112,110,111;,
  3;109,113,111;,
  3;113,109,114;,
  3;115,114,109;,
  3;113,114,116;,
  3;114,115,117;,
  3;114,117,116;,
  3;118,117,115;,
  3;113,116,119;,
  3;119,111,113;,
  3;116,117,120;,
  3;120,119,116;,
  3;121,120,117;,
  3;117,118,121;,
  3;120,122,119;,
  3;120,121,122;,
  3;119,122,111;,
  3;123,121,118;,
  3;121,123,122;,
  3;124,111,122;,
  3;124,122,123;,
  3;124,125,111;,
  3;125,124,123;,
  3;112,111,125;,
  3;123,118,126;,
  3;127,126,118;,
  3;126,127,128;,
  3;126,129,123;,
  3;126,128,129;,
  3;125,123,129;,
  3;130,129,128;,
  3;131,125,129;,
  3;125,131,112;,
  3;132,112,131;,
  3;133,132,131;,
  3;134,131,129;,
  3;131,134,133;,
  3;129,130,134;,
  3;135,133,134;,
  3;136,134,130;,
  3;135,134,137;,
  3;136,137,134;,
  3;138,139,140;,
  3;141,138,140;,
  3;139,138,142;,
  3;138,141,143;,
  3;144,143,141;,
  3;143,144,145;,
  3;146,143,145;,
  3;147,142,138;,
  3;143,147,138;,
  3;142,147,148;,
  3;147,149,148;,
  3;147,143,150;,
  3;143,146,150;,
  3;149,147,151;,
  3;146,152,150;,
  3;152,147,150;,
  3;147,152,151;,
  3;152,146,153;,
  3;154,151,152;,
  3;153,154,152;,
  3;154,149,151;,
  3;154,153,155;,
  3;149,154,155;,
  3;156,157,158;,
  3;157,156,159;,
  3;160,156,158;,
  3;161,159,156;,
  3;159,161,162;,
  3;161,163,162;,
  3;156,160,164;,
  3;164,161,156;,
  3;165,164,160;,
  3;161,166,163;,
  3;166,167,163;,
  3;161,164,168;,
  3;168,166,161;,
  3;167,166,169;,
  3;169,170,167;,
  3;168,171,166;,
  3;171,169,166;,
  3;170,169,172;,
  3;172,173,170;,
  3;173,172,174;,
  3;169,175,172;,
  3;175,174,172;,
  3;175,169,171;,
  3;174,175,176;,
  3;175,177,176;,
  3;177,175,178;,
  3;171,178,175;,
  3;178,179,177;,
  3;180,178,171;,
  3;171,168,180;,
  3;179,178,181;,
  3;181,182,179;,
  3;181,183,182;,
  3;178,184,181;,
  3;183,181,184;,
  3;184,178,180;,
  3;185,183,184;,
  3;184,180,186;,
  3;183,185,187;,
  3;187,188,183;,
  3;184,189,185;,
  3;189,184,186;,
  3;189,190,185;,
  3;190,187,185;,
  3;191,189,186;,
  3;180,191,186;,
  3;191,180,168;,
  3;191,168,164;,
  3;164,165,191;,
  3;189,191,192;,
  3;192,190,189;,
  3;193,191,165;,
  3;191,193,192;,
  3;192,194,190;,
  3;194,192,193;,
  3;187,190,194;,
  3;194,193,195;,
  3;194,195,187;,
  3;165,195,193;,
  3;188,187,195;,
  3;195,165,188;,
  3;196,197,198;,
  3;196,198,199;,
  3;200,198,197;,
  3;201,199,198;,
  3;199,201,202;,
  3;203,202,201;,
  3;203,201,204;,
  3;198,200,205;,
  3;198,205,201;,
  3;206,205,200;,
  3;206,207,205;,
  3;208,204,201;,
  3;208,201,205;,
  3;208,209,204;,
  3;208,205,209;,
  3;210,204,209;,
  3;211,209,205;,
  3;211,205,207;,
  3;209,212,210;,
  3;209,211,212;,
  3;211,207,212;,
  3;213,210,212;,
  3;213,212,207;,
  3;214,215,216;,
  3;217,216,215;,
  3;214,216,218;,
  3;216,217,219;,
  3;220,219,217;,
  3;220,221,219;,
  3;222,218,216;,
  3;216,219,222;,
  3;218,222,223;,
  3;221,224,219;,
  3;221,225,224;,
  3;226,222,219;,
  3;219,224,226;,
  3;227,224,225;,
  3;225,228,227;,
  3;224,229,226;,
  3;224,227,229;,
  3;230,227,228;,
  3;228,231,230;,
  3;232,230,231;,
  3;230,233,227;,
  3;230,232,233;,
  3;229,227,233;,
  3;234,233,232;,
  3;234,235,233;,
  3;236,233,235;,
  3;233,236,229;,
  3;235,237,236;,
  3;229,236,238;,
  3;238,226,229;,
  3;239,236,237;,
  3;237,240,239;,
  3;240,241,239;,
  3;239,242,236;,
  3;242,239,241;,
  3;238,236,242;,
  3;242,241,243;,
  3;244,238,242;,
  3;245,243,241;,
  3;241,246,245;,
  3;243,247,242;,
  3;244,242,247;,
  3;243,245,248;,
  3;243,248,247;,
  3;249,245,246;,
  3;246,223,249;,
  3;250,248,245;,
  3;245,249,250;,
  3;248,250,251;,
  3;247,248,251;,
  3;249,252,250;,
  3;252,251,250;,
  3;252,249,223;,
  3;251,252,253;,
  3;223,253,252;,
  3;251,253,247;,
  3;244,247,253;,
  3;244,253,238;,
  3;226,238,253;,
  3;222,226,253;,
  3;253,223,222;,
  3;254,255,256;,
  3;257,254,256;,
  3;255,254,258;,
  3;254,257,259;,
  3;258,260,255;,
  3;261,259,257;,
  3;260,258,262;,
  3;259,261,263;,
  3;262,264,260;,
  3;265,263,261;,
  3;264,262,266;,
  3;263,265,267;,
  3;266,268,264;,
  3;269,267,265;,
  3;268,266,270;,
  3;267,269,271;,
  3;270,272,268;,
  3;269,273,271;,
  3;272,270,274;,
  3;273,269,275;,
  3;274,276,272;,
  3;277,273,275;,
  3;276,274,278;,
  3;273,277,279;,
  3;280,276,278;,
  3;281,279,277;,
  3;276,280,282;,
  3;280,281,282;,
  3;279,281,283;,
  3;281,280,283;,
  3;284,285,286;,
  3;284,286,287;,
  3;288,286,285;,
  3;289,287,286;,
  3;285,290,288;,
  3;287,289,291;,
  3;292,288,290;,
  3;293,291,289;,
  3;290,294,292;,
  3;291,293,295;,
  3;296,292,294;,
  3;297,295,293;,
  3;294,298,296;,
  3;295,297,299;,
  3;300,296,298;,
  3;301,299,297;,
  3;298,302,300;,
  3;301,303,299;,
  3;304,300,302;,
  3;305,299,303;,
  3;302,306,304;,
  3;305,303,307;,
  3;308,304,306;,
  3;309,307,303;,
  3;308,306,310;,
  3;307,309,311;,
  3;312,310,306;,
  3;312,311,310;,
  3;313,311,309;,
  3;313,310,311;,
  3;314,315,316;,
  3;316,315,317;,
  3;315,314,318;,
  3;315,319,317;,
  3;320,315,318;,
  3;315,321,319;,
  3;322,315,320;,
  3;323,321,315;,
  3;324,315,322;,
  3;325,323,315;,
  3;315,324,325;,
  3;326,327,328;,
  3;329,327,326;,
  3;330,328,327;,
  3;329,331,327;,
  3;330,327,332;,
  3;331,333,327;,
  3;332,327,334;,
  3;327,333,335;,
  3;334,327,336;,
  3;327,335,337;,
  3;337,336,327;;

  MeshNormals {
   338;
   -0.267439;-0.017915;-0.963408;,
   0.278670;-0.033671;-0.959797;,
   0.212862;-0.051814;-0.975708;,
   0.278670;-0.033671;-0.959797;,
   -0.267439;-0.017915;-0.963408;,
   -0.259372;-0.024010;-0.965479;,
   -0.212862;-0.051814;-0.975708;,
   -0.278670;-0.033671;-0.959797;,
   0.267439;-0.017915;-0.963408;,
   0.259372;-0.024010;-0.965479;,
   0.267439;-0.017915;-0.963408;,
   -0.278670;-0.033671;-0.959797;,
   -0.259372;-0.024010;-0.965479;,
   0.206057;0.009054;-0.978498;,
   0.278670;-0.033671;-0.959797;,
   0.206057;0.009054;-0.978498;,
   -0.259372;-0.024010;-0.965479;,
   -0.316162;-0.031491;-0.948183;,
   -0.278670;-0.033671;-0.959797;,
   -0.206057;0.009054;-0.978498;,
   0.259372;-0.024010;-0.965479;,
   0.316162;-0.031491;-0.948183;,
   0.259372;-0.024010;-0.965479;,
   -0.206057;0.009054;-0.978498;,
   0.212862;-0.051814;-0.975708;,
   -0.316780;-0.235651;-0.918759;,
   -0.267439;-0.017915;-0.963408;,
   0.267439;-0.017915;-0.963408;,
   0.316780;-0.235651;-0.918759;,
   -0.212862;-0.051814;-0.975708;,
   0.212862;-0.051814;-0.975708;,
   0.000176;-0.406771;-0.913530;,
   -0.316780;-0.235651;-0.918759;,
   0.316780;-0.235651;-0.918759;,
   -0.000176;-0.406771;-0.913530;,
   -0.212862;-0.051814;-0.975708;,
   -0.189984;0.035664;-0.981139;,
   0.191082;0.172507;-0.966297;,
   0.343203;0.109481;-0.932859;,
   0.206057;0.009054;-0.978498;,
   -0.189984;0.035664;-0.981139;,
   0.343203;0.109481;-0.932859;,
   -0.343203;0.109481;-0.932859;,
   -0.191082;0.172507;-0.966297;,
   0.189984;0.035664;-0.981139;,
   -0.189984;0.035664;-0.981139;,
   0.206057;0.009054;-0.978498;,
   -0.316162;-0.031491;-0.948183;,
   -0.343203;0.109481;-0.932859;,
   0.189984;0.035664;-0.981139;,
   -0.206057;0.009054;-0.978498;,
   0.191082;0.172507;-0.966297;,
   -0.189984;0.035664;-0.981139;,
   -0.174120;0.188910;-0.966434;,
   0.316162;-0.031491;-0.948183;,
   -0.206057;0.009054;-0.978498;,
   0.189984;0.035664;-0.981139;,
   0.174120;0.188910;-0.966434;,
   0.189984;0.035664;-0.981139;,
   -0.191082;0.172507;-0.966297;,
   -0.174120;0.188910;-0.966434;,
   0.086612;0.343567;-0.935126;,
   0.191082;0.172507;-0.966297;,
   -0.191082;0.172507;-0.966297;,
   -0.086612;0.343567;-0.935126;,
   0.174120;0.188910;-0.966434;,
   0.212862;-0.051814;-0.975708;,
   0.487826;-0.382290;-0.784780;,
   0.000176;-0.406771;-0.913530;,
   -0.000176;-0.406771;-0.913530;,
   -0.487826;-0.382290;-0.784780;,
   -0.212862;-0.051814;-0.975708;,
   0.086612;0.343567;-0.935126;,
   -0.174120;0.188910;-0.966434;,
   -0.121233;0.529585;-0.839549;,
   0.121233;0.529585;-0.839549;,
   0.174120;0.188910;-0.966434;,
   -0.086612;0.343567;-0.935126;,
   -0.184247;0.271585;0.944613;,
   0.321416;-0.820946;0.471952;,
   0.015921;-0.924772;0.380190;,
   -0.279340;0.563673;0.777330;,
   -0.399859;0.553331;0.730711;,
   0.524363;-0.361414;0.770988;,
   0.104655;-0.928823;0.355438;,
   0.183830;-0.977571;0.102773;,
   -0.047426;-0.559596;0.827407;,
   -0.719094;-0.676557;0.158663;,
   -0.264989;-0.964251;-0.001206;,
   0.266035;0.516654;0.813815;,
   -0.734231;0.505818;0.452828;,
   -0.961601;0.273899;0.017379;,
   -0.323550;0.944922;0.049379;,
   -0.950861;0.263955;0.161839;,
   -0.506570;0.807362;0.302579;,
   -0.715916;0.387293;0.580920;,
   -0.995375;-0.057827;0.076716;,
   -0.058899;-0.303382;0.951047;,
   -0.960330;-0.113348;-0.254791;,
   -0.978127;0.205714;0.030807;,
   -0.934461;0.235871;-0.266734;,
   -0.647226;0.574316;0.501259;,
   -0.155523;0.761736;0.628945;,
   -0.244391;0.806132;0.538911;,
   -0.716426;0.689564;0.105991;,
   -0.194282;0.953953;0.228534;,
   -0.769498;0.599708;-0.219598;,
   -0.240670;0.961381;-0.133512;,
   -0.015921;-0.924771;0.380190;,
   -0.321416;-0.820946;0.471953;,
   0.184247;0.271585;0.944613;,
   0.279340;0.563673;0.777330;,
   0.399858;0.553331;0.730711;,
   -0.524363;-0.361414;0.770988;,
   -0.104655;-0.928823;0.355438;,
   -0.183830;-0.977571;0.102773;,
   0.047426;-0.559596;0.827407;,
   0.719094;-0.676557;0.158663;,
   0.264989;-0.964251;-0.001206;,
   -0.266035;0.516654;0.813814;,
   0.734231;0.505818;0.452828;,
   0.961601;0.273899;0.017379;,
   0.323550;0.944922;0.049379;,
   0.950861;0.263955;0.161839;,
   0.506570;0.807362;0.302578;,
   0.715916;0.387293;0.580920;,
   0.995375;-0.057827;0.076716;,
   0.058899;-0.303382;0.951047;,
   0.960330;-0.113348;-0.254791;,
   0.978127;0.205714;0.030807;,
   0.934461;0.235871;-0.266734;,
   0.647226;0.574316;0.501259;,
   0.155523;0.761736;0.628945;,
   0.244391;0.806132;0.538911;,
   0.716426;0.689564;0.105991;,
   0.194282;0.953953;0.228534;,
   0.769498;0.599708;-0.219598;,
   0.240669;0.961381;-0.133512;,
   0.128870;-0.075625;0.988774;,
   0.991513;-0.041242;-0.123293;,
   0.095783;-0.434182;0.895718;,
   -0.058899;-0.303382;0.951047;,
   0.980098;-0.145426;-0.135124;,
   -0.173632;-0.039290;0.984027;,
   -0.960330;-0.113348;-0.254791;,
   -0.943814;-0.050116;-0.326656;,
   -0.942670;-0.210446;-0.259008;,
   0.134738;-0.040736;0.990044;,
   0.939677;-0.310744;-0.142987;,
   0.662422;-0.743962;-0.087851;,
   -0.130026;-0.026929;0.991145;,
   0.178052;-0.187344;0.966023;,
   -0.158364;-0.132991;0.978384;,
   -0.629337;-0.768996;-0.112165;,
   0.000600;-0.800934;0.598752;,
   0.000917;-0.999417;-0.034121;,
   -0.001291;0.208977;0.977920;,
   0.015921;-0.924772;0.380190;,
   0.000182;-0.968496;0.249029;,
   -0.184247;0.271585;0.944613;,
   -0.021249;-0.923376;0.383307;,
   0.002728;0.643991;0.765028;,
   -0.399859;0.553331;0.730711;,
   -0.155523;0.761736;0.628945;,
   0.173361;0.282038;0.943610;,
   -0.329732;-0.818549;0.470377;,
   0.150653;0.746255;0.648388;,
   -0.244391;0.806132;0.538911;,
   0.402195;0.555334;0.727903;,
   0.243875;0.829443;0.502542;,
   -0.194282;0.953953;0.228534;,
   0.631165;0.539061;0.557714;,
   0.189538;0.970466;0.149233;,
   -0.240670;0.961381;-0.133512;,
   0.289835;0.932529;-0.215373;,
   0.704092;0.694007;0.150366;,
   0.719982;0.651918;-0.237968;,
   0.936839;0.250719;-0.243871;,
   0.964606;0.225999;0.135869;,
   0.991513;-0.041242;-0.123293;,
   0.699185;0.372430;0.610275;,
   0.970312;-0.051149;0.236387;,
   0.095783;-0.434182;0.895718;,
   0.259422;-0.965502;0.022495;,
   0.927776;0.263694;0.264004;,
   0.961927;0.272920;0.014549;,
   0.493431;0.822867;0.281807;,
   0.719766;-0.675832;0.158707;,
   -0.184236;-0.977528;0.102451;,
   0.322558;0.945459;0.045424;,
   0.735410;0.505008;0.451817;,
   0.278924;0.553650;0.784648;,
   -0.254362;0.514610;0.818826;,
   -0.500521;-0.360836;0.786941;,
   0.048672;-0.559587;0.827341;,
   -0.097472;-0.929353;0.356092;,
   -0.095783;-0.434182;0.895718;,
   -0.991513;-0.041242;-0.123293;,
   -0.128870;-0.075625;0.988774;,
   0.058899;-0.303382;0.951047;,
   -0.980098;-0.145426;-0.135124;,
   0.173632;-0.039290;0.984026;,
   0.960330;-0.113348;-0.254791;,
   0.943814;-0.050116;-0.326656;,
   0.942671;-0.210446;-0.259008;,
   -0.134738;-0.040736;0.990044;,
   -0.939677;-0.310744;-0.142987;,
   -0.662422;-0.743962;-0.087851;,
   0.130026;-0.026929;0.991145;,
   0.158364;-0.132991;0.978383;,
   0.629337;-0.768996;-0.112165;,
   -0.178052;-0.187344;0.966023;,
   -0.000600;-0.800934;0.598752;,
   -0.000916;-0.999417;-0.034121;,
   -0.000182;-0.968496;0.249029;,
   -0.015921;-0.924771;0.380190;,
   0.001291;0.208978;0.977920;,
   0.184247;0.271585;0.944613;,
