xof 0303txt 0032
template ColorRGBA {
 <35ff44e0-6c7c-11cf-8f52-0040333594a3>
 FLOAT red;
 FLOAT green;
 FLOAT blue;
 FLOAT alpha;
}

template ColorRGB {
 <d3e16e81-7835-11cf-8f52-0040333594a3>
 FLOAT red;
 FLOAT green;
 FLOAT blue;
}

template Material {
 <3d82ab4d-62da-11cf-ab39-0020af71e433>
 ColorRGBA faceColor;
 FLOAT power;
 ColorRGB specularColor;
 ColorRGB emissiveColor;
 [...]
}

template TextureFilename {
 <a42790e1-7810-11cf-8f52-0040333594a3>
 STRING filename;
}

template Frame {
 <3d82ab46-62da-11cf-ab39-0020af71e433>
 [...]
}

template Matrix4x4 {
 <f6f23f45-7686-11cf-8f52-0040333594a3>
 array FLOAT matrix[16];
}

template FrameTransformMatrix {
 <f6f23f41-7686-11cf-8f52-0040333594a3>
 Matrix4x4 frameMatrix;
}

template Vector {
 <3d82ab5e-62da-11cf-ab39-0020af71e433>
 FLOAT x;
 FLOAT y;
 FLOAT z;
}

template MeshFace {
 <3d82ab5f-62da-11cf-ab39-0020af71e433>
 DWORD nFaceVertexIndices;
 array DWORD faceVertexIndices[nFaceVertexIndices];
}

template Mesh {
 <3d82ab44-62da-11cf-ab39-0020af71e433>
 DWORD nVertices;
 array Vector vertices[nVertices];
 DWORD nFaces;
 array MeshFace faces[nFaces];
 [...]
}

template MeshNormals {
 <f6f23f43-7686-11cf-8f52-0040333594a3>
 DWORD nNormals;
 array Vector normals[nNormals];
 DWORD nFaceNormals;
 array MeshFace faceNormals[nFaceNormals];
}

template MeshMaterialList {
 <f6f23f42-7686-11cf-8f52-0040333594a3>
 DWORD nMaterials;
 DWORD nFaceIndexes;
 array DWORD faceIndexes[nFaceIndexes];
 [Material <3d82ab4d-62da-11cf-ab39-0020af71e433>]
}

template Coords2d {
 <f6f23f44-7686-11cf-8f52-0040333594a3>
 FLOAT u;
 FLOAT v;
}

template MeshTextureCoords {
 <f6f23f40-7686-11cf-8f52-0040333594a3>
 DWORD nTextureCoords;
 array Coords2d textureCoords[nTextureCoords];
}

template XSkinMeshHeader {
 <3cf169ce-ff7c-44ab-93c0-f78f62d172e2>
 WORD nMaxSkinWeightsPerVertex;
 WORD nMaxSkinWeightsPerFace;
 WORD nBones;
}

template SkinWeights {
 <6f0d123b-bad2-4167-a0d0-80224f25fabb>
 STRING transformNodeName;
 DWORD nWeights;
 array DWORD vertexIndices[nWeights];
 array FLOAT weights[nWeights];
 Matrix4x4 matrixOffset;
}

template AnimTicksPerSecond {
 <9e415a43-7ba6-4a73-8743-b73d47e88476>
 DWORD AnimTicksPerSecond;
}

template Animation {
 <3d82ab4f-62da-11cf-ab39-0020af71e433>
 [...]
}

template AnimationSet {
 <3d82ab50-62da-11cf-ab39-0020af71e433>
 [Animation <3d82ab4f-62da-11cf-ab39-0020af71e433>]
}

template FloatKeys {
 <10dd46a9-775b-11cf-8f52-0040333594a3>
 DWORD nValues;
 array FLOAT values[nValues];
}

template TimedFloatKeys {
 <f406b180-7b3b-11cf-8f52-0040333594a3>
 DWORD time;
 FloatKeys tfkeys;
}

template AnimationKey {
 <10dd46a8-775b-11cf-8f52-0040333594a3>
 DWORD keyType;
 DWORD nKeys;
 array TimedFloatKeys keys[nKeys];
}


Material object0050_49 {
 0.800000;0.800000;0.800000;1.000000;;
 43.219280;
 0.020000;0.020000;0.020000;;
 0.000000;0.000000;0.000000;;
}

Material object0050_53 {
 0.800000;0.800000;0.800000;1.000000;;
 43.219280;
 0.020000;0.020000;0.020000;;
 0.000000;0.000000;0.000000;;
}

Material object0063_62 {
 0.800000;0.800000;0.800000;1.000000;;
 43.219280;
 0.020000;0.020000;0.020000;;
 0.000000;0.000000;0.000000;;
}

Material object0063_66 {
 0.800000;0.800000;0.800000;1.000000;;
 43.219280;
 0.020000;0.020000;0.020000;;
 0.000000;0.000000;0.000000;;
}

Material object0063_75 {
 0.800000;0.800000;0.800000;1.000000;;
 43.219280;
 0.020000;0.020000;0.020000;;
 0.000000;0.000000;0.000000;;
}

Material object0063_78 {
 0.800000;0.800000;0.800000;1.000000;;
 43.219280;
 0.020000;0.020000;0.020000;;
 0.000000;0.000000;0.000000;;
}

Material object0063_87 {
 0.800000;0.800000;0.800000;1.000000;;
 43.219280;
 0.020000;0.020000;0.020000;;
 0.000000;0.000000;0.000000;;
}

Material object0063_90 {
 0.800000;0.800000;0.800000;1.000000;;
 43.219280;
 0.020000;0.020000;0.020000;;
 0.000000;0.000000;0.000000;;
}

Material object0063_99 {
 0.800000;0.800000;0.800000;1.000000;;
 43.219280;
 0.020000;0.020000;0.020000;;
 0.000000;0.000000;0.000000;;
}

Material object0063_102 {
 0.800000;0.800000;0.800000;1.000000;;
 43.219280;
 0.020000;0.020000;0.020000;;
 0.000000;0.000000;0.000000;;
}

Material object0135_134 {
 0.800000;0.800000;0.800000;1.000000;;
 43.219280;
 0.020000;0.020000;0.020000;;
 0.000000;0.000000;0.000000;;
}

Material object0135_138 {
 0.800000;0.800000;0.800000;1.000000;;
 43.219280;
 0.020000;0.020000;0.020000;;
 0.000000;0.000000;0.000000;;
}

Material object0148_147 {
 0.800000;0.800000;0.800000;1.000000;;
 43.219280;
 0.020000;0.020000;0.020000;;
 0.000000;0.000000;0.000000;;
}

Material object0148_151 {
 0.800000;0.800000;0.800000;1.000000;;
 43.219280;
 0.020000;0.020000;0.020000;;
 0.000000;0.000000;0.000000;;
}

Material object0148_160 {
 0.800000;0.800000;0.800000;1.000000;;
 43.219280;
 0.020000;0.020000;0.020000;;
 0.000000;0.000000;0.000000;;
}

Material object0148_163 {
 0.800000;0.800000;0.800000;1.000000;;
 43.219280;
 0.020000;0.020000;0.020000;;
 0.000000;0.000000;0.000000;;
}

Material object0148_172 {
 0.800000;0.800000;0.800000;1.000000;;
 43.219280;
 0.020000;0.020000;0.020000;;
 0.000000;0.000000;0.000000;;
}

Material object0148_175 {
 0.800000;0.800000;0.800000;1.000000;;
 43.219280;
 0.020000;0.020000;0.020000;;
 0.000000;0.000000;0.000000;;
}

Material object0148_184 {
 0.800000;0.800000;0.800000;1.000000;;
 43.219280;
 0.020000;0.020000;0.020000;;
 0.000000;0.000000;0.000000;;
}

Material object0148_187 {
 0.800000;0.800000;0.800000;1.000000;;
 43.219280;
 0.020000;0.020000;0.020000;;
 0.000000;0.000000;0.000000;;
}

Material object0272_PA_257 {
 1.000000;1.000000;1.000000;1.000000;;
 43.219280;
 0.020000;0.020000;0.020000;;
 0.000000;0.000000;0.000000;;

 TextureFilename {
  "11500090_F_PABeltedSkirt_D.dds";
 }
}

Material object0290_CL_277 {
 1.000000;1.000000;1.000000;1.000000;;
 43.219280;
 0.020000;0.020000;0.020000;;
 0.000000;0.000000;0.000000;;

 TextureFilename {
  "11400095_F_CLDeepBlueShirts_D.dds";
 }
}

Material object0309_SH_295 {
 1.000000;1.000000;1.000000;1.000000;;
 43.219280;
 0.020000;0.020000;0.020000;;
 0.000000;0.000000;0.000000;;

 TextureFilename {
  "11700136_C_SHSuedeLoafer_D.dds";
 }
}

Material object0328_Skin_314 {
 1.000000;1.000000;1.000000;1.000000;;
 43.219280;
 0.020000;0.020000;0.020000;;
 0.000000;0.000000;0.000000;;

 TextureFilename {
  "F_Skin_body_D.dds";
 }
}

Material object0328_Skin_333 {
 1.000000;1.000000;1.000000;1.000000;;
 43.219280;
 0.020000;0.020000;0.020000;;
 0.000000;0.000000;0.000000;;

 TextureFilename {
  "F_Skin_body_D.dds";
 }
}

Material object0358_PA_Panty_346 {
 1.000000;1.000000;1.000000;1.000000;;
 43.219280;
 0.020000;0.020000;0.020000;;
 0.000000;0.000000;0.000000;;

 TextureFilename {
  "F_PA.dds";
 }
}

Material object0328_Skin_363 {
 1.000000;1.000000;1.000000;1.000000;;
 43.219280;
 0.020000;0.020000;0.020000;;
 0.000000;0.000000;0.000000;;

 TextureFilename {
  "F_Skin_body_D.dds";
 }
}

Frame object0000_Scene_Root {
 

 FrameTransformMatrix {
  0.393701,0.000000,0.000000,0.000000,0.000000,-0.000000,-0.393701,0.000000,0.000000,0.393701,-0.000000,0.000000,0.000000,0.000000,0.000000,1.000000;;
 }

 Frame object0003_Bip01 {
  

  FrameTransformMatrix {
   0.000001,0.997564,-0.069757,0.000000,-1.000000,0.000001,-0.000000,0.000000,0.000000,0.069757,0.997564,0.000000,0.013153,1.995826,45.297594,1.000000;;
  }

  Frame object0008_Bip01_Footsteps {
   

   FrameTransformMatrix {
    0.000002,-1.000000,0.000000,0.000000,0.997564,0.000002,0.069757,0.000000,-0.069757,-0.000000,0.997564,0.000000,3.163294,0.000004,-45.236570,1.000000;;
   }
  }

  Frame object0009_Bip01_Pelvis {
   

   FrameTransformMatrix {
    0.000001,-0.000000,1.000000,0.000000,-1.000000,0.000001,0.000001,0.000000,-0.000001,-1.000000,-0.000000,0.000000,0.000000,0.000000,0.000000,1.000000;;
   }

   Frame object0012_Bip01_Spine {
    

    FrameTransformMatrix {
     0.998707,-0.050824,0.000001,0.000000,0.050824,0.998708,0.000004,0.000000,-0.000001,-0.000004,1.000000,0.000000,3.672924,-0.256297,0.000005,1.000000;;
    }

    Frame object0015_Bip01_Spine1 {
     

     FrameTransformMatrix {
      0.996899,0.078688,-0.000000,0.000000,-0.078688,0.996900,0.000000,0.000000,0.000000,-0.000000,1.000000,0.000000,5.748703,0.004559,-0.000000,1.000000;;
     }

     Frame object0018_Bip01_Spine2 {
      

      FrameTransformMatrix {
       0.983435,0.181259,-0.000001,0.000000,-0.181260,0.983436,0.000000,0.000000,0.000001,0.000000,1.000000,0.000000,5.739044,0.013319,-0.000000,1.000000;;
      }

      Frame object0021_Bip01_Neck {
       

       FrameTransformMatrix {
        0.967684,-0.252167,0.000001,0.000000,0.252168,0.967684,0.000000,0.000000,-0.000001,0.000000,1.000000,0.000000,17.185211,0.674539,0.000002,1.000000;;
       }

       Frame object0024_Bip01_Head {
        

        FrameTransformMatrix {
         0.993567,0.113247,-0.000000,0.000000,-0.113247,0.993567,0.000000,0.000000,0.000000,0.000000,1.000000,0.000000,4.018600,0.785322,-0.013147,1.000000;;
        }

        Frame object0027_Bip01_HeadNub {
         

         FrameTransformMatrix {
          1.000000,0.000000,-0.000000,0.000000,-0.000000,1.000000,0.000000,0.000000,0.000000,-0.000000,1.000000,0.000000,51.565370,0.000000,-0.000001,1.000000;;
         }
        }
       }

       Frame object0031_Bip01_L_Clavicle {
        

        FrameTransformMatrix {
         -0.307849,-0.008913,0.951393,0.000000,0.252271,-0.964930,0.072590,0.000000,0.917381,0.262355,0.299302,0.000000,-1.842415,0.188778,3.177583,1.000000;;
        }

        Frame object0034_Bip01_L_UpperArm {
         

         FrameTransformMatrix {
          0.835931,-0.092037,-0.541063,0.000000,-0.025557,0.978242,-0.205888,0.000000,0.548240,0.185936,0.815390,0.000000,7.100719,-0.000001,0.000008,1.000000;;
         }

         Frame object0037_Bip01_L_Forearm {
          

          FrameTransformMatrix {
           0.999999,0.001452,-0.000000,0.000000,-0.001452,0.999999,-0.000000,0.000000,0.000000,0.000000,1.000000,0.000000,15.525939,0.000000,-0.000008,1.000000;;
          }

          Frame object0040_Bip01_L_Hand {
           

           FrameTransformMatrix {
            0.999650,-0.022704,0.013559,0.000000,-0.014317,-0.033570,0.999334,0.000000,-0.022233,-0.999179,-0.033883,0.000000,13.317222,-0.000001,-0.000004,1.000000;;
           }

           Frame object0043_Bip01_L_Finger0 {
            

            FrameTransformMatrix {
             0.964227,-0.152334,-0.216936,0.000000,-0.237976,-0.136966,-0.961566,0.000000,0.116766,0.978793,-0.168318,0.000000,4.856732,-2.803825,-5.612443,1.000000;;
            }

            Frame object0046_Bip01_L_Finger01 {
             

             FrameTransformMatrix {
              0.995125,-0.098614,0.000000,0.000000,0.098615,0.995126,0.000000,0.000000,-0.000000,-0.000000,1.000000,0.000000,5.339226,-0.000006,-0.000008,1.000000;;
             }

             Frame object0049_Biped_Object {
              

              FrameTransformMatrix {
               1.000000,-0.000000,0.000000,0.000000,0.000000,1.000000,0.000000,0.000000,-0.000000,-0.000000,1.000001,0.000000,0.000000,0.000000,0.000000,1.000000;;
              }
             }
            }

            Frame object0053_Biped_Object {
             

             FrameTransformMatrix {
              1.000000,0.000000,0.000000,0.000000,-0.000000,1.000000,0.000000,0.000000,-0.000000,-0.000000,1.000000,0.000000,0.000000,0.000000,0.000000,1.000000;;
             }
            }
           }

           Frame object0056_Bip01_L_Finger1 {
            

            FrameTransformMatrix {
             0.998363,-0.052217,-0.023341,0.000000,0.051145,0.997706,-0.044367,0.000000,0.025604,0.043100,0.998743,0.000000,10.594981,2.271389,-4.280781,1.000000;;
            }

            Frame object0059_Bip01_L_Finger11 {
             

             FrameTransformMatrix {
              0.984171,-0.177224,-0.000000,0.000000,0.177224,0.984171,0.000000,0.000000,-0.000000,0.000000,1.000000,0.000000,3.923913,0.000004,0.000001,1.000000;;
             }

             Frame object0062_Biped_Object {
              

              FrameTransformMatrix {
               1.000000,0.000000,0.000000,0.000000,-0.000000,1.000000,-0.000000,0.000000,-0.000000,-0.000000,1.000000,0.000000,0.000000,0.000000,0.000000,1.000000;;
              }
             }
            }

            Frame object0066_Biped_Object {
             

             FrameTransformMatrix {
              1.000000,-0.000000,-0.000000,0.000000,0.000000,1.000001,0.000000,0.000000,0.000000,0.000000,1.000000,0.000000,0.000000,0.000000,0.000000,1.000000;;
             }
            }
           }

           Frame object0069_Bip01_L_Finger2 {
            

            FrameTransformMatrix {
             0.991631,-0.128610,-0.011325,0.000000,0.128941,0.990986,0.036356,0.000000,0.006548,-0.037512,0.999275,0.000000,10.601828,2.431675,-1.008320,1.000000;;
            }

            Frame object0072_Bip01_L_Finger21 {
             

             FrameTransformMatrix {
              0.991204,-0.132344,0.000000,0.000000,0.132344,0.991204,0.000000,0.000000,-0.000000,0.000000,1.000001,0.000000,3.983998,-0.000011,0.000002,1.000000;;
             }

             Frame object0075_Biped_Object {
              

              FrameTransformMatrix {
               1.000000,0.000000,0.000000,0.000000,0.000000,1.000001,-0.000000,0.000000,-0.000000,0.000000,1.000000,0.000000,0.000000,0.000000,0.000000,1.000000;;
              }
             }
            }

            Frame object0078_Biped_Object {
             

             FrameTransformMatrix {
              1.000000,-0.000000,-0.000000,0.000000,0.000000,1.000001,-0.000000,0.000000,0.000000,0.000000,1.000001,0.000000,0.000000,0.000000,0.000000,1.000000;;
             }
            }
           }

           Frame object0081_Bip01_L_Finger3 {
            

            FrameTransformMatrix {
             0.966126,-0.257431,-0.018167,0.000000,0.258065,0.964176,0.061378,0.000000,0.001716,-0.063987,0.997950,0.000000,10.718296,2.048344,2.260055,1.000000;;
            }

            Frame object0084_Bip01_L_Finger31 {
             

             FrameTransformMatrix {
              0.987153,-0.159781,-0.000000,0.000000,0.159781,0.987153,0.000000,0.000000,0.000000,-0.000000,1.000001,0.000000,3.418408,-0.000004,-0.000000,1.000000;;
             }

             Frame object0087_Biped_Object {
              

              FrameTransformMatrix {
               1.000000,-0.000000,0.000000,0.000000,0.000000,1.000000,-0.000000,0.000000,-0.000000,0.000000,1.000001,0.000000,0.000000,0.000000,0.000000,1.000000;;
              }
             }
            }

            Frame object0090_Biped_Object {
             

             FrameTransformMatrix {
              1.000000,-0.000000,0.000000,0.000000,0.000000,1.000000,0.000000,0.000000,-0.000000,-0.000000,1.000001,0.000000,0.000000,0.000000,0.000000,1.000000;;
             }
            }
           }

           Frame object0093_Bip01_L_Finger4 {
            

            FrameTransformMatrix {
             0.944212,-0.325539,0.049878,0.000000,0.324682,0.945502,0.024659,0.000000,-0.055188,-0.007089,0.998451,0.000000,10.380744,1.781944,4.841386,1.000000;;
            }

            Frame object0096_Bip01_L_Finger41 {
             

             FrameTransformMatrix {
              0.965879,-0.258994,0.000000,0.000000,0.258994,0.965879,-0.000000,0.000000,-0.000000,0.000000,1.000001,0.000000,3.160633,-0.000008,0.000002,1.000000;;
             }

             Frame object0099_Biped_Object {
              

              FrameTransformMatrix {
               1.000000,-0.000000,0.000000,0.000000,0.000000,1.000000,0.000000,0.000000,-0.000000,-0.000000,1.000000,0.000000,0.000000,0.000000,0.000000,1.000000;;
              }
             }
            }

            Frame object0102_Biped_Object {
             

             FrameTransformMatrix {
              1.000000,-0.000000,0.000000,0.000000,0.000000,1.000000,0.000000,0.000000,-0.000000,-0.000000,1.000001,0.000000,0.000000,0.000000,0.000000,1.000000;;
             }
            }
           }

           Frame object0105_Weapon_Hand_L_Point {
            

            FrameTransformMatrix {
             0.039464,-0.100056,0.994199,0.000000,0.998798,-0.024994,-0.042162,0.000000,0.029067,0.994668,0.098950,0.000000,11.464715,-1.377167,-0.147705,1.000000;;
            }
           }
          }
         }

         Frame object0109_Bip01_L_ForeTwist {
          

          FrameTransformMatrix {
           0.999999,0.001452,-0.000000,0.000000,-0.001452,0.999935,0.011299,0.000000,0.000016,-0.011299,0.999936,0.000000,15.525939,0.000000,-0.000008,1.000000;;
          }

          Frame object0112_Bip01_L_ForeTwist1 {
           

           FrameTransformMatrix {
            1.000000,-0.000000,0.000000,0.000000,0.000000,0.999936,0.011299,0.000000,-0.000000,-0.011299,0.999936,0.000000,6.658611,-0.000001,-0.000000,1.000000;;
           }
          }
         }

         Frame object0115_Bip01_L_UpperTwist_Bone01 {
          

          FrameTransformMatrix {
           1.000000,-0.000000,-0.000000,0.000000,0.000000,1.000000,-0.000000,0.000000,0.000000,0.000000,1.000000,0.000000,0.000011,-0.000001,-0.000011,1.000000;;
          }
         }
        }
       }

       Frame object0116_Bip01_R_Clavicle {
        

        FrameTransformMatrix {
         -0.307849,-0.008918,-0.951394,0.000000,0.252271,-0.964931,-0.072584,0.000000,-0.917381,-0.262354,0.299303,0.000000,-1.842430,0.188762,-3.177590,1.000000;;
        }

        Frame object0119_Bip01_R_UpperArm {
         

         FrameTransformMatrix {
          0.835930,-0.092037,0.541063,0.000000,-0.025557,0.978242,0.205888,0.000000,-0.548240,-0.185936,0.815390,0.000000,7.100721,0.000001,-0.000015,1.000000;;
         }

         Frame object0122_Bip01_R_Forearm {
          

          FrameTransformMatrix {
           0.999999,0.001452,0.000000,0.000000,-0.001452,0.999999,0.000000,0.000000,0.000000,-0.000000,1.000000,0.000000,15.525955,0.000000,0.000000,1.000000;;
          }

          Frame object0125_Bip01_R_Hand {
           

           FrameTransformMatrix {
            0.999650,-0.022704,-0.013559,0.000000,-0.014317,-0.033570,-0.999334,0.000000,0.022233,0.999179,-0.033883,0.000000,13.317234,-0.000000,-0.000008,1.000000;;
           }

           Frame object0128_Bip01_R_Finger0 {
            

            FrameTransformMatrix {
             0.964227,-0.152334,0.216936,0.000000,-0.237976,-0.136966,0.961566,0.000000,-0.116766,-0.978793,-0.168319,0.000000,4.856741,-2.803822,5.612444,1.000000;;
            }

            Frame object0131_Bip01_R_Finger01 {
             

             FrameTransformMatrix {
              0.995125,-0.098614,0.000000,0.000000,0.098614,0.995126,-0.000000,0.000000,-0.000000,-0.000000,1.000001,0.000000,5.339226,-0.000002,0.000008,1.000000;;
             }

             Frame object0134_Biped_Object {
              

              FrameTransformMatrix {
               1.000000,-0.000000,-0.000000,0.000000,0.000000,1.000000,-0.000000,0.000000,-0.000000,-0.000000,1.000001,0.000000,0.000000,0.000000,0.000000,1.000000;;
              }
             }
            }

            Frame object0138_Biped_Object {
             

             FrameTransformMatrix {
              1.000000,0.000000,0.000000,0.000000,-0.000000,1.000000,0.000000,0.000000,-0.000000,-0.000000,1.000000,0.000000,0.000000,0.000000,0.000000,1.000000;;
             }
            }
           }

           Frame object0141_Bip01_R_Finger1 {
            

            FrameTransformMatrix {
             0.998363,-0.052217,0.023341,0.000000,0.051145,0.997706,0.044367,0.000000,-0.025604,-0.043100,0.998743,0.000000,10.594992,2.271389,4.280782,1.000000;;
            }

            Frame object0144_Bip01_R_Finger11 {
             

             FrameTransformMatrix {
              0.984170,-0.177224,0.000000,0.000000,0.177224,0.984171,0.000000,0.000000,-0.000000,-0.000000,1.000000,0.000000,3.923895,-0.000004,-0.000001,1.000000;;
             }

             Frame object0147_Biped_Object {
              

              FrameTransformMatrix {
               1.000000,-0.000000,-0.000000,0.000000,0.000000,1.000001,0.000000,0.000000,0.000000,-0.000000,1.000001,0.000000,0.000000,0.000000,0.000000,1.000000;;
              }
             }
            }

            Frame object0151_Biped_Object {
             

             FrameTransformMatrix {
              1.000000,-0.000000,0.000000,0.000000,0.000000,1.000000,0.000000,0.000000,-0.000000,-0.000000,1.000000,0.000000,0.000000,0.000000,0.000000,1.000000;;
             }
            }
           }

           Frame object0154_Bip01_R_Finger2 {
            

            FrameTransformMatrix {
             0.991631,-0.128610,0.011326,0.000000,0.128941,0.990986,-0.036356,0.000000,-0.006548,0.037512,0.999275,0.000000,10.601836,2.431667,1.008321,1.000000;;
            }

            Frame object0157_Bip01_R_Finger21 {
             

             FrameTransformMatrix {
              0.991204,-0.132344,-0.000000,0.000000,0.132344,0.991204,0.000000,0.000000,0.000000,-0.000000,1.000000,0.000000,3.983999,-0.000004,-0.000002,1.000000;;
             }

             Frame object0160_Biped_Object {
              

              FrameTransformMatrix {
               1.000000,-0.000000,-0.000000,0.000000,0.000000,1.000001,0.000000,0.000000,0.000000,-0.000000,1.000000,0.000000,0.000000,0.000000,0.000000,1.000000;;
              }
             }
            }

            Frame object0163_Biped_Object {
             

             FrameTransformMatrix {
              1.000000,-0.000000,0.000000,0.000000,0.000000,1.000000,0.000000,0.000000,-0.000000,-0.000000,1.000000,0.000000,0.000000,0.000000,0.000000,1.000000;;
             }
            }
           }

           Frame object0166_Bip01_R_Finger3 {
            

            FrameTransformMatrix {
             0.966126,-0.257431,0.018167,0.000000,0.258066,0.964176,-0.061378,0.000000,-0.001716,0.063987,0.997950,0.000000,10.718300,2.048351,-2.260056,1.000000;;
            }

            Frame object0169_Bip01_R_Finger31 {
             

             FrameTransformMatrix {
              0.987152,-0.159781,-0.000000,0.000000,0.159781,0.987153,-0.000000,0.000000,0.000000,-0.000000,1.000001,0.000000,3.418404,-0.000008,-0.000000,1.000000;;
             }

             Frame object0172_Biped_Object {
              

              FrameTransformMatrix {
               1.000000,-0.000000,0.000000,0.000000,0.000000,1.000001,0.000000,0.000000,-0.000000,-0.000000,1.000000,0.000000,0.000000,0.000000,0.000000,1.000000;;
              }
             }
            }

            Frame object0175_Biped_Object {
             

             FrameTransformMatrix {
              1.000000,-0.000000,0.000000,0.000000,0.000000,1.000001,-0.000000,0.000000,-0.000000,0.000000,1.000001,0.000000,0.000000,0.000000,0.000000,1.000000;;
             }
            }
           }

           Frame object0178_Bip01_R_Finger4 {
            

            FrameTransformMatrix {
             0.944212,-0.325539,-0.049878,0.000000,0.324682,0.945503,-0.024659,0.000000,0.055188,0.007089,0.998451,0.000000,10.380750,1.781952,-4.841386,1.000000;;
            }

            Frame object0181_Bip01_R_Finger41 {
             

             FrameTransformMatrix {
              0.965879,-0.258994,-0.000000,0.000000,0.258994,0.965880,-0.000000,0.000000,0.000000,0.000000,1.000001,0.000000,3.160641,0.000000,-0.000002,1.000000;;
             }

             Frame object0184_Biped_Object {
              

              FrameTransformMatrix {
               1.000000,-0.000000,-0.000000,0.000000,0.000000,1.000000,-0.000000,0.000000,0.000000,0.000000,1.000001,0.000000,0.000000,0.000000,0.000000,1.000000;;
              }
             }
            }

            Frame object0187_Biped_Object {
             

             FrameTransformMatrix {
              1.000000,-0.000000,-0.000000,0.000000,0.000000,1.000000,-0.000000,0.000000,0.000000,0.000000,1.000001,0.000000,0.000000,0.000000,0.000000,1.000000;;
             }
            }
           }

           Frame object0190_Weapon_Hand_R_Point {
            

            FrameTransformMatrix {
             -0.074295,0.100867,0.992123,0.000000,0.996813,-0.021483,0.076830,0.000000,0.029064,0.994669,-0.098950,0.000000,11.482882,-1.359409,0.123646,1.000000;;
            }
           }
          }
         }

         Frame object0193_Bip01_R_ForeTwist {
          

          FrameTransformMatrix {
           0.999999,0.001452,0.000000,0.000000,-0.001452,0.999935,-0.011299,0.000000,-0.000016,0.011299,0.999936,0.000000,15.525955,0.000000,0.000000,1.000000;;
          }

          Frame object0196_Bip01_R_ForeTwist1 {
           

           FrameTransformMatrix {
            1.000000,0.000000,0.000000,0.000000,-0.000000,0.999936,-0.011299,0.000000,-0.000000,0.011299,0.999936,0.000000,6.658613,0.000001,0.000008,1.000000;;
           }
          }
         }

         Frame object0199_Bip01_R_UpperTwist_Bone01 {
          

          FrameTransformMatrix {
           1.000000,0.000000,-0.000001,0.000000,-0.000000,1.000000,0.000001,0.000000,0.000001,-0.000001,1.000000,0.000000,0.000004,-0.000001,-0.000008,1.000000;;
          }
         }
        }
       }
      }
     }
    }
   }

   Frame object0200_Bip01_L_Thigh {
    

    FrameTransformMatrix {
     -0.997055,0.052067,0.056309,0.000000,0.051801,0.998638,-0.006171,0.000000,-0.056553,-0.003236,-0.998394,0.000000,-0.000011,-0.000013,7.749224,1.000000;;
    }

    Frame object0203_Bip01_L_Calf {
     

     FrameTransformMatrix {
      0.999627,0.027315,-0.000000,0.000000,-0.027315,0.999627,-0.000000,0.000000,0.000000,0.000000,1.000000,0.000000,22.080971,-0.000000,0.000001,1.000000;;
     }

     Frame object0206_Bip01_L_Foot {
      

      FrameTransformMatrix {
       0.987421,-0.147811,0.056152,0.000000,0.146646,0.988890,0.024354,0.000000,-0.059128,-0.015813,0.998125,0.000000,14.997718,-0.000000,-0.000003,1.000000;;
      }

      Frame object0209_Bip01_L_Toe0 {
       

       FrameTransformMatrix {
        -0.000000,-1.000000,-0.000000,0.000000,1.000000,-0.000000,-0.000000,0.000000,0.000000,-0.000000,1.000000,0.000000,8.640066,-6.144475,-0.000000,1.000000;;
       }
      }
     }

     Frame object0212_L_Calf_Point01 {
      

      FrameTransformMatrix {
       0.987262,-0.148879,0.056111,0.000000,0.147711,0.988729,0.024430,0.000000,-0.059116,-0.015831,0.998126,0.000000,12.996113,0.544429,-1.375637,1.000000;;
      }
     }
    }
   }

   Frame object0216_Bip01_R_Thigh {
    

    FrameTransformMatrix {
     -0.997055,0.052067,-0.056311,0.000000,0.051801,0.998639,0.006174,0.000000,0.056556,0.003238,-0.998395,0.000000,0.000011,0.000009,-7.749222,1.000000;;
    }

    Frame object0219_Bip01_R_Calf {
     

     FrameTransformMatrix {
      0.999627,0.027315,-0.000000,0.000000,-0.027315,0.999627,-0.000000,0.000000,0.000000,0.000000,1.000001,0.000000,22.080992,-0.000000,-0.000002,1.000000;;
     }

     Frame object0222_Bip01_R_Foot {
      

      FrameTransformMatrix {
       0.987421,-0.147811,-0.056152,0.000000,0.146646,0.988889,-0.024354,0.000000,0.059128,0.015814,0.998126,0.000000,14.997718,-0.000002,-0.000001,1.000000;;
      }

      Frame object0225_Bip01_R_Toe0 {
       

       FrameTransformMatrix {
        -0.000000,-1.000000,-0.000000,0.000000,1.000001,-0.000000,-0.000000,0.000000,0.000000,-0.000000,1.000001,0.000000,8.640072,-6.144475,0.000002,1.000000;;
       }
      }
     }

     Frame object0228_R_Calf_Point01 {
      

      FrameTransformMatrix {
       0.987418,-0.147839,-0.056125,0.000000,0.146677,0.988886,-0.024316,0.000000,0.059096,0.015778,0.998128,0.000000,12.995920,0.544455,1.372128,1.000000;;
      }
     }
    }
   }
  }

  Frame object0232_EFF_Lock_D {
   

   FrameTransformMatrix {
    0.997581,0.000000,0.069521,0.000000,-0.000000,1.000000,0.000000,0.000000,-0.069521,-0.000000,0.997580,0.000000,1.168878,0.013154,-45.326448,1.000000;;
   }

   Frame object0236_Extra_Point01 {
    

    FrameTransformMatrix {
     0.000001,-1.000000,-0.000000,0.000000,1.000000,0.000001,0.000237,0.000000,-0.000237,-0.000000,1.000000,0.000000,-0.000002,-0.000001,-0.000004,1.000000;;
    }
   }
  }

  Frame object0238_Move_Link_D {
   

   FrameTransformMatrix {
    0.997564,-0.000000,0.069757,0.000000,0.000000,1.000000,-0.000000,0.000000,-0.069757,0.000000,0.997564,0.000000,0.748200,0.000001,-10.699589,1.000000;;
   }

   Frame object0242_EFF_Move_D {
    

    FrameTransformMatrix {
     1.000000,0.000001,-0.000000,0.000000,-0.000001,1.000000,0.000000,0.000000,0.000000,-0.000000,1.000000,0.000000,-1.706174,0.013154,-34.571846,1.000000;;
    }
   }
  }

  Frame object0246_SATA9NI_Link_Point02 {
   

   FrameTransformMatrix {
    -0.997564,-0.000001,-0.069756,0.000000,0.069756,0.000000,-0.997564,0.000000,0.000001,-1.000000,-0.000000,0.000000,0.434791,0.010962,-41.792867,1.000000;;
   }
  }

  Frame object0250_SATA9NI_Bone01 {
   

   FrameTransformMatrix {
    0.035253,-0.000052,-0.999378,0.000000,0.999378,-0.000001,0.035253,0.000000,-0.000003,-1.000000,0.000052,0.000000,-1.034301,0.013151,-0.145496,1.000000;;
   }
  }

  Frame object0253_SATA9NI_Lock_Dummy01 {
   

   FrameTransformMatrix {
    0.000001,-1.000000,0.000000,0.000000,0.997564,0.000001,0.069757,0.000000,-0.069757,-0.000000,0.997564,0.000000,1.168831,0.013159,-45.326448,1.000000;;
   }
  }
 }

 Frame object0257_PA {
  

  FrameTransformMatrix {
   1.000000,0.000000,0.000000,0.000000,0.000000,1.000000,0.000000,0.000000,0.000000,0.000000,1.000000,0.000000,0.000000,0.000000,0.000000,1.000000;;
  }
 }

 Frame object0277_CL {
  

  FrameTransformMatrix {
   1.000000,0.000000,0.000000,0.000000,0.000000,1.000000,0.000000,0.000000,0.000000,0.000000,1.000000,0.000000,0.000000,0.000000,0.000000,1.000000;;
  }
 }

 Frame object0295_SH {
  

  FrameTransformMatrix {
   1.000000,0.000000,0.000000,0.000000,0.000000,1.000000,0.000000,0.000000,0.000000,0.000000,1.000000,0.000000,0.000000,0.000000,0.000000,1.000000;;
  }
 }

 Frame object0314_SH_Skin {
  

  FrameTransformMatrix {
   1.000000,0.000000,0.000000,0.000000,0.000000,1.000000,0.000000,0.000000,0.000000,0.000000,1.000000,0.000000,0.000000,0.000000,0.000000,1.000000;;
  }
 }

 Frame object0333_CL_Skin {
  

  FrameTransformMatrix {
   1.000000,0.000000,0.000000,0.000000,0.000000,1.000000,0.000000,0.000000,0.000000,0.000000,1.000000,0.000000,0.000000,0.000000,0.000000,1.000000;;
  }
 }

 Frame object0346_PA_Panty {
  

  FrameTransformMatrix {
   1.000000,0.000000,0.000000,0.000000,0.000000,1.000000,0.000000,0.000000,0.000000,0.000000,1.000000,0.000000,0.000000,0.000000,0.000000,1.000000;;
  }
 }

 Frame object0363_PA_Skin {
  

  FrameTransformMatrix {
   1.000000,0.000000,0.000000,0.000000,0.000000,1.000000,0.000000,0.000000,0.000000,0.000000,1.000000,0.000000,0.000000,0.000000,0.000000,1.000000;;
  }
 }
}

Frame object0049_Biped_Object_ {
 

 FrameTransformMatrix {
  0.393701,0.000000,0.000000,0.000000,0.000000,-0.000000,-0.393701,0.000000,0.000000,0.393701,-0.000000,0.000000,0.000000,0.000000,0.000000,1.000000;;
 }

 Mesh object0049_Biped_Object_ {
  24;
  32.805139;7.093628;41.352826;,
  31.978547;6.796550;36.695370;,
  30.146611;6.547034;39.669341;,
  34.637072;7.343144;38.378854;,
  35.241680;4.094802;38.478739;,
  30.751219;3.298692;39.769229;,
  32.583155;3.548208;36.795258;,
  33.409744;3.845285;41.452714;,
  32.583155;3.548208;36.795258;,
  30.146611;6.547034;39.669341;,
  31.978547;6.796550;36.695370;,
  30.751219;3.298692;39.769229;,
  32.805139;7.093628;41.352826;,
  35.241680;4.094802;38.478739;,
  34.637072;7.343144;38.378854;,
  33.409744;3.845285;41.452714;,
  32.805139;7.093628;41.352826;,
  30.751219;3.298692;39.769229;,
  33.409744;3.845285;41.452714;,
  30.146611;6.547034;39.669341;,
  32.583155;3.548208;36.795258;,
  34.637072;7.343144;38.378854;,
  35.241680;4.094802;38.478739;,
  31.978547;6.796550;36.695370;;
  12;
  3;0,1,2;,
  3;1,0,3;,
  3;4,5,6;,
  3;5,4,7;,
  3;8,9,10;,
  3;9,8,11;,
  3;12,13,14;,
  3;13,12,15;,
  3;16,17,18;,
  3;17,16,19;,
  3;20,21,22;,
  3;21,20,23;;

  MeshNormals {
   24;
   -0.182901;0.982667;-0.030218;,
   -0.182901;0.982667;-0.030218;,
   -0.182901;0.982667;-0.030218;,
   -0.182901;0.982667;-0.030218;,
   0.182901;-0.982667;0.030218;,
   0.182901;-0.982667;0.030218;,
   0.182901;-0.982667;0.030218;,
   0.182901;-0.982667;0.030218;,
   -0.832391;-0.171140;-0.527103;,
   -0.832391;-0.171140;-0.527103;,
   -0.832391;-0.171140;-0.527103;,
   -0.832391;-0.171140;-0.527103;,
   0.832391;0.171140;0.527103;,
   0.832391;0.171140;0.527103;,
   0.832391;0.171140;0.527103;,
   0.832391;0.171140;0.527103;,
   -0.523138;-0.071255;0.849264;,
   -0.523138;-0.071255;0.849264;,
   -0.523138;-0.071255;0.849264;,
   -0.523138;-0.071255;0.849264;,
   0.523138;0.071255;-0.849264;,
   0.523138;0.071255;-0.849264;,
   0.523138;0.071255;-0.849264;,
   0.523138;0.071255;-0.849264;;
   12;
   3;0,1,2;,
   3;1,0,3;,
   3;4,5,6;,
   3;5,4,7;,
   3;8,9,10;,
   3;9,8,11;,
   3;12,13,14;,
   3;13,12,15;,
   3;16,17,18;,
   3;17,16,19;,
   3;20,21,22;,
   3;21,20,23;;
  }

  MeshMaterialList {
   1;
   12;
   0,
   0,
   0,
   0,
   0,
   0,
   0,
   0,
   0,
   0,
   0,
   0;
   { object0050_49 }
  }

  MeshTextureCoords c1 {
   24;
   0.000000;0.000000;,
   0.000000;0.000000;,
   0.000000;0.000000;,
   0.000000;0.000000;,
   0.000000;0.000000;,
   0.000000;0.000000;,
   0.000000;0.000000;,
   0.000000;0.000000;,
   0.000000;0.000000;,
   0.000000;0.000000;,
   0.000000;0.000000;,
   0.000000;0.000000;,
   0.000000;0.000000;,
   0.000000;0.000000;,
   0.000000;0.000000;,
   0.000000;0.000000;,
   0.000000;0.000000;,
   0.000000;0.000000;,
   0.000000;0.000000;,
   0.000000;0.000000;,
   0.000000;0.000000;,
   0.000000;0.000000;,
   0.000000;0.000000;,
   0.000000;0.000000;;
  }

  XSkinMeshHeader {
   1;
   1;
   1;
  }

  SkinWeights {
   "object0049_Biped_Object";
   24;
   0,
   1,
   2,
   3,
   4,
   5,
   6,
   7,
   8,
   9,
   10,
   11,
   12,
   13,
   14,
   15,
   16,
   17,
   18,
   19,
   20,
   21,
   22,
   23;
   1.000000,
   1.000000,
   1.000000,
   1.000000,
   1.000000,
   1.000000,
   1.000000,
   1.000000,
   1.000000,
   1.000000,
   1.000000,
   1.000000,
   1.000000,
   1.000000,
   1.000000,
   1.000000,
   1.000000,
   1.000000,
   1.000000,
   1.000000,
   1.000000,
   1.000000,
   1.000000,
   1.000000;
   0.523138,-0.182901,0.832390,0.000000,0.071255,0.982667,0.171140,0.000000,-0.849264,-0.030218,0.527103,0.000000,17.452411,1.931852,-48.720944,1.000000;;
  }
 }
}

Frame object0053_Biped_Object_ {
 

 FrameTransformMatrix {
  0.393701,0.000000,0.000000,0.000000,0.000000,-0.000000,-0.393701,0.000000,0.000000,0.393701,-0.000000,0.000000,0.000000,0.000000,0.000000,1.000000;;
 }

 Mesh object0053_Biped_Object_ {
  24;
  29.996493;6.713512;39.805510;,
  30.012893;6.372557;46.043248;,
  32.696125;7.268558;41.515027;,
  27.313258;5.817512;44.333738;,
  33.559859;3.678834;41.316547;,
  28.176992;2.227788;44.135258;,
  30.860227;3.123789;39.607034;,
  30.876624;2.782834;45.844768;,
  30.860227;3.123789;39.607034;,
  27.313258;5.817512;44.333738;,
  29.996493;6.713512;39.805510;,
  28.176992;2.227788;44.135258;,
  30.012893;6.372557;46.043248;,
  33.559859;3.678834;41.316547;,
  32.696125;7.268558;41.515027;,
  30.876624;2.782834;45.844768;,
  30.012893;6.372557;46.043248;,
  28.176992;2.227788;44.135258;,
  30.876624;2.782834;45.844768;,
  27.313258;5.817512;44.333738;,
  30.860227;3.123789;39.607034;,
  32.696125;7.268558;41.515027;,
  33.559859;3.678834;41.316547;,
  29.996493;6.713512;39.805510;;
  12;
  3;0,1,2;,
  3;1,0,3;,
  3;4,5,6;,
  3;5,4,7;,
  3;8,9,10;,
  3;9,8,11;,
  3;12,13,14;,
  3;13,12,15;,
  3;16,17,18;,
  3;17,16,19;,
  3;20,21,22;,
  3;21,20,23;;

  MeshNormals {
   24;
   -0.233599;0.970850;0.053680;,
   -0.233599;0.970850;0.053680;,
   -0.233599;0.970850;0.053680;,
   -0.233599;0.970850;0.053680;,
   0.233599;-0.970850;-0.053680;,
   0.233599;-0.970850;-0.053680;,
   0.233599;-0.970850;-0.053680;,
   0.233599;-0.970850;-0.053680;,
   -0.832391;-0.171140;-0.527103;,
   -0.832391;-0.171140;-0.527103;,
   -0.832391;-0.171140;-0.527103;,
   -0.832391;-0.171140;-0.527103;,
   0.832391;0.171140;0.527103;,
   0.832391;0.171140;0.527103;,
   0.832391;0.171140;0.527103;,
   0.832391;0.171140;0.527103;,
   -0.502551;-0.167813;0.848105;,
   -0.502551;-0.167813;0.848105;,
   -0.502551;-0.167813;0.848105;,
   -0.502551;-0.167813;0.848105;,
   0.502551;0.167813;-0.848105;,
   0.502551;0.167813;-0.848105;,
   0.502551;0.167813;-0.848105;,
   0.502551;0.167813;-0.848105;;
   12;
   3;0,1,2;,
   3;1,0,3;,
   3;4,5,6;,
   3;5,4,7;,
   3;8,9,10;,
   3;9,8,11;,
   3;12,13,14;,
   3;13,12,15;,
   3;16,17,18;,
   3;17,16,19;,
   3;20,21,22;,
   3;21,20,23;;
  }

  MeshMaterialList {
   1;
   12;
   0,
   0,
   0,
   0,
   0,
   0,
   0,
   0,
   0,
   0,
   0,
   0;
   { object0050_53 }
  }

  MeshTextureCoords c1 {
   24;
   0.000000;0.000000;,
   0.000000;0.000000;,
   0.000000;0.000000;,
   0.000000;0.000000;,
   0.000000;0.000000;,
   0.000000;0.000000;,
   0.000000;0.000000;,
   0.000000;0.000000;,
   0.000000;0.000000;,
   0.000000;0.000000;,
   0.000000;0.000000;,
   0.000000;0.000000;,
   0.000000;0.000000;,
   0.000000;0.000000;,
   0.000000;0.000000;,
   0.000000;0.000000;,
   0.000000;0.000000;,
   0.000000;0.000000;,
   0.000000;0.000000;,
   0.000000;0.000000;,
   0.000000;0.000000;,
   0.000000;0.000000;,
   0.000000;0.000000;,
   0.000000;0.000000;;
  }

  XSkinMeshHeader {
   1;
   1;
   1;
  }

  SkinWeights {
   "object0053_Biped_Object";
   24;
   0,
   1,
   2,
   3,
   4,
   5,
   6,
   7,
   8,
   9,
   10,
   11,
   12,
   13,
   14,
   15,
   16,
   17,
   18,
   19,
   20,
   21,
   22,
   23;
   1.000000,
   1.000000,
   1.000000,
   1.000000,
   1.000000,
   1.000000,
   1.000000,
   1.000000,
   1.000000,
   1.000000,
   1.000000,
   1.000000,
   1.000000,
   1.000000,
   1.000000,
   1.000000,
   1.000000,
   1.000000,
   1.000000,
   1.000000,
   1.000000,
   1.000000,
   1.000000,
   1.000000;
   0.502551,-0.233599,0.832390,0.000000,0.167813,0.970850,0.171140,0.000000,-0.848105,0.053680,0.527102,0.000000,22.897086,0.201362,-48.720941,1.000000;;
  }
 }
}

Frame object0062_Biped_Object_ {
 

 FrameTransformMatrix {
  0.393701,0.000000,0.000000,0.000000,0.000000,-0.000000,-0.393701,0.000000,0.000000,0.393701,-0.000000,0.000000,0.000000,0.000000,0.000000,1.000000;;
 }

 Mesh object0062_Biped_Object_ {
  24;
  39.509168;0.879218;36.373187;,
  37.525661;4.088776;40.049155;,
  39.432422;3.939268;36.215677;,
  37.602406;1.028726;40.206672;,
  39.432422;3.939268;36.215677;,
  40.337056;4.230978;41.441987;,
  42.243821;4.081470;37.608506;,
  37.525661;4.088776;40.049155;,
  42.243821;4.081470;37.608506;,
  40.413798;1.170927;41.599504;,
  42.320563;1.021419;37.766019;,
  40.337056;4.230978;41.441987;,
  40.413798;1.170927;41.599504;,
  39.509168;0.879218;36.373187;,
  42.320563;1.021419;37.766019;,
  37.602406;1.028726;40.206672;,
  40.413798;1.170927;41.599504;,
  37.525661;4.088776;40.049155;,
  37.602406;1.028726;40.206672;,
  40.337056;4.230978;41.441987;,
  39.432422;3.939268;36.215677;,
  42.320563;1.021419;37.766019;,
  39.509168;0.879218;36.373187;,
  42.243821;4.081470;37.608506;;
  12;
  3;0,1,2;,
  3;1,0,3;,
  3;4,5,6;,
  3;5,4,7;,
  3;8,9,10;,
  3;9,8,11;,
  3;12,13,14;,
  3;13,12,15;,
  3;16,17,18;,
  3;17,16,19;,
  3;20,21,22;,
  3;21,20,23;;

  MeshNormals {
   24;
   -0.895143;-0.045277;-0.443475;,
   -0.895143;-0.045277;-0.443475;,
   -0.895143;-0.045277;-0.443475;,
   -0.895143;-0.045277;-0.443475;,
   -0.025038;0.998365;-0.051390;,
   -0.025038;0.998365;-0.051390;,
   -0.025038;0.998365;-0.051390;,
   -0.025038;0.998365;-0.051390;,
   0.895143;0.045277;0.443475;,
   0.895143;0.045277;0.443475;,
   0.895143;0.045277;0.443475;,
   0.895143;0.045277;0.443475;,
   0.025038;-0.998365;0.051390;,
