xof 0303txt 0032
template ColorRGBA {
 <35ff44e0-6c7c-11cf-8f52-0040333594a3>
 FLOAT red;
 FLOAT green;
 FLOAT blue;
 FLOAT alpha;
}

template ColorRGB {
 <d3e16e81-7835-11cf-8f52-0040333594a3>
 FLOAT red;
 FLOAT green;
 FLOAT blue;
}

template Material {
 <3d82ab4d-62da-11cf-ab39-0020af71e433>
 ColorRGBA faceColor;
 FLOAT power;
 ColorRGB specularColor;
 ColorRGB emissiveColor;
 [...]
}

template TextureFilename {
 <a42790e1-7810-11cf-8f52-0040333594a3>
 STRING filename;
}

template Frame {
 <3d82ab46-62da-11cf-ab39-0020af71e433>
 [...]
}

template Matrix4x4 {
 <f6f23f45-7686-11cf-8f52-0040333594a3>
 array FLOAT matrix[16];
}

template FrameTransformMatrix {
 <f6f23f41-7686-11cf-8f52-0040333594a3>
 Matrix4x4 frameMatrix;
}

template Vector {
 <3d82ab5e-62da-11cf-ab39-0020af71e433>
 FLOAT x;
 FLOAT y;
 FLOAT z;
}

template MeshFace {
 <3d82ab5f-62da-11cf-ab39-0020af71e433>
 DWORD nFaceVertexIndices;
 array DWORD faceVertexIndices[nFaceVertexIndices];
}

template Mesh {
 <3d82ab44-62da-11cf-ab39-0020af71e433>
 DWORD nVertices;
 array Vector vertices[nVertices];
 DWORD nFaces;
 array MeshFace faces[nFaces];
 [...]
}

template MeshNormals {
 <f6f23f43-7686-11cf-8f52-0040333594a3>
 DWORD nNormals;
 array Vector normals[nNormals];
 DWORD nFaceNormals;
 array MeshFace faceNormals[nFaceNormals];
}

template MeshMaterialList {
 <f6f23f42-7686-11cf-8f52-0040333594a3>
 DWORD nMaterials;
 DWORD nFaceIndexes;
 array DWORD faceIndexes[nFaceIndexes];
 [Material <3d82ab4d-62da-11cf-ab39-0020af71e433>]
}

template Coords2d {
 <f6f23f44-7686-11cf-8f52-0040333594a3>
 FLOAT u;
 FLOAT v;
}

template MeshTextureCoords {
 <f6f23f40-7686-11cf-8f52-0040333594a3>
 DWORD nTextureCoords;
 array Coords2d textureCoords[nTextureCoords];
}

template XSkinMeshHeader {
 <3cf169ce-ff7c-44ab-93c0-f78f62d172e2>
 WORD nMaxSkinWeightsPerVertex;
 WORD nMaxSkinWeightsPerFace;
 WORD nBones;
}

template SkinWeights {
 <6f0d123b-bad2-4167-a0d0-80224f25fabb>
 STRING transformNodeName;
 DWORD nWeights;
 array DWORD vertexIndices[nWeights];
 array FLOAT weights[nWeights];
 Matrix4x4 matrixOffset;
}

template AnimTicksPerSecond {
 <9e415a43-7ba6-4a73-8743-b73d47e88476>
 DWORD AnimTicksPerSecond;
}

template Animation {
 <3d82ab4f-62da-11cf-ab39-0020af71e433>
 [...]
}

template AnimationSet {
 <3d82ab50-62da-11cf-ab39-0020af71e433>
 [Animation <3d82ab4f-62da-11cf-ab39-0020af71e433>]
}

template FloatKeys {
 <10dd46a9-775b-11cf-8f52-0040333594a3>
 DWORD nValues;
 array FLOAT values[nValues];
}

template TimedFloatKeys {
 <f406b180-7b3b-11cf-8f52-0040333594a3>
 DWORD time;
 FloatKeys tfkeys;
}

template AnimationKey {
 <10dd46a8-775b-11cf-8f52-0040333594a3>
 DWORD keyType;
 DWORD nKeys;
 array TimedFloatKeys keys[nKeys];
}


Material _11700225_C_RedLineSocksSneakers_242 {
 1.000000;1.000000;1.000000;1.000000;;
 43.219280;
 0.020000;0.020000;0.020000;;
 0.000000;0.000000;0.000000;;

 TextureFilename {
  "11700225_C_RedLineSocksSneakers_D.dds";
 }
}

Material _11700225_C_RedLineSocksSneakers_262 {
 1.000000;1.000000;1.000000;1.000000;;
 43.219280;
 0.020000;0.020000;0.020000;;
 0.000000;0.000000;0.000000;;

 TextureFilename {
  "11700225_C_RedLineSocksSneakers_D.dds";
 }
}

Material _11700225_C_RedLineSocksSneakers_275 {
 1.000000;1.000000;1.000000;1.000000;;
 43.219280;
 0.020000;0.020000;0.020000;;
 0.000000;0.000000;0.000000;;

 TextureFilename {
  "11700225_C_RedLineSocksSneakers_D.dds";
 }
}

Frame Scene_Root {
 

 FrameTransformMatrix {
  0.393701,0.000000,0.000000,0.000000,0.000000,-0.000000,-0.393701,0.000000,0.000000,0.393701,-0.000000,0.000000,0.000000,0.000000,0.000000,1.000000;;
 }

 Frame Bip01 {
  

  FrameTransformMatrix {
   0.000001,0.997564,-0.069757,0.000000,-1.000000,0.000001,-0.000000,0.000000,0.000000,0.069757,0.997564,0.000000,0.013153,1.995826,45.297594,1.000000;;
  }

  Frame Bip01_Footsteps {
   

   FrameTransformMatrix {
    0.000002,-1.000000,0.000000,0.000000,0.997564,0.000002,0.069757,0.000000,-0.069757,-0.000000,0.997564,0.000000,3.158238,0.000004,-45.164269,1.000000;;
   }
  }

  Frame Bip01_Pelvis {
   

   FrameTransformMatrix {
    0.000001,-0.000000,1.000000,0.000000,-1.000000,0.000001,0.000001,0.000000,-0.000001,-1.000000,-0.000000,0.000000,0.000000,0.000000,0.000000,1.000000;;
   }

   Frame Bip01_Spine {
    

    FrameTransformMatrix {
     0.998707,-0.050824,0.000001,0.000000,0.050824,0.998708,0.000004,0.000000,-0.000001,-0.000004,1.000000,0.000000,3.672924,-0.256297,0.000005,1.000000;;
    }

    Frame Bip01_Spine1 {
     

     FrameTransformMatrix {
      0.996899,0.078688,-0.000000,0.000000,-0.078688,0.996900,0.000000,0.000000,0.000000,-0.000000,1.000000,0.000000,5.748703,0.004559,-0.000000,1.000000;;
     }

     Frame Bip01_Spine2 {
      

      FrameTransformMatrix {
       0.983435,0.181259,-0.000001,0.000000,-0.181260,0.983436,0.000000,0.000000,0.000001,0.000000,1.000000,0.000000,5.739044,0.013319,-0.000000,1.000000;;
      }

      Frame Bip01_Neck {
       

       FrameTransformMatrix {
        0.967684,-0.252167,0.000001,0.000000,0.252168,0.967684,0.000000,0.000000,-0.000001,0.000000,1.000000,0.000000,17.185211,0.674539,0.000002,1.000000;;
       }

       Frame Bip01_Head {
        

        FrameTransformMatrix {
         0.993567,0.113247,-0.000000,0.000000,-0.113247,0.993567,0.000000,0.000000,0.000000,0.000000,1.000000,0.000000,4.018600,0.785322,-0.013147,1.000000;;
        }

        Frame Bip01_HeadNub {
         

         FrameTransformMatrix {
          1.000000,0.000000,-0.000000,0.000000,-0.000000,1.000000,0.000000,0.000000,0.000000,-0.000000,1.000000,0.000000,51.565370,0.000000,-0.000001,1.000000;;
         }
        }
       }

       Frame Bip01_L_Clavicle {
        

        FrameTransformMatrix {
         -0.307849,-0.008913,0.951393,0.000000,0.252271,-0.964930,0.072590,0.000000,0.917381,0.262355,0.299302,0.000000,-1.842415,0.188778,3.177583,1.000000;;
        }

        Frame Bip01_L_UpperArm {
         

         FrameTransformMatrix {
          0.835931,-0.092037,-0.541063,0.000000,-0.025557,0.978242,-0.205888,0.000000,0.548240,0.185936,0.815390,0.000000,7.100719,-0.000001,0.000008,1.000000;;
         }

         Frame Bip01_L_Forearm {
          

          FrameTransformMatrix {
           0.999999,0.001452,-0.000000,0.000000,-0.001452,0.999999,-0.000000,0.000000,0.000000,0.000000,1.000000,0.000000,15.525939,0.000000,-0.000008,1.000000;;
          }

          Frame Bip01_L_Hand {
           

           FrameTransformMatrix {
            0.999650,-0.022704,0.013559,0.000000,-0.014317,-0.033570,0.999334,0.000000,-0.022233,-0.999179,-0.033883,0.000000,13.317222,-0.000001,-0.000004,1.000000;;
           }

           Frame Bip01_L_Finger0 {
            

            FrameTransformMatrix {
             0.964227,-0.152334,-0.216936,0.000000,-0.237976,-0.136966,-0.961566,0.000000,0.116766,0.978793,-0.168318,0.000000,4.856732,-2.803825,-5.612443,1.000000;;
            }

            Frame Bip01_L_Finger01 {
             

             FrameTransformMatrix {
              0.995125,-0.098614,0.000000,0.000000,0.098615,0.995126,0.000000,0.000000,-0.000000,-0.000000,1.000000,0.000000,5.339226,-0.000006,-0.000008,1.000000;;
             }
            }
           }

           Frame Bip01_L_Finger1 {
            

            FrameTransformMatrix {
             0.998363,-0.052217,-0.023341,0.000000,0.051145,0.997706,-0.044367,0.000000,0.025604,0.043100,0.998743,0.000000,10.594981,2.271389,-4.280781,1.000000;;
            }

            Frame Bip01_L_Finger11 {
             

             FrameTransformMatrix {
              0.984171,-0.177224,-0.000000,0.000000,0.177224,0.984171,0.000000,0.000000,-0.000000,0.000000,1.000000,0.000000,3.923913,0.000004,0.000001,1.000000;;
             }
            }
           }

           Frame Bip01_L_Finger2 {
            

            FrameTransformMatrix {
             0.991631,-0.128610,-0.011325,0.000000,0.128941,0.990986,0.036356,0.000000,0.006548,-0.037512,0.999275,0.000000,10.601828,2.431675,-1.008320,1.000000;;
            }

            Frame Bip01_L_Finger21 {
             

             FrameTransformMatrix {
              0.991204,-0.132344,0.000000,0.000000,0.132344,0.991204,0.000000,0.000000,-0.000000,0.000000,1.000001,0.000000,3.983998,-0.000011,0.000002,1.000000;;
             }
            }
           }

           Frame Bip01_L_Finger3 {
            

            FrameTransformMatrix {
             0.966126,-0.257431,-0.018167,0.000000,0.258065,0.964176,0.061378,0.000000,0.001716,-0.063987,0.997950,0.000000,10.718296,2.048344,2.260055,1.000000;;
            }

            Frame Bip01_L_Finger31 {
             

             FrameTransformMatrix {
              0.987153,-0.159781,-0.000000,0.000000,0.159781,0.987153,0.000000,0.000000,0.000000,-0.000000,1.000001,0.000000,3.418408,-0.000004,-0.000000,1.000000;;
             }
            }
           }

           Frame Bip01_L_Finger4 {
            

            FrameTransformMatrix {
             0.944212,-0.325539,0.049878,0.000000,0.324682,0.945502,0.024659,0.000000,-0.055188,-0.007089,0.998451,0.000000,10.380744,1.781944,4.841386,1.000000;;
            }

            Frame Bip01_L_Finger41 {
             

             FrameTransformMatrix {
              0.965879,-0.258994,0.000000,0.000000,0.258994,0.965879,-0.000000,0.000000,-0.000000,0.000000,1.000001,0.000000,3.160633,-0.000008,0.000002,1.000000;;
             }
            }
           }

           Frame Weapon_Hand_L_Point {
            

            FrameTransformMatrix {
             0.039464,-0.100056,0.994199,0.000000,0.998798,-0.024994,-0.042162,0.000000,0.029067,0.994668,0.098950,0.000000,11.464715,-1.377167,-0.147705,1.000000;;
            }
           }
          }
         }

         Frame Bip01_L_ForeTwist {
          

          FrameTransformMatrix {
           0.999999,0.001452,-0.000000,0.000000,-0.001452,0.999935,0.011299,0.000000,0.000016,-0.011299,0.999936,0.000000,15.525939,0.000000,-0.000008,1.000000;;
          }

          Frame Bip01_L_ForeTwist1 {
           

           FrameTransformMatrix {
            1.000000,-0.000000,0.000000,0.000000,0.000000,0.999936,0.011299,0.000000,-0.000000,-0.011299,0.999936,0.000000,6.658611,-0.000001,-0.000000,1.000000;;
           }
          }
         }
        }
       }

       Frame Bip01_R_Clavicle {
        

        FrameTransformMatrix {
         -0.307849,-0.008918,-0.951394,0.000000,0.252271,-0.964931,-0.072584,0.000000,-0.917381,-0.262354,0.299303,0.000000,-1.842430,0.188762,-3.177590,1.000000;;
        }

        Frame Bip01_R_UpperArm {
         

         FrameTransformMatrix {
          0.835930,-0.092037,0.541063,0.000000,-0.025557,0.978242,0.205888,0.000000,-0.548240,-0.185936,0.815390,0.000000,7.100721,0.000001,-0.000015,1.000000;;
         }

         Frame Bip01_R_Forearm {
          

          FrameTransformMatrix {
           0.999999,0.001452,0.000000,0.000000,-0.001452,0.999999,0.000000,0.000000,0.000000,-0.000000,1.000000,0.000000,15.525955,0.000000,0.000000,1.000000;;
          }

          Frame Bip01_R_Hand {
           

           FrameTransformMatrix {
            0.999650,-0.022704,-0.013559,0.000000,-0.014317,-0.033570,-0.999334,0.000000,0.022233,0.999179,-0.033883,0.000000,13.317234,-0.000000,-0.000008,1.000000;;
           }

           Frame Bip01_R_Finger0 {
            

            FrameTransformMatrix {
             0.964227,-0.152334,0.216936,0.000000,-0.237976,-0.136966,0.961566,0.000000,-0.116766,-0.978793,-0.168319,0.000000,4.856741,-2.803822,5.612444,1.000000;;
            }

            Frame Bip01_R_Finger01 {
             

             FrameTransformMatrix {
              0.995125,-0.098614,0.000000,0.000000,0.098614,0.995126,-0.000000,0.000000,-0.000000,-0.000000,1.000001,0.000000,5.339226,-0.000002,0.000008,1.000000;;
             }
            }
           }

           Frame Bip01_R_Finger1 {
            

            FrameTransformMatrix {
             0.998363,-0.052217,0.023341,0.000000,0.051145,0.997706,0.044367,0.000000,-0.025604,-0.043100,0.998743,0.000000,10.594992,2.271389,4.280782,1.000000;;
            }

            Frame Bip01_R_Finger11 {
             

             FrameTransformMatrix {
              0.984170,-0.177224,0.000000,0.000000,0.177224,0.984171,0.000000,0.000000,-0.000000,-0.000000,1.000000,0.000000,3.923895,-0.000004,-0.000001,1.000000;;
             }
            }
           }

           Frame Bip01_R_Finger2 {
            

            FrameTransformMatrix {
             0.991631,-0.128610,0.011326,0.000000,0.128941,0.990986,-0.036356,0.000000,-0.006548,0.037512,0.999275,0.000000,10.601836,2.431667,1.008321,1.000000;;
            }

            Frame Bip01_R_Finger21 {
             

             FrameTransformMatrix {
              0.991204,-0.132344,-0.000000,0.000000,0.132344,0.991204,0.000000,0.000000,0.000000,-0.000000,1.000000,0.000000,3.983999,-0.000004,-0.000002,1.000000;;
             }
            }
           }

           Frame Bip01_R_Finger3 {
            

            FrameTransformMatrix {
             0.966126,-0.257431,0.018167,0.000000,0.258066,0.964176,-0.061378,0.000000,-0.001716,0.063987,0.997950,0.000000,10.718300,2.048351,-2.260056,1.000000;;
            }

            Frame Bip01_R_Finger31 {
             

             FrameTransformMatrix {
              0.987152,-0.159781,-0.000000,0.000000,0.159781,0.987153,-0.000000,0.000000,0.000000,-0.000000,1.000001,0.000000,3.418404,-0.000008,-0.000000,1.000000;;
             }
            }
           }

           Frame Bip01_R_Finger4 {
            

            FrameTransformMatrix {
             0.944212,-0.325539,-0.049878,0.000000,0.324682,0.945503,-0.024659,0.000000,0.055188,0.007089,0.998451,0.000000,10.380750,1.781952,-4.841386,1.000000;;
            }

            Frame Bip01_R_Finger41 {
             

             FrameTransformMatrix {
              0.965879,-0.258994,-0.000000,0.000000,0.258994,0.965880,-0.000000,0.000000,0.000000,0.000000,1.000001,0.000000,3.160641,0.000000,-0.000002,1.000000;;
             }
            }
           }

           Frame Weapon_Hand_R_Point {
            

            FrameTransformMatrix {
             -0.074295,0.100867,0.992123,0.000000,0.996813,-0.021483,0.076830,0.000000,0.029064,0.994669,-0.098950,0.000000,11.482882,-1.359409,0.123646,1.000000;;
            }
           }
          }
         }

         Frame Bip01_R_ForeTwist {
          

          FrameTransformMatrix {
           0.999999,0.001452,0.000000,0.000000,-0.001452,0.999935,-0.011299,0.000000,-0.000016,0.011299,0.999936,0.000000,15.525955,0.000000,0.000000,1.000000;;
          }

          Frame Bip01_R_ForeTwist1 {
           

           FrameTransformMatrix {
            1.000000,0.000000,0.000000,0.000000,-0.000000,0.999936,-0.011299,0.000000,-0.000000,0.011299,0.999936,0.000000,6.658613,0.000001,0.000008,1.000000;;
           }
          }
         }
        }
       }
      }
     }
    }
   }

   Frame Bip01_L_Thigh {
    

    FrameTransformMatrix {
     -0.997055,0.052067,0.056309,0.000000,0.051801,0.998638,-0.006171,0.000000,-0.056553,-0.003236,-0.998394,0.000000,-0.000011,-0.000013,7.749224,1.000000;;
    }

    Frame Bip01_L_Calf {
     

     FrameTransformMatrix {
      0.999627,0.027315,-0.000000,0.000000,-0.027315,0.999627,-0.000000,0.000000,0.000000,0.000000,1.000000,0.000000,22.080971,-0.000000,0.000001,1.000000;;
     }

     Frame Bip01_L_Foot {
      

      FrameTransformMatrix {
       0.987421,-0.147811,0.056152,0.000000,0.146646,0.988890,0.024354,0.000000,-0.059128,-0.015813,0.998125,0.000000,14.997718,-0.000000,-0.000003,1.000000;;
      }

      Frame Bip01_L_Toe0 {
       

       FrameTransformMatrix {
        -0.000000,-1.000000,-0.000000,0.000000,1.000000,-0.000000,-0.000000,0.000000,0.000000,-0.000000,1.000000,0.000000,8.640066,-6.144475,-0.000000,1.000000;;
       }
      }
     }

     Frame L_Calf_Point01 {
      

      FrameTransformMatrix {
       0.987262,-0.148879,0.056111,0.000000,0.147711,0.988729,0.024430,0.000000,-0.059116,-0.015831,0.998126,0.000000,12.996113,0.544429,-1.375637,1.000000;;
      }
     }
    }
   }

   Frame Bip01_R_Thigh {
    

    FrameTransformMatrix {
     -0.997055,0.052067,-0.056311,0.000000,0.051801,0.998639,0.006174,0.000000,0.056556,0.003238,-0.998395,0.000000,0.000011,0.000009,-7.749222,1.000000;;
    }

    Frame Bip01_R_Calf {
     

     FrameTransformMatrix {
      0.999627,0.027315,-0.000000,0.000000,-0.027315,0.999627,-0.000000,0.000000,0.000000,0.000000,1.000001,0.000000,22.080992,-0.000000,-0.000002,1.000000;;
     }

     Frame Bip01_R_Foot {
      

      FrameTransformMatrix {
       0.987421,-0.147811,-0.056152,0.000000,0.146646,0.988889,-0.024354,0.000000,0.059128,0.015814,0.998126,0.000000,14.997718,-0.000002,-0.000001,1.000000;;
      }

      Frame Bip01_R_Toe0 {
       

       FrameTransformMatrix {
        -0.000000,-1.000000,-0.000000,0.000000,1.000001,-0.000000,-0.000000,0.000000,0.000000,-0.000000,1.000001,0.000000,8.640072,-6.144475,0.000002,1.000000;;
       }
      }
     }

     Frame R_Calf_Point01 {
      

      FrameTransformMatrix {
       0.987418,-0.147839,-0.056125,0.000000,0.146677,0.988886,-0.024316,0.000000,0.059096,0.015778,0.998128,0.000000,12.995920,0.544455,1.372128,1.000000;;
      }
     }
    }
   }
  }

  Frame EFF_Lock_D {
   

   FrameTransformMatrix {
    0.997581,0.000000,0.069521,0.000000,-0.000000,1.000000,0.000000,0.000000,-0.069521,-0.000000,0.997580,0.000000,1.168878,0.013154,-45.326448,1.000000;;
   }

   Frame Extra_Point01 {
    

    FrameTransformMatrix {
     0.000001,-1.000000,-0.000000,0.000000,1.000000,0.000001,0.000237,0.000000,-0.000237,-0.000000,1.000000,0.000000,-0.000002,-0.000001,-0.000004,1.000000;;
    }
   }
  }

  Frame Move_Link_D {
   

   FrameTransformMatrix {
    0.997564,-0.000000,0.069757,0.000000,0.000000,1.000000,-0.000000,0.000000,-0.069757,0.000000,0.997564,0.000000,0.748200,0.000001,-10.699589,1.000000;;
   }

   Frame EFF_Move_D {
    

    FrameTransformMatrix {
     1.000000,0.000001,-0.000000,0.000000,-0.000001,1.000000,0.000000,0.000000,0.000000,-0.000000,1.000000,0.000000,-1.706174,0.013154,-34.571846,1.000000;;
    }
   }
  }

  Frame SATA9NI_Link_Point02 {
   

   FrameTransformMatrix {
    -0.997564,-0.000001,-0.069756,0.000000,0.069756,0.000000,-0.997564,0.000000,0.000001,-1.000000,-0.000000,0.000000,0.434791,0.010962,-41.792867,1.000000;;
   }
  }

  Frame SATA9NI_Bone01 {
   

   FrameTransformMatrix {
    0.035253,-0.000052,-0.999378,0.000000,0.999378,-0.000001,0.035253,0.000000,-0.000003,-1.000000,0.000052,0.000000,-1.034301,0.013151,-0.145496,1.000000;;
   }
  }

  Frame SATA9NI_Lock_Dummy01 {
   

   FrameTransformMatrix {
    0.000001,-1.000000,0.000000,0.000000,0.997564,0.000001,0.069757,0.000000,-0.069757,-0.000000,0.997564,0.000000,1.168831,0.013159,-45.326448,1.000000;;
   }
  }
 }

 Frame SH {
  

  FrameTransformMatrix {
   1.000000,0.000000,0.000000,0.000000,0.000000,1.000000,0.000000,0.000000,0.000000,0.000000,1.000000,0.000000,0.000000,0.000000,0.000000,1.000000;;
  }
 }

 Frame SH_Ankle {
  

  FrameTransformMatrix {
   1.000000,0.000000,0.000000,0.000000,0.000000,1.000000,0.000000,0.000000,0.000000,0.000000,1.000000,0.000000,0.000000,0.000000,0.000000,1.000000;;
  }
 }

 Frame SH_Stocking {
  

  FrameTransformMatrix {
   1.000000,0.000000,0.000000,0.000000,0.000000,1.000000,0.000000,0.000000,0.000000,0.000000,1.000000,0.000000,0.000008,0.000000,0.000000,1.000000;;
  }
 }
}

Frame SH_ {
 

 FrameTransformMatrix {
  0.393701,0.000000,0.000000,0.000000,0.000000,-0.000000,-0.393701,0.000000,0.000000,0.393701,-0.000000,0.000000,0.000000,0.000000,0.000000,1.000000;;
 }

 Mesh SH_ {
  330;
  -16.197054;-0.990353;0.017957;,
  -3.512945;-4.962150;0.017958;,
  -16.219166;-4.663519;0.017957;,
  5.129679;-9.022360;0.017977;,
  14.362456;-9.305157;0.017976;,
  9.359898;-10.771160;0.017976;,
  16.219163;-4.663516;0.017976;,
  3.512948;-4.962148;0.017976;,
  16.197050;-0.990350;0.017976;,
  3.459519;-1.035844;0.017976;,
  16.288117;3.516800;0.017977;,
  3.489166;3.442057;0.017977;,
  3.378006;7.033949;0.016868;,
  15.626421;7.422227;0.016557;,
  13.749406;9.823646;0.016584;,
  4.970698;10.009334;0.016518;,
  11.596072;11.624674;0.016783;,
  7.221499;11.779268;0.016788;,
  -14.362458;-9.305159;0.017958;,
  -5.129677;-9.022362;0.017958;,
  -9.359898;-10.771163;0.017958;,
  -3.459517;-1.035846;0.017958;,
  -16.288120;3.516797;0.017957;,
  -3.489163;3.442055;0.017958;,
  -3.378004;7.033947;0.016847;,
  -15.626422;7.422225;0.016536;,
  -13.749406;9.823645;0.016563;,
  -4.970696;10.009333;0.016496;,
  -11.596073;11.624672;0.016761;,
  -7.221499;11.779267;0.016767;,
  9.359898;-10.771160;0.017976;,
  14.366590;-9.288191;2.921406;,
  9.390906;-10.847307;2.921407;,
  14.362456;-9.305157;0.017976;,
  16.141629;-4.646225;2.921406;,
  16.219163;-4.663516;0.017976;,
  16.197050;-0.990350;0.017976;,
  16.151314;-0.991281;2.921406;,
  16.288117;3.516800;0.017977;,
  16.384285;3.630555;2.921407;,
  15.626421;7.422227;0.016557;,
  15.598082;7.402782;2.720071;,
  13.749406;9.823646;0.016584;,
  13.862155;9.839723;2.720072;,
  11.596072;11.624674;0.016783;,
  11.564418;11.635707;2.720071;,
  7.209118;11.791260;2.720072;,
  7.221499;11.779268;0.016788;,
  4.970698;10.009334;0.016518;,
  4.858324;10.288346;2.720073;,
  3.378006;7.033949;0.016868;,
  3.230352;7.006912;2.721095;,
  3.377910;3.423238;2.922501;,
  3.489166;3.442057;0.017977;,
  3.390767;-1.016787;2.921954;,
  3.459519;-1.035844;0.017976;,
  3.508182;-4.926829;2.921407;,
  3.512948;-4.962148;0.017976;,
  5.185216;-9.147579;2.921407;,
  5.129679;-9.022360;0.017977;,
  9.359898;-10.771160;0.017976;,
  9.390906;-10.847307;2.921407;,
  -14.366592;-9.288194;2.921388;,
  -9.359898;-10.771163;0.017958;,
  -9.390905;-10.847310;2.921389;,
  -14.362458;-9.305159;0.017958;,
  -16.141630;-4.646228;2.921388;,
  -16.219166;-4.663519;0.017957;,
  -16.197054;-0.990353;0.017957;,
  -16.151315;-0.991284;2.921389;,
  -16.288120;3.516797;0.017957;,
  -16.384288;3.630553;2.921389;,
  -15.626422;7.422225;0.016536;,
  -15.598083;7.402780;2.720050;,
  -13.749406;9.823645;0.016563;,
  -13.862157;9.839722;2.720051;,
  -11.596073;11.624672;0.016761;,
  -11.564420;11.635706;2.720050;,
  -7.209118;11.791258;2.720050;,
  -7.221499;11.779267;0.016767;,
  -4.970696;10.009333;0.016496;,
  -4.858323;10.288346;2.720052;,
  -3.378004;7.033947;0.016847;,
  -3.230350;7.006912;2.721075;,
  -3.377907;3.423236;2.922482;,
  -3.489163;3.442055;0.017958;,
  -3.390764;-1.016789;2.921937;,
  -3.459517;-1.035846;0.017958;,
  -3.508178;-4.926831;2.921389;,
  -3.512945;-4.962150;0.017958;,
  -5.185213;-9.147581;2.921389;,
  -5.129677;-9.022362;0.017958;,
  -9.359898;-10.771163;0.017958;,
  -9.390905;-10.847310;2.921389;,
  15.349864;-2.138244;12.533977;,
  15.203453;-1.034007;11.405912;,
  14.814320;0.783516;12.229008;,
  15.189390;-0.488257;9.430211;,
  15.017622;0.635116;8.984465;,
  13.657702;2.278502;12.156327;,
  15.407760;-0.954294;7.812754;,
  13.823082;2.710392;9.071386;,
  11.316382;4.176356;12.197474;,
  15.794586;-0.510092;5.622469;,
  15.607558;-2.256313;6.488672;,
  15.701731;-4.328711;5.915830;,
  15.633898;3.937701;4.991129;,
  16.151314;-0.991281;2.921406;,
  16.384285;3.630555;2.921407;,
  16.141629;-4.646225;2.921406;,
  15.598082;7.402782;2.720071;,
  15.038742;7.443690;4.607513;,
  14.115094;4.799273;6.697319;,
  14.098165;7.429096;5.810846;,
  11.364178;5.450536;7.968593;,
  11.481225;7.453701;7.000130;,
  7.169250;7.393854;7.003406;,
  11.363822;4.501480;9.473353;,
  7.259668;5.453536;7.961793;,
  4.761364;7.261618;5.900375;,
  7.336738;4.498580;9.468752;,
  7.237430;4.167957;12.255493;,
  5.019896;4.537177;6.660737;,
  3.762327;7.117858;4.854628;,
  5.125308;2.757229;8.986099;,
  5.054596;2.368169;12.276775;,
  3.841254;3.963956;5.358470;,
  3.230352;7.006912;2.721095;,
  3.377910;3.423238;2.922501;,
  4.223875;0.548668;8.923792;,
  3.928478;0.202491;12.281643;,
  3.801834;-1.013070;11.016310;,
  3.431479;-2.243724;12.232522;,
  3.868986;-0.626998;9.116115;,
  3.669013;-1.088019;7.516070;,
  3.727585;-0.389643;5.460410;,
  3.531052;-2.376023;6.206239;,
  3.390767;-1.016787;2.921954;,
  3.430640;-4.426114;5.639563;,
  3.508182;-4.926829;2.921407;,
  5.234825;-9.102441;5.667952;,
  5.185216;-9.147579;2.921407;,
  3.995060;-6.401792;6.256171;,
  9.390906;-10.847307;2.921407;,
  9.352199;-10.593643;5.763330;,
  4.485117;-7.483322;7.495518;,
  9.345101;-9.822365;9.168726;,
  5.166525;-8.517843;9.207559;,
  4.448390;-7.724146;9.195196;,
  9.267037;-9.586227;12.546826;,
  4.254560;-7.296432;11.126903;,
  4.789130;-8.264007;12.315330;,
  3.684388;-6.051101;12.221862;,
  -15.349864;-2.138246;12.533964;,
  -14.814322;0.783514;12.228995;,
  -15.203453;-1.034010;11.405898;,
  -15.189392;-0.488260;9.430197;,
  -15.017622;0.635114;8.984450;,
  -13.657704;2.278500;12.156315;,
  -15.407762;-0.954297;7.812738;,
  -13.823082;2.710390;9.071372;,
  -11.316382;4.176355;12.197461;,
  -15.794587;-0.510094;5.622452;,
  -15.607560;-2.256315;6.488655;,
  -15.701733;-4.328714;5.915813;,
  -15.633901;3.937699;4.991112;,
  -16.151315;-0.991284;2.921389;,
  -16.384288;3.630553;2.921389;,
  -16.141630;-4.646228;2.921388;,
  -15.598083;7.402780;2.720050;,
  -15.038744;7.443687;4.607495;,
  -14.115094;4.799271;6.697302;,
  -14.098168;7.429094;5.810828;,
  -11.364178;5.450534;7.968578;,
  -11.481226;7.453699;7.000113;,
  -7.169249;7.393852;7.003390;,
  -11.363822;4.501479;9.473338;,
  -7.259668;5.453535;7.961776;,
  -4.761362;7.261616;5.900358;,
  -7.336737;4.498580;9.468738;,
  -7.237429;4.167956;12.255481;,
  -5.019894;4.537175;6.660720;,
  -3.762325;7.117856;4.854609;,
  -5.125306;2.757227;8.986086;,
  -5.054593;2.368169;12.276763;,
  -3.841252;3.963955;5.358453;,
  -3.230350;7.006912;2.721075;,
  -3.377907;3.423236;2.922482;,
  -4.223872;0.548667;8.923778;,
  -3.928475;0.202490;12.281630;,
  -3.801831;-1.013072;11.016298;,
  -3.431476;-2.243725;12.232510;,
  -3.868982;-0.627000;9.116102;,
  -3.669010;-1.088021;7.516054;,
  -3.727582;-0.389645;5.460393;,
  -3.531048;-2.376025;6.206222;,
  -3.390764;-1.016789;2.921937;,
  -3.430636;-4.426116;5.639546;,
  -3.508178;-4.926831;2.921389;,
  -5.234822;-9.102442;5.667935;,
  -5.185213;-9.147581;2.921389;,
  -3.995056;-6.401794;6.256154;,
  -9.390905;-10.847310;2.921389;,
  -9.352198;-10.593645;5.763313;,
  -4.485113;-7.483325;7.495502;,
  -9.345098;-9.822366;9.168712;,
  -5.166521;-8.517846;9.207546;,
  -4.448385;-7.724148;9.195181;,
  -9.267034;-9.586230;12.546813;,
  -4.254556;-7.296434;11.126890;,
  -4.789126;-8.264010;12.315318;,
  -3.684384;-6.051103;12.221850;,
  13.497267;-8.273706;12.537691;,
  14.308595;-7.092574;11.345051;,
  14.815968;-5.728404;12.523200;,
  13.469158;-8.522642;9.508943;,
  9.267037;-9.586227;12.546826;,
  14.020333;-7.590026;9.510151;,
  9.345101;-9.822365;9.168726;,
  14.378416;-7.310479;7.791979;,
  13.956027;-9.032843;5.799723;,
  9.352199;-10.593643;5.763330;,
  14.884085;-6.325885;6.539147;,
  9.390906;-10.847307;2.921407;,
  14.366590;-9.288191;2.921406;,
  -13.497267;-8.273710;12.537678;,
  -14.815968;-5.728407;12.523188;,
  -14.308595;-7.092577;11.345038;,
  -13.469157;-8.522646;9.508930;,
  -9.267034;-9.586230;12.546813;,
  -14.020333;-7.590030;9.510136;,
  -9.345098;-9.822366;9.168712;,
  -14.378418;-7.310482;7.791962;,
  -13.956029;-9.032846;5.799706;,
  -9.352198;-10.593645;5.763313;,
  -14.884086;-6.325888;6.539130;,
  -9.390905;-10.847310;2.921389;,
  -14.366592;-9.288194;2.921388;,
  15.598082;7.402782;2.720071;,
  13.862155;9.839723;2.720072;,
  13.940059;9.906799;3.822947;,
  15.038742;7.443690;4.607513;,
  11.564418;11.635707;2.720071;,
  14.002947;9.189934;5.208816;,
  14.098165;7.429096;5.810846;,
  11.576471;11.750406;4.206550;,
  11.519533;10.182065;6.274814;,
  11.481225;7.453701;7.000130;,
  7.206807;10.337994;6.326794;,
  7.169250;7.393854;7.003406;,
  4.761364;7.261618;5.900375;,
  4.634379;9.236267;5.102974;,
  3.762327;7.117858;4.854628;,
  7.201377;11.903811;4.249809;,
  7.209118;11.791260;2.720072;,
  4.858324;10.288346;2.720073;,
  4.639223;10.146047;3.938029;,
  3.230352;7.006912;2.721095;,
  -15.598083;7.402780;2.720050;,
  -13.940061;9.906798;3.822926;,
  -13.862157;9.839722;2.720051;,
  -15.038744;7.443687;4.607495;,
  -11.564420;11.635706;2.720050;,
  -14.002949;9.189934;5.208796;,
  -14.098168;7.429094;5.810828;,
  -11.576474;11.750406;4.206528;,
  -11.519535;10.182063;6.274794;,
  -11.481226;7.453699;7.000113;,
  -7.206807;10.337994;6.326773;,
  -7.169249;7.393852;7.003390;,
  -4.761362;7.261616;5.900358;,
  -4.634378;9.236266;5.102954;,
  -3.762325;7.117856;4.854609;,
  -7.201378;11.903810;4.249787;,
  -7.209118;11.791258;2.720050;,
  -4.858323;10.288346;2.720052;,
  -4.639222;10.146046;3.938008;,
  -3.230350;7.006912;2.721075;,
  3.575283;-4.314473;9.182917;,
  3.531052;-2.376023;6.206239;,
  3.430640;-4.426114;5.639563;,
  3.669013;-1.088019;7.516070;,
  3.995060;-6.401792;6.256171;,
  3.868986;-0.626998;9.116115;,
  4.485117;-7.483322;7.495518;,
  3.801834;-1.013070;11.016310;,
  4.448390;-7.724146;9.195196;,
  3.431479;-2.243724;12.232522;,
  4.254560;-7.296432;11.126903;,
  3.175675;-4.169574;12.756290;,
  3.684388;-6.051101;12.221862;,
  -3.531048;-2.376025;6.206222;,
  -3.575279;-4.314474;9.182902;,
  -3.430636;-4.426116;5.639546;,
  -3.995056;-6.401794;6.256154;,
  -3.669010;-1.088021;7.516054;,
  -4.485113;-7.483325;7.495502;,
  -3.868982;-0.627000;9.116102;,
  -4.448385;-7.724148;9.195181;,
  -3.801831;-1.013072;11.016298;,
  -4.254556;-7.296434;11.126890;,
  -3.431476;-2.243725;12.232510;,
  -3.684384;-6.051103;12.221850;,
  -3.175671;-4.169575;12.756277;,
  15.447574;-4.215854;9.497738;,
  15.349864;-2.138244;12.533977;,
  15.490758;-3.952518;13.063442;,
  15.203453;-1.034007;11.405912;,
  14.815968;-5.728404;12.523200;,
  15.189390;-0.488257;9.430211;,
  14.308595;-7.092574;11.345051;,
  15.407760;-0.954294;7.812754;,
  14.020333;-7.590026;9.510151;,
  15.607558;-2.256313;6.488672;,
  14.378416;-7.310479;7.791979;,
  15.701731;-4.328711;5.915830;,
  14.884085;-6.325885;6.539147;,
  -14.884086;-6.325888;6.539130;,
  -15.447574;-4.215857;9.497723;,
  -15.701733;-4.328714;5.915813;,
  -15.607560;-2.256315;6.488655;,
  -14.378418;-7.310482;7.791962;,
  -15.407762;-0.954297;7.812738;,
  -14.020333;-7.590030;9.510136;,
  -15.189392;-0.488260;9.430197;,
  -14.308595;-7.092577;11.345038;,
  -15.203453;-1.034010;11.405898;,
  -14.815968;-5.728407;12.523188;,
  -15.349864;-2.138246;12.533964;,
  -15.490758;-3.952521;13.063430;;
  362;
  3;0,1,2;,
  3;3,4,5;,
  3;6,4,3;,
  3;6,3,7;,
  3;7,8,6;,
  3;8,7,9;,
  3;9,10,8;,
  3;10,9,11;,
  3;12,10,11;,
  3;10,12,13;,
  3;12,14,13;,
  3;14,12,15;,
  3;15,16,14;,
  3;16,15,17;,
  3;18,19,20;,
  3;2,19,18;,
  3;2,1,19;,
  3;1,0,21;,
  3;22,21,0;,
  3;21,22,23;,
  3;22,24,23;,
  3;24,22,25;,
  3;26,24,25;,
  3;24,26,27;,
  3;28,27,26;,
  3;27,28,29;,
  3;30,31,32;,
  3;31,30,33;,
  3;33,34,31;,
  3;34,33,35;,
  3;36,34,35;,
  3;34,36,37;,
  3;38,37,36;,
  3;37,38,39;,
  3;40,39,38;,
  3;39,40,41;,
  3;42,41,40;,
  3;41,42,43;,
  3;44,43,42;,
  3;43,44,45;,
  3;44,46,45;,
  3;46,44,47;,
  3;48,46,47;,
  3;46,48,49;,
  3;50,49,48;,
  3;49,50,51;,
  3;50,52,51;,
  3;52,50,53;,
  3;53,54,52;,
  3;54,53,55;,
  3;55,56,54;,
  3;56,55,57;,
  3;57,58,56;,
  3;58,57,59;,
  3;60,58,59;,
  3;58,60,61;,
  3;62,63,64;,
  3;63,62,65;,
  3;66,65,62;,
  3;65,66,67;,
  3;66,68,67;,
  3;68,66,69;,
  3;69,70,68;,
  3;70,69,71;,
  3;71,72,70;,
  3;72,71,73;,
  3;73,74,72;,
  3;74,73,75;,
  3;75,76,74;,
  3;76,75,77;,
  3;78,76,77;,
  3;76,78,79;,
  3;78,80,79;,
  3;80,78,81;,
  3;81,82,80;,
  3;82,81,83;,
  3;84,82,83;,
  3;82,84,85;,
  3;86,85,84;,
  3;85,86,87;,
  3;88,87,86;,
  3;87,88,89;,
  3;90,89,88;,
  3;89,90,91;,
  3;90,92,91;,
  3;92,90,93;,
  3;94,95,96;,
  3;96,95,97;,
  3;96,97,98;,
  3;98,99,96;,
  3;97,100,98;,
  3;99,98,101;,
  3;101,102,99;,
  3;98,100,103;,
  3;103,100,104;,
  3;103,104,105;,
  3;106,98,103;,
  3;106,101,98;,
  3;105,107,103;,
  3;108,103,107;,
  3;103,108,106;,
  3;107,105,109;,
  3;110,106,108;,
  3;106,110,111;,
  3;111,112,106;,
  3;101,106,112;,
  3;112,111,113;,
  3;113,114,112;,
  3;114,101,112;,
  3;114,113,115;,
  3;116,114,115;,
  3;101,114,117;,
  3;102,101,117;,
  3;114,116,118;,
  3;119,118,116;,
  3;114,120,117;,
  3;120,114,118;,
  3;120,102,117;,
  3;102,120,121;,
  3;118,119,122;,
  3;122,120,118;,
  3;123,122,119;,
  3;124,121,120;,
  3;120,122,124;,
  3;121,124,125;,
  3;122,123,126;,
  3;126,124,122;,
  3;127,126,123;,
  3;126,127,128;,
  3;129,125,124;,
  3;124,126,129;,
  3;125,129,130;,
  3;131,132,130;,
  3;131,130,129;,
  3;131,129,133;,
  3;129,134,133;,
  3;135,134,129;,
  3;129,126,135;,
  3;135,136,134;,
  3;135,126,128;,
  3;128,137,135;,
  3;138,136,135;,
  3;137,138,135;,
  3;138,137,139;,
  3;139,140,138;,
  3;140,139,141;,
  3;142,138,140;,
  3;143,140,141;,
  3;140,143,144;,
  3;142,140,145;,
  3;146,140,144;,
  3;145,140,147;,
  3;140,146,147;,
  3;145,147,148;,
  3;149,147,146;,
  3;147,150,148;,
  3;147,149,151;,
  3;151,150,147;,
  3;152,150,151;,
  3;153,154,155;,
  3;155,154,156;,
  3;156,154,157;,
  3;158,157,154;,
  3;156,157,159;,
  3;157,158,160;,
  3;161,160,158;,
  3;159,157,162;,
  3;159,162,163;,
  3;163,162,164;,
  3;165,162,157;,
  3;160,165,157;,
  3;166,164,162;,
  3;162,167,166;,
  3;167,162,165;,
  3;164,166,168;,
  3;165,169,167;,
  3;169,165,170;,
  3;171,170,165;,
  3;165,160,171;,
  3;170,171,172;,
  3;173,172,171;,
  3;160,173,171;,
  3;172,173,174;,
  3;173,175,174;,
  3;173,160,176;,
  3;160,161,176;,
  3;175,173,177;,
  3;177,178,175;,
  3;179,173,176;,
  3;161,179,176;,
  3;173,179,177;,
  3;179,161,180;,
  3;178,177,181;,
  3;179,181,177;,
  3;181,182,178;,
  3;180,183,179;,
  3;181,179,183;,
  3;183,180,184;,
  3;182,181,185;,
  3;183,185,181;,
  3;185,186,182;,
  3;186,185,187;,
  3;184,188,183;,
  3;185,183,188;,
  3;188,184,189;,
  3;190,189,191;,
  3;190,188,189;,
  3;190,192,188;,
  3;193,188,192;,
  3;193,194,188;,
  3;188,194,185;,
  3;194,187,185;,
  3;195,194,193;,
  3;187,194,196;,
  3;197,194,195;,
  3;197,196,194;,
  3;196,197,198;,
  3;199,198,197;,
  3;198,199,200;,
  3;201,199,197;,
  3;199,202,200;,
  3;202,199,203;,
  3;201,204,199;,
  3;199,205,203;,
  3;199,204,206;,
  3;205,199,206;,
  3;206,204,207;,
  3;206,208,205;,
  3;209,206,207;,
  3;208,206,210;,
  3;209,210,206;,
  3;211,210,209;,
  3;212,213,214;,
  3;212,215,213;,
  3;216,215,212;,
  3;213,215,217;,
  3;215,216,218;,
  3;215,219,217;,
  3;218,220,215;,
  3;220,219,215;,
  3;220,218,221;,
  3;220,222,219;,
  3;223,220,221;,
  3;105,222,220;,
  3;220,223,224;,
  3;220,109,105;,
  3;109,220,224;,
  3;225,226,227;,
  3;225,227,228;,
  3;228,229,225;,
  3;228,227,230;,
  3;229,228,231;,
  3;232,228,230;,
  3;233,231,228;,
  3;232,233,228;,
  3;231,233,234;,
  3;235,233,232;,
  3;233,236,234;,
  3;164,233,235;,
  3;236,233,237;,
  3;168,233,164;,
  3;233,168,237;,
  3;238,239,240;,
  3;240,241,238;,
  3;242,240,239;,
  3;240,243,241;,
  3;244,241,243;,
  3;240,242,245;,
  3;245,243,240;,
  3;246,244,243;,
  3;243,245,246;,
  3;244,246,247;,
  3;248,247,246;,
  3;245,248,246;,
  3;247,248,249;,
  3;248,250,249;,
  3;250,248,251;,
  3;250,251,252;,
  3;248,245,253;,
  3;253,251,248;,
  3;242,253,245;,
  3;253,242,254;,
  3;255,253,254;,
  3;251,253,256;,
  3;253,255,256;,
  3;256,252,251;,
  3;257,256,255;,
  3;252,256,257;,
  3;258,259,260;,
  3;259,258,261;,
  3;259,262,260;,
  3;259,261,263;,
  3;264,263,261;,
  3;262,259,265;,
  3;263,265,259;,
  3;264,266,263;,
  3;265,263,266;,
  3;266,264,267;,
  3;267,268,266;,
  3;268,265,266;,
  3;268,267,269;,
  3;270,268,269;,
  3;268,270,271;,
  3;270,272,271;,
  3;265,268,273;,
  3;271,273,268;,
  3;273,262,265;,
  3;262,273,274;,
  3;273,275,274;,
  3;275,273,276;,
  3;273,271,276;,
  3;272,276,271;,
  3;277,275,276;,
  3;276,272,277;,
  3;278,279,280;,
  3;281,279,278;,
  3;282,278,280;,
  3;281,278,283;,
  3;282,284,278;,
  3;283,278,285;,
  3;278,284,286;,
  3;285,278,287;,
  3;288,278,286;,
  3;287,278,289;,
  3;288,290,278;,
  3;278,290,289;,
  3;291,292,293;,
  3;294,293,292;,
  3;295,292,291;,
  3;294,292,296;,
  3;295,297,292;,
  3;296,292,298;,
  3;297,299,292;,
  3;300,298,292;,
  3;292,299,301;,
  3;300,292,302;,
  3;292,301,303;,
  3;302,292,303;,
  3;304,305,306;,
  3;304,307,305;,
  3;308,304,306;,
  3;309,307,304;,
  3;310,304,308;,
  3;311,309,304;,
  3;310,312,304;,
  3;311,304,313;,
  3;314,304,312;,
  3;313,304,315;,
  3;316,304,314;,
  3;316,315,304;,
  3;317,318,319;,
  3;318,320,319;,
  3;317,321,318;,
  3;322,320,318;,
  3;318,321,323;,
  3;322,318,324;,
  3;325,318,323;,
  3;324,318,326;,
  3;325,327,318;,
  3;326,318,328;,
  3;318,327,329;,
  3;328,318,329;;

  MeshNormals {
   330;
   -0.713824;-0.004743;-0.700309;,
   0.682356;-0.187100;-0.706671;,
   -0.699878;-0.154422;-0.697370;,
   -0.494088;-0.497315;-0.713131;,
   0.554597;-0.445464;-0.702840;,
   -0.020397;-0.887090;-0.461145;,
   0.699878;-0.154422;-0.697370;,
   -0.682356;-0.187100;-0.706671;,
   0.713824;-0.004743;-0.700309;,
   -0.701186;-0.008039;-0.712933;,
   0.700656;0.018041;-0.713271;,
   -0.695275;-0.005343;-0.718724;,
   -0.671441;0.144082;-0.726916;,
   0.669808;0.217970;-0.709821;,
   0.528955;0.459384;-0.713564;,
   -0.484450;0.480263;-0.731201;,
   0.200145;0.675257;-0.709909;,
   -0.167027;0.685183;-0.708961;,
   -0.554597;-0.445464;-0.702840;,
   0.494088;-0.497314;-0.713131;,
   0.020397;-0.887090;-0.461145;,
   0.701186;-0.008039;-0.712933;,
   -0.700656;0.018041;-0.713271;,
   0.695275;-0.005343;-0.718724;,
   0.671442;0.144082;-0.726916;,
   -0.669808;0.217970;-0.709821;,
   -0.528955;0.459384;-0.713564;,
   0.484451;0.480263;-0.731201;,
   -0.200145;0.675257;-0.709909;,
   0.167027;0.685183;-0.708961;,
   -0.020397;-0.887090;-0.461145;,
   0.611306;-0.787711;0.076261;,
   -0.007828;-0.999511;0.030282;,
   0.554597;-0.445464;-0.702840;,
   0.967403;-0.236418;0.090760;,
   0.699878;-0.154422;-0.697370;,
   0.713824;-0.004743;-0.700309;,
   0.997281;-0.024861;0.069375;,
   0.700656;0.018041;-0.713271;,
   0.990148;0.080574;0.114521;,
   0.669808;0.217970;-0.709821;,
   0.907807;0.395962;0.138204;,
   0.528955;0.459384;-0.713564;,
   0.709995;0.701874;-0.057280;,
   0.200145;0.675257;-0.709909;,
   0.269701;0.962116;-0.039931;,
   -0.206731;0.977141;-0.049581;,
   -0.167027;0.685183;-0.708961;,
   -0.484450;0.480263;-0.731201;,
   -0.754843;0.651964;-0.071807;,
   -0.671441;0.144082;-0.726916;,
   -0.976800;0.196208;0.085818;,
   -0.998006;-0.011597;0.062043;,
   -0.695275;-0.005343;-0.718724;,
   -0.999724;0.003229;0.023283;,
   -0.701186;-0.008039;-0.712933;,
   -0.977358;-0.211542;0.004568;,
   -0.682356;-0.187100;-0.706671;,
   -0.708223;-0.705967;0.005573;,
   -0.494088;-0.497315;-0.713131;,
   -0.020397;-0.887090;-0.461145;,
   -0.007828;-0.999511;0.030282;,
   -0.611306;-0.787711;0.076261;,
   0.020397;-0.887090;-0.461145;,
   0.007828;-0.999511;0.030282;,
   -0.554597;-0.445464;-0.702840;,
   -0.967403;-0.236418;0.090760;,
   -0.699878;-0.154422;-0.697370;,
   -0.713824;-0.004743;-0.700309;,
   -0.997281;-0.024861;0.069375;,
   -0.700656;0.018041;-0.713271;,
   -0.990148;0.080574;0.114521;,
   -0.669808;0.217970;-0.709821;,
   -0.907807;0.395962;0.138204;,
   -0.528955;0.459384;-0.713564;,
   -0.709995;0.701873;-0.057280;,
   -0.200145;0.675257;-0.709909;,
   -0.269701;0.962116;-0.039931;,
   0.206731;0.977141;-0.049581;,
   0.167027;0.685183;-0.708961;,
   0.484451;0.480263;-0.731201;,
   0.754843;0.651964;-0.071807;,
   0.671442;0.144082;-0.726916;,
   0.976800;0.196209;0.085818;,
   0.998006;-0.011597;0.062043;,
   0.695275;-0.005343;-0.718724;,
   0.999724;0.003229;0.023283;,
   0.701186;-0.008039;-0.712933;,
   0.977358;-0.211542;0.004568;,
   0.682356;-0.187100;-0.706671;,
   0.708223;-0.705967;0.005573;,
   0.494088;-0.497314;-0.713131;,
   0.020397;-0.887090;-0.461145;,
