xof 0303txt 0032
template ColorRGBA {
 <35ff44e0-6c7c-11cf-8f52-0040333594a3>
 FLOAT red;
 FLOAT green;
 FLOAT blue;
 FLOAT alpha;
}

template ColorRGB {
 <d3e16e81-7835-11cf-8f52-0040333594a3>
 FLOAT red;
 FLOAT green;
 FLOAT blue;
}

template Material {
 <3d82ab4d-62da-11cf-ab39-0020af71e433>
 ColorRGBA faceColor;
 FLOAT power;
 ColorRGB specularColor;
 ColorRGB emissiveColor;
 [...]
}

template TextureFilename {
 <a42790e1-7810-11cf-8f52-0040333594a3>
 STRING filename;
}

template Frame {
 <3d82ab46-62da-11cf-ab39-0020af71e433>
 [...]
}

template Matrix4x4 {
 <f6f23f45-7686-11cf-8f52-0040333594a3>
 array FLOAT matrix[16];
}

template FrameTransformMatrix {
 <f6f23f41-7686-11cf-8f52-0040333594a3>
 Matrix4x4 frameMatrix;
}

template Vector {
 <3d82ab5e-62da-11cf-ab39-0020af71e433>
 FLOAT x;
 FLOAT y;
 FLOAT z;
}

template MeshFace {
 <3d82ab5f-62da-11cf-ab39-0020af71e433>
 DWORD nFaceVertexIndices;
 array DWORD faceVertexIndices[nFaceVertexIndices];
}

template Mesh {
 <3d82ab44-62da-11cf-ab39-0020af71e433>
 DWORD nVertices;
 array Vector vertices[nVertices];
 DWORD nFaces;
 array MeshFace faces[nFaces];
 [...]
}

template MeshNormals {
 <f6f23f43-7686-11cf-8f52-0040333594a3>
 DWORD nNormals;
 array Vector normals[nNormals];
 DWORD nFaceNormals;
 array MeshFace faceNormals[nFaceNormals];
}

template MeshMaterialList {
 <f6f23f42-7686-11cf-8f52-0040333594a3>
 DWORD nMaterials;
 DWORD nFaceIndexes;
 array DWORD faceIndexes[nFaceIndexes];
 [Material <3d82ab4d-62da-11cf-ab39-0020af71e433>]
}

template Coords2d {
 <f6f23f44-7686-11cf-8f52-0040333594a3>
 FLOAT u;
 FLOAT v;
}

template MeshTextureCoords {
 <f6f23f40-7686-11cf-8f52-0040333594a3>
 DWORD nTextureCoords;
 array Coords2d textureCoords[nTextureCoords];
}

template XSkinMeshHeader {
 <3cf169ce-ff7c-44ab-93c0-f78f62d172e2>
 WORD nMaxSkinWeightsPerVertex;
 WORD nMaxSkinWeightsPerFace;
 WORD nBones;
}

template SkinWeights {
 <6f0d123b-bad2-4167-a0d0-80224f25fabb>
 STRING transformNodeName;
 DWORD nWeights;
 array DWORD vertexIndices[nWeights];
 array FLOAT weights[nWeights];
 Matrix4x4 matrixOffset;
}

template AnimTicksPerSecond {
 <9e415a43-7ba6-4a73-8743-b73d47e88476>
 DWORD AnimTicksPerSecond;
}

template Animation {
 <3d82ab4f-62da-11cf-ab39-0020af71e433>
 [...]
}

template AnimationSet {
 <3d82ab50-62da-11cf-ab39-0020af71e433>
 [Animation <3d82ab4f-62da-11cf-ab39-0020af71e433>]
}

template FloatKeys {
 <10dd46a9-775b-11cf-8f52-0040333594a3>
 DWORD nValues;
 array FLOAT values[nValues];
}

template TimedFloatKeys {
 <f406b180-7b3b-11cf-8f52-0040333594a3>
 DWORD time;
 FloatKeys tfkeys;
}

template AnimationKey {
 <10dd46a8-775b-11cf-8f52-0040333594a3>
 DWORD keyType;
 DWORD nKeys;
 array TimedFloatKeys keys[nKeys];
}


Material _11700229_C_MeshSocksWalker_205 {
 1.000000;1.000000;1.000000;1.000000;;
 43.219280;
 0.020000;0.020000;0.020000;;
 0.000000;0.000000;0.000000;;

 TextureFilename {
  "11700229_C_MeshSocksWalker_D.dds";
 }
}

Material _11700229_C_MeshSocksWalker_224 {
 1.000000;1.000000;1.000000;1.000000;;
 43.219280;
 0.020000;0.020000;0.020000;;
 0.000000;0.000000;0.000000;;

 TextureFilename {
  "11700229_C_MeshSocksWalker_D.dds";
 }
}

Material _11700229_C_MeshSocksWalker_237 {
 1.000000;1.000000;1.000000;1.000000;;
 43.219280;
 0.020000;0.020000;0.020000;;
 0.000000;0.000000;0.000000;;

 TextureFilename {
  "11700229_C_MeshSocksWalker_D.dds";
 }
}

Frame Scene_Root {
 

 FrameTransformMatrix {
  0.393701,0.000000,0.000000,0.000000,0.000000,-0.000000,-0.393701,0.000000,0.000000,0.393701,-0.000000,0.000000,0.000000,0.000000,0.000000,1.000000;;
 }

 Frame Bip01 {
  

  FrameTransformMatrix {
   0.000002,0.997564,-0.069757,0.000000,-1.000000,0.000001,-0.000000,0.000000,0.000000,0.069757,0.997564,0.000000,0.013153,1.995826,45.297594,1.000000;;
  }

  Frame Bip01_Footsteps {
   

   FrameTransformMatrix {
    0.000002,-1.000000,0.000000,0.000000,0.997564,0.000002,0.069757,0.000000,-0.069757,-0.000000,0.997564,0.000000,3.158144,0.000004,-45.162934,1.000000;;
   }
  }

  Frame Bip01_Pelvis {
   

   FrameTransformMatrix {
    0.000002,-0.000000,1.000000,0.000000,-1.000000,0.000001,0.000002,0.000000,-0.000001,-1.000000,-0.000000,0.000000,0.000000,0.000000,0.000000,1.000000;;
   }

   Frame Bip01_Spine {
    

    FrameTransformMatrix {
     0.998708,-0.050824,0.000001,0.000000,0.050824,0.998708,0.000004,0.000000,-0.000001,-0.000004,1.000000,0.000000,3.672924,-0.256298,0.000005,1.000000;;
    }

    Frame Bip01_Spine1 {
     

     FrameTransformMatrix {
      0.996899,0.078688,-0.000000,0.000000,-0.078688,0.996899,0.000000,0.000000,0.000000,-0.000000,1.000000,0.000000,5.748711,0.004558,-0.000000,1.000000;;
     }

     Frame Bip01_Spine2 {
      

      FrameTransformMatrix {
       0.983435,0.181259,-0.000001,0.000000,-0.181259,0.983435,0.000000,0.000000,0.000001,0.000000,1.000000,0.000000,5.739052,0.013319,-0.000000,1.000000;;
      }

      Frame Bip01_Neck {
       

       FrameTransformMatrix {
        0.967684,-0.252167,0.000001,0.000000,0.252167,0.967684,0.000000,0.000000,-0.000001,0.000000,1.000000,0.000000,17.185211,0.674536,0.000002,1.000000;;
       }

       Frame Bip01_Head {
        

        FrameTransformMatrix {
         0.993567,0.113247,-0.000000,0.000000,-0.113247,0.993567,0.000000,0.000000,0.000000,0.000000,1.000000,0.000000,4.018608,0.785323,-0.013147,1.000000;;
        }

        Frame Bip01_HeadNub {
         

         FrameTransformMatrix {
          1.000000,-0.000000,-0.000000,0.000000,0.000000,1.000000,0.000000,0.000000,0.000000,-0.000000,1.000000,0.000000,51.565370,-0.000000,-0.000002,1.000000;;
         }
        }
       }

       Frame Bip01_L_Clavicle {
        

        FrameTransformMatrix {
         -0.307849,-0.008913,0.951393,0.000000,0.252271,-0.964930,0.072590,0.000000,0.917381,0.262356,0.299302,0.000000,-1.842407,0.188779,3.177583,1.000000;;
        }

        Frame Bip01_L_UpperArm {
         

         FrameTransformMatrix {
          0.835930,-0.092037,-0.541063,0.000000,-0.025557,0.978242,-0.205888,0.000000,0.548240,0.185936,0.815390,0.000000,7.100722,-0.000000,0.000008,1.000000;;
         }

         Frame Bip01_L_Forearm {
          

          FrameTransformMatrix {
           0.999999,0.001452,-0.000000,0.000000,-0.001452,0.999999,-0.000000,0.000000,-0.000000,0.000000,1.000000,0.000000,15.525947,0.000001,-0.000004,1.000000;;
          }

          Frame Bip01_L_Hand {
           

           FrameTransformMatrix {
            0.999650,-0.022704,0.013559,0.000000,-0.014317,-0.033570,0.999334,0.000000,-0.022233,-0.999179,-0.033883,0.000000,13.317225,-0.000000,-0.000011,1.000000;;
           }

           Frame Bip01_L_Finger0 {
            

            FrameTransformMatrix {
             0.964227,-0.152334,-0.216936,0.000000,-0.237976,-0.136966,-0.961565,0.000000,0.116766,0.978793,-0.168318,0.000000,4.856733,-2.803829,-5.612442,1.000000;;
            }

            Frame Bip01_L_Finger01 {
             

             FrameTransformMatrix {
              0.995126,-0.098614,0.000000,0.000000,0.098615,0.995126,-0.000000,0.000000,-0.000000,0.000000,1.000000,0.000000,5.339233,-0.000003,-0.000000,1.000000;;
             }
            }
           }

           Frame Bip01_L_Finger1 {
            

            FrameTransformMatrix {
             0.998363,-0.052217,-0.023341,0.000000,0.051145,0.997706,-0.044367,0.000000,0.025604,0.043100,0.998743,0.000000,10.594981,2.271393,-4.280781,1.000000;;
            }

            Frame Bip01_L_Finger11 {
             

             FrameTransformMatrix {
              0.984171,-0.177224,0.000000,0.000000,0.177224,0.984171,0.000000,0.000000,-0.000000,-0.000000,1.000000,0.000000,3.923907,0.000004,0.000002,1.000000;;
             }
            }
           }

           Frame Bip01_L_Finger2 {
            

            FrameTransformMatrix {
             0.991631,-0.128610,-0.011326,0.000000,0.128941,0.990986,0.036356,0.000000,0.006548,-0.037512,0.999275,0.000000,10.601835,2.431660,-1.008320,1.000000;;
            }

            Frame Bip01_L_Finger21 {
             

             FrameTransformMatrix {
              0.991204,-0.132344,0.000000,0.000000,0.132344,0.991204,0.000000,0.000000,-0.000000,-0.000000,1.000000,0.000000,3.983994,-0.000008,0.000002,1.000000;;
             }
            }
           }

           Frame Bip01_L_Finger3 {
            

            FrameTransformMatrix {
             0.966126,-0.257431,-0.018167,0.000000,0.258065,0.964176,0.061378,0.000000,0.001716,-0.063987,0.997950,0.000000,10.718302,2.048347,2.260054,1.000000;;
            }

            Frame Bip01_L_Finger31 {
             

             FrameTransformMatrix {
              0.987152,-0.159781,-0.000000,0.000000,0.159781,0.987152,0.000000,0.000000,0.000000,-0.000000,1.000000,0.000000,3.418411,0.000000,0.000000,1.000000;;
             }
            }
           }

           Frame Bip01_L_Finger4 {
            

            FrameTransformMatrix {
             0.944212,-0.325539,0.049878,0.000000,0.324681,0.945502,0.024659,0.000000,-0.055188,-0.007089,0.998451,0.000000,10.380748,1.781948,4.841384,1.000000;;
            }

            Frame Bip01_L_Finger41 {
             

             FrameTransformMatrix {
              0.965879,-0.258993,-0.000000,0.000000,0.258993,0.965879,0.000000,0.000000,-0.000000,-0.000000,1.000000,0.000000,3.160635,0.000004,0.000000,1.000000;;
             }
            }
           }
          }
         }

         Frame Bip01_L_ForeTwist {
          

          FrameTransformMatrix {
           0.999999,0.001452,-0.000000,0.000000,-0.001452,0.999935,0.011299,0.000000,0.000016,-0.011299,0.999936,0.000000,15.525947,0.000001,-0.000004,1.000000;;
          }

          Frame Bip01_L_ForeTwist1 {
           

           FrameTransformMatrix {
            1.000000,-0.000000,0.000000,0.000000,0.000000,0.999936,0.011299,0.000000,-0.000000,-0.011299,0.999936,0.000000,6.658619,-0.000000,0.000004,1.000000;;
           }
          }
         }
        }
       }

       Frame Bip01_R_Clavicle {
        

        FrameTransformMatrix {
         -0.307849,-0.008918,-0.951394,0.000000,0.252271,-0.964930,-0.072584,0.000000,-0.917381,-0.262354,0.299303,0.000000,-1.842422,0.188759,-3.177591,1.000000;;
        }

        Frame Bip01_R_UpperArm {
         

         FrameTransformMatrix {
          0.835931,-0.092037,0.541063,0.000000,-0.025557,0.978242,0.205888,0.000000,-0.548240,-0.185936,0.815390,0.000000,7.100717,-0.000001,-0.000015,1.000000;;
         }

         Frame Bip01_R_Forearm {
          

          FrameTransformMatrix {
           0.999999,0.001452,0.000000,0.000000,-0.001452,0.999999,-0.000000,0.000000,0.000000,0.000000,1.000000,0.000000,15.525952,0.000001,0.000000,1.000000;;
          }

          Frame Bip01_R_Hand {
           

           FrameTransformMatrix {
            0.999650,-0.022704,-0.013559,0.000000,-0.014317,-0.033570,-0.999334,0.000000,0.022233,0.999179,-0.033883,0.000000,13.317222,-0.000000,0.000004,1.000000;;
           }

           Frame Bip01_R_Finger0 {
            

            FrameTransformMatrix {
             0.964226,-0.152334,0.216936,0.000000,-0.237976,-0.136966,0.961566,0.000000,-0.116766,-0.978793,-0.168319,0.000000,4.856737,-2.803822,5.612442,1.000000;;
            }

            Frame Bip01_R_Finger01 {
             

             FrameTransformMatrix {
              0.995126,-0.098614,-0.000000,0.000000,0.098615,0.995126,-0.000000,0.000000,0.000000,-0.000000,1.000000,0.000000,5.339214,-0.000002,-0.000004,1.000000;;
             }
            }
           }

           Frame Bip01_R_Finger1 {
            

            FrameTransformMatrix {
             0.998363,-0.052217,0.023341,0.000000,0.051145,0.997706,0.044367,0.000000,-0.025604,-0.043100,0.998743,0.000000,10.594987,2.271396,4.280781,1.000000;;
            }

            Frame Bip01_R_Finger11 {
             

             FrameTransformMatrix {
              0.984171,-0.177224,0.000000,0.000000,0.177224,0.984170,0.000000,0.000000,-0.000000,-0.000000,1.000000,0.000000,3.923902,0.000008,-0.000001,1.000000;;
             }
            }
           }

           Frame Bip01_R_Finger2 {
            

            FrameTransformMatrix {
             0.991631,-0.128610,0.011326,0.000000,0.128941,0.990986,-0.036356,0.000000,-0.006548,0.037512,0.999275,0.000000,10.601828,2.431664,1.008321,1.000000;;
            }

            Frame Bip01_R_Finger21 {
             

             FrameTransformMatrix {
              0.991204,-0.132343,-0.000000,0.000000,0.132343,0.991204,0.000000,0.000000,0.000000,-0.000000,1.000000,0.000000,3.983998,-0.000011,-0.000002,1.000000;;
             }
            }
           }

           Frame Bip01_R_Finger3 {
            

            FrameTransformMatrix {
             0.966126,-0.257430,0.018167,0.000000,0.258065,0.964176,-0.061378,0.000000,-0.001716,0.063987,0.997950,0.000000,10.718301,2.048347,-2.260054,1.000000;;
            }

            Frame Bip01_R_Finger31 {
             

             FrameTransformMatrix {
              0.987153,-0.159781,0.000000,0.000000,0.159781,0.987153,0.000000,0.000000,-0.000000,-0.000000,1.000000,0.000000,3.418408,0.000000,-0.000000,1.000000;;
             }
            }
           }

           Frame Bip01_R_Finger4 {
            

            FrameTransformMatrix {
             0.944212,-0.325539,-0.049878,0.000000,0.324682,0.945502,-0.024659,0.000000,0.055187,0.007089,0.998451,0.000000,10.380744,1.781948,-4.841384,1.000000;;
            }

            Frame Bip01_R_Finger41 {
             

             FrameTransformMatrix {
              0.965879,-0.258994,-0.000000,0.000000,0.258994,0.965879,0.000000,0.000000,0.000000,-0.000000,1.000000,0.000000,3.160639,0.000000,0.000000,1.000000;;
             }
            }
           }
          }
         }

         Frame Bip01_R_ForeTwist {
          

          FrameTransformMatrix {
           0.999999,0.001452,-0.000000,0.000000,-0.001452,0.999935,-0.011299,0.000000,-0.000016,0.011299,0.999936,0.000000,15.525952,0.000001,0.000000,1.000000;;
          }

          Frame Bip01_R_ForeTwist1 {
           

           FrameTransformMatrix {
            1.000000,0.000000,0.000000,0.000000,-0.000000,0.999936,-0.011299,0.000000,0.000000,0.011299,0.999936,0.000000,6.658611,-0.000000,0.000011,1.000000;;
           }
          }
         }
        }
       }
      }
     }
    }
   }

   Frame Bip01_L_Thigh {
    

    FrameTransformMatrix {
     -0.997055,0.052067,0.056309,0.000000,0.051801,0.998638,-0.006171,0.000000,-0.056553,-0.003236,-0.998395,0.000000,-0.000011,-0.000013,7.749225,1.000000;;
    }

    Frame Bip01_L_Calf {
     

     FrameTransformMatrix {
      0.999627,0.027315,-0.000000,0.000000,-0.027315,0.999627,-0.000000,0.000000,0.000000,0.000000,1.000000,0.000000,22.080990,-0.000000,0.000002,1.000000;;
     }

     Frame Bip01_L_Foot {
      

      FrameTransformMatrix {
       0.987421,-0.147811,0.056152,0.000000,0.146646,0.988889,0.024354,0.000000,-0.059128,-0.015813,0.998125,0.000000,14.997723,-0.000001,-0.000002,1.000000;;
      }

      Frame Bip01_L_Toe0 {
       

       FrameTransformMatrix {
        -0.000000,-1.000000,-0.000000,0.000000,1.000001,-0.000000,-0.000000,0.000000,0.000000,-0.000000,1.000000,0.000000,8.640068,-6.144474,0.000001,1.000000;;
       }
      }
     }
    }
   }

   Frame Bip01_R_Thigh {
    

    FrameTransformMatrix {
     -0.997055,0.052067,-0.056311,0.000000,0.051801,0.998638,0.006174,0.000000,0.056556,0.003238,-0.998394,0.000000,0.000011,0.000008,-7.749222,1.000000;;
    }

    Frame Bip01_R_Calf {
     

     FrameTransformMatrix {
      0.999627,0.027315,-0.000000,0.000000,-0.027315,0.999627,-0.000000,0.000000,0.000000,0.000000,1.000000,0.000000,22.080987,0.000000,0.000000,1.000000;;
     }

     Frame Bip01_R_Foot {
      

      FrameTransformMatrix {
       0.987420,-0.147811,-0.056152,0.000000,0.146646,0.988889,-0.024354,0.000000,0.059128,0.015813,0.998125,0.000000,14.997717,-0.000000,-0.000001,1.000000;;
      }

      Frame Bip01_R_Toe0 {
       

       FrameTransformMatrix {
        -0.000000,-1.000000,-0.000000,0.000000,1.000000,-0.000000,-0.000000,0.000000,0.000000,-0.000000,1.000000,0.000000,8.640069,-6.144474,-0.000001,1.000000;;
       }
      }
     }
    }
   }
  }

  Frame SATA9NI_Link_Point02 {
   

   FrameTransformMatrix {
    -0.997564,-0.000001,-0.069756,0.000000,0.069756,0.000000,-0.997564,0.000000,0.000001,-1.000000,-0.000000,0.000000,0.434791,0.010962,-41.792880,1.000000;;
   }
  }

  Frame SATA9NI_Lock_Dummy01 {
   

   FrameTransformMatrix {
    0.000002,-1.000000,0.000000,0.000000,0.997564,0.000002,0.069757,0.000000,-0.069757,-0.000000,0.997564,0.000000,1.168832,0.013159,-45.326467,1.000000;;
   }
  }
 }

 Frame SH {
  

  FrameTransformMatrix {
   1.000000,0.000000,0.000000,0.000000,0.000000,1.000000,0.000000,0.000000,0.000000,0.000000,1.000000,0.000000,0.000000,-0.000000,-0.000000,1.000000;;
  }
 }

 Frame SH_Ankle {
  

  FrameTransformMatrix {
   1.000000,0.000000,0.000000,0.000000,0.000000,1.000000,0.000000,0.000000,0.000000,0.000000,1.000000,0.000000,0.000000,-0.000000,-0.000000,1.000000;;
  }
 }

 Frame SH_Stocking {
  

  FrameTransformMatrix {
   1.000000,0.000000,0.000000,0.000000,0.000000,1.000000,0.000000,0.000000,0.000000,0.000000,1.000000,0.000000,0.000008,0.000000,0.000000,1.000000;;
  }
 }
}

Frame SH_ {
 

 FrameTransformMatrix {
  0.393701,0.000000,0.000000,0.000000,0.000000,-0.000000,-0.393701,0.000000,0.000000,0.393701,-0.000000,0.000000,0.000000,0.000000,0.000000,1.000000;;
 }

 Mesh SH_ {
  306;
  -3.711827;-0.996515;2.223191;,
  -3.911078;-0.906615;0.535762;,
  -3.726679;2.729756;0.010432;,
  -15.150110;-4.304368;0.010437;,
  -4.261813;-4.281027;0.010437;,
  -5.046723;-6.917739;0.010436;,
  -4.179819;-3.685435;1.014049;,
  -15.044014;-3.709286;1.014842;,
  -15.178242;-0.927366;0.530925;,
  -3.911078;-0.906615;0.535762;,
  -14.424355;-6.927158;0.010433;,
  -15.701627;2.633563;0.010430;,
  -6.302827;-8.618679;0.010433;,
  -13.359044;-8.491896;0.010432;,
  -9.829486;-9.586429;0.010431;,
  -3.726679;2.729756;0.010432;,
  -15.599384;4.489519;0.010433;,
  -3.585566;4.629687;0.010428;,
  -4.058522;6.120919;0.010441;,
  -14.938115;6.025567;0.010435;,
  -14.049806;7.607299;0.010438;,
  -5.123713;7.898270;0.010441;,
  -12.030807;8.671017;0.010433;,
  -7.293220;8.755827;0.010434;,
  5.123712;7.898270;0.010442;,
  7.293219;8.755826;0.010435;,
  12.030807;8.671017;0.010435;,
  14.049808;7.607299;0.010439;,
  4.058520;6.120917;0.010441;,
  14.938117;6.025566;0.010436;,
  15.599384;4.489517;0.010432;,
  3.585566;4.629686;0.010428;,
  3.726679;2.729755;0.010430;,
  15.701627;2.633561;0.010427;,
  3.911077;-0.906616;0.535760;,
  15.178243;-0.927368;0.530923;,
  4.179820;-3.685436;1.014046;,
  15.044014;-3.709286;1.014840;,
  15.150110;-4.304370;0.010434;,
  4.261813;-4.281028;0.010434;,
  5.046723;-6.917740;0.010433;,
  14.424357;-6.927159;0.010430;,
  6.302828;-8.618682;0.010430;,
  13.359044;-8.491896;0.010429;,
  9.829487;-9.586430;0.010428;,
  -11.787698;4.798205;14.031677;,
  -6.297046;4.778623;13.795171;,
  -6.899979;3.996652;9.842206;,
  -11.823930;4.029166;10.107374;,
  -13.818816;2.552004;14.378898;,
  -11.787698;4.798205;14.031677;,
  -13.770813;2.680598;10.003858;,
  -14.904938;0.385001;14.480384;,
  -11.918276;4.188988;8.257263;,
  -14.778022;0.301291;9.853794;,
  -15.590790;-4.178434;14.754102;,
  -13.785646;3.182120;7.781654;,
  -15.064746;-3.867629;9.819367;,
  -13.336340;-8.251149;14.841766;,
  -14.768074;0.206251;6.374326;,
  -13.451270;-8.157470;9.917585;,
  -9.892162;-9.743190;14.631258;,
  -9.885902;-9.706025;10.076954;,
  -9.893066;-9.987573;8.693252;,
  -13.665674;-8.374621;8.283605;,
  -9.998210;-10.281145;7.409161;,
  -15.090714;-3.737658;6.995299;,
  -13.647368;-8.870362;7.191862;,
  -13.613406;-8.617842;6.214340;,
  -9.934177;-9.944353;6.159762;,
  -15.086013;-3.908542;5.743460;,
  -14.924266;-0.314624;4.931465;,
  -15.210438;-4.365905;3.906407;,
  -15.030837;3.657447;5.481686;,
  -15.218850;-0.978203;3.285795;,
  -15.645805;2.827753;3.255115;,
  -15.152573;-1.033208;2.225672;,
  -13.950266;4.582910;7.117068;,
  -14.709021;5.414807;5.191766;,
  -11.929749;5.107324;7.695635;,
  -13.625725;6.246954;6.521621;,
  -7.025361;5.117020;7.654493;,
  -6.988907;4.286344;8.214447;,
  -7.080434;6.492970;6.970863;,
  -5.039119;4.745925;6.758350;,
  -11.950526;6.480995;7.016092;,
  -12.080062;7.879544;5.635380;,
  -14.175875;7.027255;4.610449;,
  -7.083010;7.899651;5.687731;,
  -14.980710;6.108322;3.034438;,
  -5.351513;6.184219;6.369163;,
  -4.355119;6.929956;4.540959;,
  -3.965824;5.451110;4.829958;,
  -5.172896;7.927938;3.855134;,
  -3.896352;6.365533;3.011214;,
  -7.154259;8.754402;4.146955;,
  -4.991124;8.084342;3.046639;,
  -12.065907;8.745363;4.133882;,
  -7.174915;8.907691;3.148957;,
  -13.970835;7.777059;3.725246;,
  -14.052872;7.768447;2.904323;,
  -12.056781;8.899169;3.151954;,
  -12.029139;8.849800;2.222857;,
  -14.055818;7.678886;2.222853;,
  -7.238863;8.859072;2.222857;,
  -12.030807;8.671017;0.010433;,
  -14.049806;7.607299;0.010438;,
  -7.293220;8.755827;0.010434;,
  -5.123713;7.898270;0.010441;,
  -14.976419;6.084998;2.222855;,
  -14.938115;6.025567;0.010435;,
  -15.594077;4.525304;2.222854;,
  -15.599384;4.489519;0.010433;,
  -15.701627;2.633563;0.010430;,
  -15.524477;4.772153;3.180269;,
  -15.562451;2.535435;2.222845;,
  -15.178242;-0.927366;0.530925;,
  -15.026682;-4.526022;2.230858;,
  -15.044014;-3.709286;1.014842;,
  -15.150110;-4.304368;0.010437;,
  -14.344272;-7.036471;2.232223;,
  -14.424355;-6.927158;0.010433;,
  -13.359044;-8.491896;0.010432;,
  -13.319275;-8.783764;2.232669;,
  -9.829486;-9.586429;0.010431;,
  -9.872812;-9.878020;2.231199;,
  -13.457581;-8.633372;4.293007;,
  -9.910713;-9.966167;4.336360;,
  -6.297046;4.778623;13.795171;,
  -4.225700;2.652741;13.882942;,
  -4.779192;2.612165;9.742202;,
  -3.291663;0.027295;13.867790;,
  -4.897734;3.113113;7.454489;,
  -3.999041;-0.277311;9.575278;,
  -3.789369;-4.015025;9.500910;,
  -3.102505;-4.235152;14.077534;,
  -4.951964;-8.291478;14.339315;,
  -9.892162;-9.743190;14.631258;,
  -9.885902;-9.706025;10.076954;,
  -5.516061;-8.041258;9.883382;,
  -3.983629;-3.900735;7.114069;,
  -5.665966;-8.319630;8.354674;,
  -9.893066;-9.987573;8.693252;,
  -4.045544;-0.198275;5.905762;,
  -5.730387;-8.836269;7.187015;,
  -9.998210;-10.281145;7.409161;,
  -4.020774;-3.934883;6.245726;,
  -5.813644;-8.473674;6.008375;,
  -9.934177;-9.944353;6.159762;,
  -5.825523;-8.617983;4.288386;,
  -9.910713;-9.966167;4.336360;,
  -6.333674;-8.930941;2.231161;,
  -9.872812;-9.878020;2.231199;,
  -9.829486;-9.586429;0.010431;,
  -6.302827;-8.618679;0.010433;,
  -5.046723;-6.917739;0.010436;,
  -5.012024;-7.237557;2.229517;,
  -5.825523;-8.617983;4.288386;,
  -4.242410;-4.501376;2.226624;,
  -4.261813;-4.281027;0.010437;,
  -4.179819;-3.685435;1.014049;,
  -3.956115;-4.334405;3.683988;,
  -3.983277;-4.009798;5.432275;,
  -3.589055;-0.857083;3.264070;,
  -3.987450;-0.505804;4.963870;,
  -3.285666;2.525442;3.261593;,
  -3.990827;3.680008;5.199964;,
  -3.433458;4.679952;3.100028;,
  -3.764900;6.118052;2.222847;,
  -3.351672;4.615718;2.222839;,
  -3.311219;2.423660;2.222836;,
  -3.585566;4.629687;0.010428;,
  -4.058522;6.120919;0.010441;,
  -4.912937;7.983533;2.222851;,
  6.899981;3.996650;9.842209;,
  6.297047;4.778621;13.795174;,
  11.787702;4.798203;14.031678;,
  11.823934;4.029165;10.107375;,
  11.787702;4.798203;14.031678;,
  13.818818;2.552002;14.378899;,
  4.225700;2.652740;13.882947;,
  6.297047;4.778621;13.795174;,
  13.770813;2.680596;10.003857;,
  14.904941;0.385000;14.480389;,
  11.918276;4.188986;8.257264;,
  14.778022;0.301289;9.853798;,
  15.590794;-4.178434;14.754104;,
  13.785646;3.182117;7.781655;,
  15.064746;-3.867630;9.819370;,
  13.336342;-8.251148;14.841770;,
  14.768075;0.206250;6.374327;,
  13.451272;-8.157470;9.917586;,
  9.892164;-9.743190;14.631262;,
  9.885902;-9.706025;10.076956;,
  9.893066;-9.987572;8.693250;,
  13.665677;-8.374622;8.283604;,
  9.998212;-10.281145;7.409162;,
  15.090715;-3.737658;6.995299;,
  13.647370;-8.870362;7.191861;,
  13.613408;-8.617842;6.214339;,
  9.934178;-9.944353;6.159763;,
  15.086013;-3.908543;5.743459;,
  14.924262;-0.314626;4.931465;,
  15.210440;-4.365906;3.906406;,
  15.030837;3.657445;5.481686;,
  15.218850;-0.978204;3.285794;,
  15.645808;2.827751;3.255115;,
  15.152570;-1.033209;2.225670;,
  13.950266;4.582908;7.117068;,
  14.709022;5.414806;5.191769;,
  11.929749;5.107322;7.695637;,
  13.625726;6.246951;6.521624;,
  7.025361;5.117019;7.654494;,
  6.988910;4.286343;8.214450;,
  7.080434;6.492968;6.970866;,
  5.039121;4.745924;6.758352;,
  4.897736;3.113112;7.454490;,
  4.779193;2.612164;9.742205;,
  3.291663;0.027294;13.867795;,
  3.999042;-0.277312;9.575278;,
  3.789370;-4.015025;9.500912;,
  3.102505;-4.235153;14.077536;,
  4.951964;-8.291478;14.339317;,
  9.885902;-9.706025;10.076956;,
  9.892164;-9.743190;14.631262;,
  5.516063;-8.041259;9.883385;,
  3.983631;-3.900735;7.114069;,
  5.665968;-8.319630;8.354673;,
  9.893066;-9.987572;8.693250;,
  5.730389;-8.836269;7.187015;,
  9.998212;-10.281145;7.409162;,
  4.020774;-3.934883;6.245726;,
  5.813645;-8.473674;6.008374;,
  9.934178;-9.944353;6.159763;,
  5.825524;-8.617982;4.288385;,
  9.910713;-9.966167;4.336359;,
  6.333674;-8.930942;2.231159;,
  9.872812;-9.878022;2.231197;,
  9.829487;-9.586430;0.010428;,
  6.302828;-8.618682;0.010430;,
  5.046723;-6.917740;0.010433;,
  5.012024;-7.237557;2.229515;,
  5.825524;-8.617982;4.288385;,
  4.242410;-4.501376;2.226621;,
  4.261813;-4.281028;0.010434;,
  4.179820;-3.685436;1.014046;,
  3.911077;-0.906616;0.535760;,
  3.956116;-4.334406;3.683986;,
  3.711826;-0.996516;2.223190;,
  3.726679;2.729755;0.010430;,
  3.983277;-4.009798;5.432274;,
  3.589055;-0.857084;3.264069;,
  3.987450;-0.505805;4.963871;,
  4.045545;-0.198276;5.905762;,
  3.990827;3.680006;5.199964;,
  3.285665;2.525440;3.261592;,
  3.965822;5.451110;4.829959;,
  3.311219;2.423659;2.222835;,
  3.585566;4.629686;0.010428;,
  3.351671;4.615716;2.222839;,
  4.058520;6.120917;0.010441;,
  3.433457;4.679951;3.100029;,
  3.764899;6.118052;2.222848;,
  3.896350;6.365532;3.011216;,
  4.912936;7.983531;2.222853;,
  5.123712;7.898270;0.010442;,
  4.991122;8.084341;3.046642;,
  7.238863;8.859070;2.222859;,
  7.293219;8.755826;0.010435;,
  12.030807;8.671017;0.010435;,
  7.174914;8.907690;3.148960;,
  12.029139;8.849800;2.222859;,
  14.055818;7.678886;2.222856;,
  14.049808;7.607299;0.010439;,
  12.056782;8.899169;3.151957;,
  14.976421;6.084998;2.222857;,
  14.938117;6.025566;0.010436;,
  14.052872;7.768446;2.904326;,
  12.065906;8.745363;4.133885;,
  14.980712;6.108321;3.034441;,
  13.970835;7.777059;3.725248;,
  14.175874;7.027255;4.610451;,
  7.154257;8.754402;4.146958;,
  12.080061;7.879543;5.635384;,
  5.172896;7.927937;3.855137;,
  7.083009;7.899650;5.687734;,
  4.355116;6.929954;4.540962;,
  5.351512;6.184218;6.369166;,
  11.950527;6.480994;7.016095;,
  15.524475;4.772152;3.180271;,
  15.594077;4.525303;2.222855;,
  15.599384;4.489517;0.010432;,
  15.701627;2.633561;0.010427;,
  15.562451;2.535434;2.222844;,
  15.178243;-0.927368;0.530923;,
  15.026682;-4.526022;2.230855;,
  15.044014;-3.709286;1.014840;,
  15.150110;-4.304370;0.010434;,
  14.344272;-7.036471;2.232221;,
  14.424357;-6.927159;0.010430;,
  13.359044;-8.491896;0.010429;,
  13.319275;-8.783764;2.232667;,
  9.829487;-9.586430;0.010428;,
  9.872812;-9.878022;2.231197;,
  13.457581;-8.633374;4.293006;,
  9.910713;-9.966167;4.336359;;
  458;
  3;0,1,2;,
  3;3,4,5;,
  3;6,4,3;,
  3;3,7,6;,
  3;6,7,8;,
  3;8,9,6;,
  3;5,10,3;,
  3;9,8,11;,
  3;10,5,12;,
  3;12,13,10;,
  3;12,14,13;,
  3;11,15,9;,
  3;15,11,16;,
  3;16,17,15;,
  3;18,17,16;,
  3;16,19,18;,
  3;18,19,20;,
  3;20,21,18;,
  3;21,20,22;,
  3;22,23,21;,
  3;24,25,26;,
  3;26,27,24;,
  3;28,24,27;,
  3;27,29,28;,
  3;28,29,30;,
  3;30,31,28;,
  3;32,31,30;,
  3;30,33,32;,
  3;34,32,33;,
  3;33,35,34;,
  3;36,34,35;,
  3;35,37,36;,
  3;36,37,38;,
  3;38,39,36;,
  3;40,39,38;,
  3;38,41,40;,
  3;42,40,41;,
  3;41,43,42;,
  3;43,44,42;,
  3;45,46,47;,
  3;47,48,45;,
  3;49,50,48;,
  3;48,51,49;,
  3;52,49,51;,
  3;51,48,53;,
  3;53,48,47;,
  3;51,54,52;,
  3;55,52,54;,
  3;54,51,56;,
  3;53,56,51;,
  3;54,57,55;,
  3;58,55,57;,
  3;56,59,54;,
  3;57,54,59;,
  3;57,60,58;,
  3;61,58,60;,
  3;60,62,61;,
  3;63,62,60;,
  3;60,64,63;,
  3;64,60,57;,
  3;65,63,64;,
  3;57,66,64;,
  3;59,66,57;,
  3;64,67,65;,
  3;67,64,66;,
  3;65,67,68;,
  3;68,69,65;,
  3;66,70,67;,
  3;68,67,70;,
  3;71,70,66;,
  3;66,59,71;,
  3;68,70,72;,
  3;71,59,73;,
  3;73,59,56;,
  3;71,74,70;,
  3;70,74,72;,
  3;75,74,71;,
  3;71,73,75;,
  3;72,74,76;,
  3;76,74,75;,
  3;56,77,73;,
  3;77,56,53;,
  3;78,73,77;,
  3;75,73,78;,
  3;53,79,77;,
  3;77,80,78;,
  3;80,77,79;,
  3;81,79,53;,
  3;53,82,81;,
  3;47,82,53;,
  3;79,81,83;,
  3;84,81,82;,
  3;83,81,84;,
  3;83,85,79;,
  3;79,85,80;,
  3;86,85,83;,
  3;80,85,86;,
  3;80,86,87;,
  3;80,87,78;,
  3;83,88,86;,
  3;78,87,89;,
  3;83,90,88;,
  3;84,90,83;,
  3;90,91,88;,
  3;92,90,84;,
  3;90,92,91;,
  3;88,91,93;,
  3;94,91,92;,
  3;93,91,94;,
  3;93,95,88;,
  3;86,88,95;,
  3;94,96,93;,
  3;95,93,96;,
  3;95,97,86;,
  3;87,86,97;,
  3;96,98,95;,
  3;97,95,98;,
  3;97,99,87;,
  3;89,87,99;,
  3;100,99,97;,
  3;99,100,89;,
  3;97,101,100;,
  3;98,101,97;,
  3;100,101,102;,
  3;102,101,98;,
  3;102,103,100;,
  3;98,104,102;,
  3;103,102,105;,
  3;105,102,104;,
  3;105,106,103;,
  3;104,107,105;,
  3;108,107,104;,
  3;109,103,106;,
  3;100,103,109;,
  3;106,110,109;,
  3;109,89,100;,
  3;111,109,110;,
  3;89,109,111;,
  3;110,112,111;,
  3;111,112,113;,
  3;111,114,89;,
  3;89,114,78;,
  3;78,114,75;,
  3;75,114,111;,
  3;111,115,75;,
  3;113,115,111;,
  3;75,115,76;,
  3;115,113,116;,
  3;116,76,115;,
  3;117,76,116;,
  3;116,118,117;,
  3;76,117,72;,
  3;118,119,117;,
  3;120,117,119;,
  3;72,117,120;,
  3;119,121,120;,
  3;120,121,122;,
  3;122,123,120;,
  3;123,122,124;,
  3;124,125,123;,
  3;126,120,123;,
  3;126,123,125;,
  3;120,126,72;,
  3;125,127,126;,
  3;72,126,68;,
  3;126,127,69;,
  3;69,68,126;,
  3;47,128,129;,
  3;129,130,47;,
  3;130,129,131;,
  3;47,130,132;,
  3;132,82,47;,
  3;82,132,84;,
  3;131,133,130;,
  3;132,130,133;,
  3;134,133,131;,
  3;131,135,134;,
  3;134,135,136;,
  3;136,137,138;,
  3;136,139,134;,
  3;138,139,136;,
  3;140,134,139;,
  3;133,134,140;,
  3;141,139,138;,
  3;139,141,140;,
  3;138,142,141;,
  3;140,143,133;,
  3;133,143,132;,
  3;144,141,142;,
  3;142,145,144;,
  3;146,140,141;,
  3;141,144,146;,
  3;140,146,143;,
  3;147,144,145;,
  3;146,144,147;,
  3;145,148,147;,
  3;149,147,148;,
  3;148,150,149;,
  3;151,149,150;,
  3;150,152,151;,
  3;151,152,153;,
  3;153,154,151;,
  3;151,154,155;,
  3;155,156,151;,
  3;157,151,156;,
  3;158,156,155;,
  3;155,159,158;,
  3;160,158,159;,
  3;158,160,1;,
  3;1,0,158;,
  3;156,158,161;,
  3;161,158,0;,
  3;161,157,156;,
  3;147,157,161;,
  3;161,162,147;,
  3;147,162,146;,
  3;162,161,163;,
  3;0,163,161;,
  3;146,162,164;,
  3;163,164,162;,
  3;164,143,146;,
  3;164,163,165;,
  3;165,163,0;,
  3;166,143,164;,
  3;165,166,164;,
  3;132,143,166;,
  3;166,84,132;,
  3;84,166,92;,
  3;167,92,166;,
  3;166,165,167;,
  3;92,167,94;,
  3;168,94,167;,
  3;96,94,168;,
  3;169,167,165;,
  3;167,169,168;,
  3;165,170,169;,
  3;0,170,165;,
  3;2,170,0;,
  3;170,2,171;,
  3;171,169,170;,
  3;169,171,172;,
  3;172,168,169;,
  3;173,168,172;,
  3;168,173,96;,
  3;172,108,173;,
  3;98,96,173;,
  3;104,173,108;,
  3;173,104,98;,
  3;174,175,176;,
  3;176,177,174;,
  3;177,178,179;,
  3;180,181,174;,
  3;179,182,177;,
  3;182,179,183;,
  3;184,177,182;,
  3;174,177,184;,
  3;183,185,182;,
  3;185,183,186;,
  3;187,182,185;,
  3;182,187,184;,
  3;186,188,185;,
  3;188,186,189;,
  3;185,190,187;,
  3;190,185,188;,
  3;189,191,188;,
  3;191,189,192;,
  3;192,193,191;,
  3;191,193,194;,
  3;194,195,191;,
  3;188,191,195;,
  3;195,194,196;,
  3;195,197,188;,
  3;188,197,190;,
  3;196,198,195;,
  3;197,195,198;,
  3;199,198,196;,
  3;196,200,199;,
  3;198,201,197;,
  3;201,198,199;,
  3;197,201,202;,
  3;202,190,197;,
  3;203,201,199;,
  3;204,190,202;,
  3;187,190,204;,
  3;201,205,202;,
  3;203,205,201;,
  3;202,205,206;,
  3;206,204,202;,
  3;207,205,203;,
  3;206,205,207;,
  3;204,208,187;,
  3;184,187,208;,
  3;208,204,209;,
  3;209,204,206;,
  3;208,210,184;,
  3;209,211,208;,
  3;210,208,211;,
  3;184,210,212;,
  3;212,213,184;,
  3;184,213,174;,
  3;214,212,210;,
  3;213,212,215;,
  3;215,212,214;,
  3;174,213,216;,
  3;215,216,213;,
  3;216,217,174;,
  3;174,217,180;,
  3;218,180,217;,
  3;217,219,218;,
  3;219,217,216;,
  3;218,219,220;,
  3;220,221,218;,
  3;222,221,220;,
  3;223,224,222;,
  3;220,225,222;,
  3;222,225,223;,
  3;225,220,226;,
  3;226,220,219;,
  3;223,225,227;,
  3;226,227,225;,
  3;227,228,223;,
  3;228,227,229;,
  3;229,230,228;,
  3;231,229,227;,
  3;227,226,231;,
  3;230,229,232;,
  3;232,229,231;,
  3;232,233,230;,
  3;233,232,234;,
  3;234,235,233;,
  3;235,234,236;,
  3;236,237,235;,
  3;238,237,236;,
  3;236,239,238;,
  3;240,239,236;,
  3;236,241,240;,
  3;241,236,242;,
  3;240,241,243;,
  3;243,244,240;,
  3;244,243,245;,
  3;246,245,243;,
  3;241,242,247;,
  3;247,243,241;,
  3;247,242,232;,
  3;243,248,246;,
  3;248,243,247;,
  3;249,246,248;,
  3;232,250,247;,
  3;231,250,232;,
  3;251,247,250;,
  3;247,251,248;,
  3;252,250,231;,
  3;250,252,251;,
  3;231,253,252;,
  3;253,231,226;,
  3;219,253,226;,
  3;216,253,219;,
  3;254,253,216;,
  3;252,253,254;,
  3;216,215,254;,
  3;255,251,252;,
  3;252,254,255;,
  3;248,251,255;,
  3;256,254,215;,
  3;255,257,248;,
  3;248,257,249;,
  3;258,249,257;,
  3;257,259,258;,
  3;259,257,255;,
  3;260,258,259;,
  3;261,255,254;,
  3;255,261,259;,
  3;254,256,261;,
  3;262,259,261;,
  3;259,262,260;,
  3;263,261,256;,
  3;261,263,262;,
  3;260,262,264;,
  3;264,265,260;,
  3;262,263,266;,
  3;266,264,262;,
  3;265,264,267;,
  3;267,268,265;,
  3;269,268,267;,
  3;270,267,264;,
  3;264,266,270;,
  3;267,271,269;,
  3;271,267,270;,
  3;269,271,272;,
  3;272,273,269;,
  3;270,274,271;,
  3;273,272,275;,
  3;275,276,273;,
  3;277,272,271;,
  3;271,274,277;,
  3;275,272,277;,
  3;277,274,278;,
  3;278,274,270;,
  3;277,279,275;,
  3;278,280,277;,
  3;279,277,280;,
  3;281,280,278;,
  3;280,281,279;,
  3;270,282,278;,
  3;282,270,266;,
  3;278,283,281;,
  3;283,278,282;,
  3;266,284,282;,
  3;284,266,263;,
  3;285,282,284;,
  3;282,285,283;,
  3;263,286,284;,
  3;284,286,285;,
  3;256,286,263;,
  3;286,256,287;,
  3;285,286,287;,
  3;215,287,256;,
  3;214,287,215;,
  3;285,287,214;,
  3;283,285,214;,
  3;214,288,283;,
  3;210,288,214;,
  3;211,288,210;,
  3;283,288,211;,
  3;281,283,211;,
  3;209,281,211;,
  3;279,281,209;,
  3;209,289,279;,
  3;206,289,209;,
  3;279,289,290;,
  3;290,289,206;,
  3;290,275,279;,
  3;276,275,290;,
  3;290,291,276;,
  3;292,291,290;,
  3;290,293,292;,
  3;206,293,290;,
  3;294,292,293;,
  3;207,293,206;,
  3;293,207,294;,
  3;294,207,295;,
  3;295,296,294;,
  3;203,295,207;,
  3;295,297,296;,
  3;297,295,298;,
  3;298,295,203;,
  3;298,299,297;,
  3;300,299,298;,
  3;298,301,300;,
  3;302,300,301;,
  3;301,303,302;,
  3;301,298,304;,
  3;303,301,304;,
  3;203,304,298;,
  3;304,305,303;,
  3;199,304,203;,
  3;200,305,304;,
  3;304,199,200;;

  MeshNormals {
   306;
   0.984589;-0.115005;-0.131749;,
   0.662430;-0.171955;-0.729121;,
   0.639721;-0.103973;-0.761543;,
   -0.725291;0.064270;-0.685436;,
   0.699061;0.034279;-0.714240;,
   0.618664;-0.291689;-0.729501;,
   0.702867;0.033767;-0.710520;,
   -0.710474;0.101413;-0.696378;,
   -0.706020;-0.180382;-0.684835;,
   0.662430;-0.171955;-0.729121;,
   -0.654603;-0.279982;-0.702214;,
   -0.718612;-0.123129;-0.684424;,
   0.324084;-0.580814;-0.746743;,
   -0.419423;-0.534930;-0.733441;,
   -0.016515;-0.843723;-0.536525;,
   0.639721;-0.103973;-0.761543;,
   -0.689429;0.155186;-0.707535;,
   0.656185;0.043757;-0.753330;,
   0.604443;0.282297;-0.744954;,
   -0.635216;0.294319;-0.714056;,
   -0.517716;0.467472;-0.716547;,
   0.362712;0.574542;-0.733717;,
   -0.115882;0.675447;-0.728246;,
   0.076667;0.685269;-0.724243;,
   -0.362712;0.574542;-0.733717;,
   -0.076667;0.685269;-0.724243;,
   0.115882;0.675447;-0.728246;,
   0.517716;0.467472;-0.716547;,
   -0.604443;0.282297;-0.744955;,
   0.635216;0.294319;-0.714057;,
   0.689428;0.155186;-0.707535;,
   -0.656185;0.043757;-0.753330;,
   -0.639720;-0.103973;-0.761543;,
   0.718612;-0.123129;-0.684424;,
   -0.662430;-0.171955;-0.729121;,
   0.706020;-0.180382;-0.684834;,
   -0.702867;0.033767;-0.710520;,
   0.710473;0.101412;-0.696379;,
   0.725291;0.064270;-0.685436;,
   -0.699061;0.034279;-0.714240;,
   -0.618664;-0.291689;-0.729501;,
   0.654603;-0.279982;-0.702214;,
   -0.324084;-0.580814;-0.746743;,
   0.419422;-0.534930;-0.733441;,
   0.016515;-0.843723;-0.536525;,
   -0.196952;0.955484;-0.219682;,
   0.289866;0.929725;-0.227134;,
   0.224023;0.969905;-0.095389;,
   -0.337722;0.938286;-0.074587;,
   -0.779187;0.565767;-0.269771;,
   -0.196952;0.955484;-0.219682;,
   -0.795505;0.604739;0.038236;,
   -0.956351;0.261101;-0.131219;,
   -0.191505;0.872437;0.449644;,
   -0.981488;0.188672;-0.032931;,
   -0.974231;-0.180024;-0.135889;,
   -0.886531;0.354738;0.297027;,
   -0.978527;-0.203875;-0.030319;,
   -0.691967;-0.714811;-0.101128;,
   -0.989197;0.111790;0.094833;,
   -0.654127;-0.754847;0.048209;,
   -0.024116;-0.997908;-0.059985;,
   0.127401;-0.991795;0.010607;,
   -0.019875;-0.971482;0.236278;,
   -0.803993;-0.575146;0.151008;,
   -0.046170;-0.998374;-0.033440;,
   -0.992297;-0.120645;0.028139;,
   -0.844192;-0.533845;0.048461;,
   -0.764141;-0.641629;-0.066341;,
   0.003764;-0.998563;-0.053451;,
   -0.988872;-0.135982;0.060334;,
   -0.987375;-0.006430;0.158272;,
   -0.973281;-0.228920;0.017865;,
   -0.938438;0.055779;0.340915;,
   -0.996005;-0.023364;0.086193;,
   -0.985819;-0.024577;0.166004;,
   -0.996804;-0.069984;-0.038537;,
   -0.656565;0.325615;0.680366;,
   -0.900401;0.279794;0.333157;,
   -0.097949;0.456661;0.884232;,
   -0.547625;0.534139;0.644051;,
   0.109225;0.498647;0.859896;,
   0.239352;0.816448;0.525474;,
   0.088364;0.570035;0.816855;,
   0.650113;0.328847;0.684991;,
   -0.077313;0.592000;0.802221;,
   -0.122119;0.785297;0.606956;,
   -0.685733;0.614271;0.390437;,
   0.208124;0.771587;0.601114;,
   -0.898263;0.417672;0.136653;,
   0.562962;0.511587;0.649117;,
   0.676915;0.597704;0.429576;,
   0.894751;0.216985;0.390305;,
   0.560969;0.753195;0.343526;,
   0.901611;0.415072;0.121710;,
   0.100876;0.911782;0.398093;,
   0.617498;0.779710;0.103674;,
   -0.192529;0.923625;0.331436;,
   0.091519;0.994956;0.041061;,
   -0.699552;0.672463;0.241704;,
   -0.648747;0.760979;0.006297;,
   -0.164954;0.985000;0.050656;,
   -0.160974;0.984325;-0.072056;,
   -0.622340;0.781107;-0.050644;,
   0.116688;0.991160;-0.063128;,
   -0.115882;0.675447;-0.728246;,
   -0.517716;0.467472;-0.716547;,
   0.076667;0.685269;-0.724243;,
   0.362712;0.574542;-0.733717;,
   -0.890067;0.455093;-0.025921;,
   -0.635216;0.294319;-0.714056;,
   -0.982826;0.184520;0.002449;,
   -0.689429;0.155186;-0.707535;,
   -0.718612;-0.123129;-0.684424;,
   -0.952670;0.208053;0.221664;,
   -0.995262;-0.095566;0.017904;,
   -0.706020;-0.180382;-0.684835;,
   -0.992535;-0.118988;-0.026759;,
   -0.710474;0.101413;-0.696378;,
   -0.725291;0.064270;-0.685436;,
   -0.924641;-0.380490;0.016333;,
   -0.654603;-0.279982;-0.702214;,
   -0.419423;-0.534930;-0.733441;,
   -0.474826;-0.877699;-0.064694;,
   -0.016515;-0.843723;-0.536525;,
   -0.089780;-0.994072;-0.061329;,
   -0.630972;-0.775798;0.003360;,
   0.053822;-0.998545;0.003243;,
   0.289866;0.929725;-0.227134;,
   0.834658;0.527115;-0.159674;,
   0.859201;0.505134;-0.081324;,
   0.983789;0.155472;-0.089375;,
   0.894390;0.385240;0.227282;,
   0.986218;0.142912;-0.083368;,
   0.969695;-0.199244;-0.141401;,
   0.971448;-0.173776;-0.161528;,
   0.623121;-0.759619;-0.186277;,
