xof 0303txt 0032
template ColorRGBA {
 <35ff44e0-6c7c-11cf-8f52-0040333594a3>
 FLOAT red;
 FLOAT green;
 FLOAT blue;
 FLOAT alpha;
}

template ColorRGB {
 <d3e16e81-7835-11cf-8f52-0040333594a3>
 FLOAT red;
 FLOAT green;
 FLOAT blue;
}

template Material {
 <3d82ab4d-62da-11cf-ab39-0020af71e433>
 ColorRGBA faceColor;
 FLOAT power;
 ColorRGB specularColor;
 ColorRGB emissiveColor;
 [...]
}

template TextureFilename {
 <a42790e1-7810-11cf-8f52-0040333594a3>
 STRING filename;
}

template Frame {
 <3d82ab46-62da-11cf-ab39-0020af71e433>
 [...]
}

template Matrix4x4 {
 <f6f23f45-7686-11cf-8f52-0040333594a3>
 array FLOAT matrix[16];
}

template FrameTransformMatrix {
 <f6f23f41-7686-11cf-8f52-0040333594a3>
 Matrix4x4 frameMatrix;
}

template Vector {
 <3d82ab5e-62da-11cf-ab39-0020af71e433>
 FLOAT x;
 FLOAT y;
 FLOAT z;
}

template MeshFace {
 <3d82ab5f-62da-11cf-ab39-0020af71e433>
 DWORD nFaceVertexIndices;
 array DWORD faceVertexIndices[nFaceVertexIndices];
}

template Mesh {
 <3d82ab44-62da-11cf-ab39-0020af71e433>
 DWORD nVertices;
 array Vector vertices[nVertices];
 DWORD nFaces;
 array MeshFace faces[nFaces];
 [...]
}

template MeshNormals {
 <f6f23f43-7686-11cf-8f52-0040333594a3>
 DWORD nNormals;
 array Vector normals[nNormals];
 DWORD nFaceNormals;
 array MeshFace faceNormals[nFaceNormals];
}

template MeshMaterialList {
 <f6f23f42-7686-11cf-8f52-0040333594a3>
 DWORD nMaterials;
 DWORD nFaceIndexes;
 array DWORD faceIndexes[nFaceIndexes];
 [Material <3d82ab4d-62da-11cf-ab39-0020af71e433>]
}

template Coords2d {
 <f6f23f44-7686-11cf-8f52-0040333594a3>
 FLOAT u;
 FLOAT v;
}

template MeshTextureCoords {
 <f6f23f40-7686-11cf-8f52-0040333594a3>
 DWORD nTextureCoords;
 array Coords2d textureCoords[nTextureCoords];
}

template XSkinMeshHeader {
 <3cf169ce-ff7c-44ab-93c0-f78f62d172e2>
 WORD nMaxSkinWeightsPerVertex;
 WORD nMaxSkinWeightsPerFace;
 WORD nBones;
}

template SkinWeights {
 <6f0d123b-bad2-4167-a0d0-80224f25fabb>
 STRING transformNodeName;
 DWORD nWeights;
 array DWORD vertexIndices[nWeights];
 array FLOAT weights[nWeights];
 Matrix4x4 matrixOffset;
}

template AnimTicksPerSecond {
 <9e415a43-7ba6-4a73-8743-b73d47e88476>
 DWORD AnimTicksPerSecond;
}

template Animation {
 <3d82ab4f-62da-11cf-ab39-0020af71e433>
 [...]
}

template AnimationSet {
 <3d82ab50-62da-11cf-ab39-0020af71e433>
 [Animation <3d82ab4f-62da-11cf-ab39-0020af71e433>]
}

template FloatKeys {
 <10dd46a9-775b-11cf-8f52-0040333594a3>
 DWORD nValues;
 array FLOAT values[nValues];
}

template TimedFloatKeys {
 <f406b180-7b3b-11cf-8f52-0040333594a3>
 DWORD time;
 FloatKeys tfkeys;
}

template AnimationKey {
 <10dd46a8-775b-11cf-8f52-0040333594a3>
 DWORD keyType;
 DWORD nKeys;
 array TimedFloatKeys keys[nKeys];
}


Material Standard_7_181 {
 1.000000;1.000000;1.000000;1.000000;;
 43.219280;
 0.020000;0.020000;0.020000;;
 0.000000;0.000000;0.000000;;

 TextureFilename {
  "F_Skin_body_D.dds";
 }
}

Material SH_201 {
 1.000000;1.000000;1.000000;1.000000;;
 43.219280;
 0.020000;0.020000;0.020000;;
 0.000000;0.000000;0.000000;;

 TextureFilename {
  "11700271_M_SHDetective_D.dds";
 }
}

Frame Scene_Root {
 

 FrameTransformMatrix {
  0.393701,0.000000,0.000000,0.000000,0.000000,-0.000000,-0.393701,0.000000,0.000000,0.393701,-0.000000,0.000000,0.000000,0.000000,0.000000,1.000000;;
 }

 Frame Bip01 {
  

  FrameTransformMatrix {
   0.000001,0.997564,-0.069757,0.000000,-1.000000,0.000001,-0.000000,0.000000,0.000000,0.069757,0.997564,0.000000,0.000000,1.527915,43.145398,1.000000;;
  }

  Frame Bip01_Footsteps {
   

   FrameTransformMatrix {
    0.000002,-1.000000,0.000000,0.000000,0.997564,0.000002,0.069757,0.000000,-0.069757,-0.000000,0.997564,0.000000,3.010375,0.000004,-43.049754,1.000000;;
   }
  }

  Frame Bip01_Pelvis {
   

   FrameTransformMatrix {
    0.000001,-0.000000,1.000000,0.000000,-1.000000,0.000001,0.000001,0.000000,-0.000001,-1.000000,-0.000000,0.000000,0.000000,0.000000,0.000000,1.000000;;
   }

   Frame Bip01_Spine {
    

    FrameTransformMatrix {
     0.999999,-0.001017,0.000001,0.000000,0.001017,0.999999,0.000004,0.000000,-0.000001,-0.000004,1.000000,0.000000,3.648819,0.087648,0.000006,1.000000;;
    }

    Frame Bip01_Spine1 {
     

     FrameTransformMatrix {
      0.993338,0.115232,-0.000000,0.000000,-0.115232,0.993339,0.000000,0.000000,0.000000,-0.000000,1.000000,0.000000,8.606411,0.007721,-0.000000,1.000000;;
     }

     Frame Bip01_Spine2 {
      

      FrameTransformMatrix {
       0.993176,0.116629,-0.000000,0.000000,-0.116629,0.993176,0.000000,0.000000,0.000000,-0.000000,1.000000,0.000000,9.761890,0.009833,-0.000000,1.000000;;
      }

      Frame Bip01_Neck {
       

       FrameTransformMatrix {
        0.967538,-0.252726,0.000001,0.000000,0.252726,0.967538,0.000000,0.000000,-0.000001,0.000000,1.000000,0.000000,12.207958,-0.363333,0.000003,1.000000;;
       }

       Frame Bip01_Head {
        

        FrameTransformMatrix {
         0.995689,0.092758,-0.000000,0.000000,-0.092758,0.995689,0.000000,0.000000,0.000000,-0.000000,1.000000,0.000000,3.164185,0.777052,-0.000000,1.000000;;
        }

        Frame Bip01_HeadNub {
         

         FrameTransformMatrix {
          1.000000,0.000000,-0.000000,0.000000,-0.000000,1.000000,0.000000,0.000000,0.000000,-0.000000,1.000000,0.000000,54.433939,0.000000,-0.000001,1.000000;;
         }
        }

        Frame Tail_Point02 {
         

         FrameTransformMatrix {
          0.000001,-0.000000,1.000000,0.000000,-0.999999,-0.001053,0.000001,0.000000,0.001053,-1.000000,-0.000000,0.000000,19.123314,-15.099802,19.392763,1.000000;;
         }
        }

        Frame Tail_Point01 {
         

         FrameTransformMatrix {
          0.000001,-0.000000,1.000000,0.000000,-0.999999,-0.001053,0.000001,0.000000,0.001053,-1.000000,-0.000000,0.000000,12.513458,-23.171238,4.274389,1.000000;;
         }
        }

        Frame Tail_Point04 {
         

         FrameTransformMatrix {
          0.000001,-0.000000,1.000000,0.000000,-0.999999,-0.001053,0.000001,0.000000,0.001053,-1.000000,-0.000000,0.000000,19.123826,-15.099851,-19.392982,1.000000;;
         }
        }

        Frame Tail_Point03 {
         

         FrameTransformMatrix {
          0.000001,-0.000000,1.000000,0.000000,-0.999999,-0.001053,0.000001,0.000000,0.001053,-1.000000,-0.000000,0.000000,12.513306,-23.171240,-4.273970,1.000000;;
         }
        }

        Frame Tail_Point05 {
         

         FrameTransformMatrix {
          0.000001,-0.000000,1.000000,0.000000,-0.999999,-0.001053,0.000001,0.000000,0.001053,-1.000000,-0.000000,0.000000,18.363640,-22.216826,9.580280,1.000000;;
         }
        }

        Frame Tail_Point06 {
         

         FrameTransformMatrix {
          0.000001,-0.000000,1.000000,0.000000,-0.999999,-0.001053,0.000001,0.000000,0.001053,-1.000000,-0.000000,0.000000,8.652511,-18.881096,13.965814,1.000000;;
         }
        }

        Frame Tail_Point07 {
         

         FrameTransformMatrix {
          0.000001,-0.000000,1.000000,0.000000,-0.999999,-0.001053,0.000001,0.000000,0.001053,-1.000000,-0.000000,0.000000,9.050392,-18.880718,-14.099014,1.000000;;
         }
        }

        Frame Tail_Point08 {
         

         FrameTransformMatrix {
          0.000001,-0.000000,1.000000,0.000000,-0.999999,-0.001053,0.000001,0.000000,0.001053,-1.000000,-0.000000,0.000000,18.363624,-22.216848,-9.579971,1.000000;;
         }
        }
       }

       Frame Bip01_L_Clavicle {
        

        FrameTransformMatrix {
         -0.352693,0.012017,0.935662,0.000000,0.252031,-0.961746,0.107353,0.000000,0.901160,0.273679,0.336172,0.000000,-2.653061,0.600208,3.128578,1.000000;;
        }

        Frame Bip01_L_UpperArm {
         

         FrameTransformMatrix {
          0.866962,-0.069581,-0.493494,0.000000,-0.053550,0.971468,-0.231048,0.000000,0.495490,0.226737,0.838499,0.000000,7.154707,0.000001,0.000008,1.000000;;
         }

         Frame Bip01_L_Forearm {
          

          FrameTransformMatrix {
           0.999999,0.001452,0.000000,0.000000,-0.001452,0.999999,0.000000,0.000000,0.000000,-0.000000,1.000000,0.000000,16.099003,-0.000000,0.000004,1.000000;;
          }

          Frame Bip01_L_Hand {
           

           FrameTransformMatrix {
            0.999147,-0.032013,0.026073,0.000000,-0.027134,-0.033162,0.999082,0.000000,-0.031119,-0.998937,-0.034003,0.000000,12.943906,-0.000001,0.000008,1.000000;;
           }

           Frame Weapon_Hand_L_Point {
            

            FrameTransformMatrix {
             0.031765,-0.100532,0.994427,0.000000,0.997954,-0.052045,-0.037139,0.000000,0.055489,0.993572,0.098673,0.000000,11.053612,-2.077034,-0.434261,1.000000;;
            }
           }
          }
         }
        }
       }

       Frame Bip01_R_Clavicle {
        

        FrameTransformMatrix {
         -0.352692,0.012011,-0.935662,0.000000,0.252031,-0.961747,-0.107348,0.000000,-0.901160,-0.273677,0.336174,0.000000,-2.653076,0.600191,-3.128585,1.000000;;
        }

        Frame Bip01_R_UpperArm {
         

         FrameTransformMatrix {
          0.866961,-0.069581,0.493494,0.000000,-0.053550,0.971467,0.231048,0.000000,-0.495490,-0.226737,0.838499,0.000000,7.154713,0.000001,0.000000,1.000000;;
         }

         Frame Bip01_R_Forearm {
          

          FrameTransformMatrix {
           0.999999,0.001452,0.000000,0.000000,-0.001452,0.999999,0.000000,0.000000,0.000000,-0.000000,1.000000,0.000000,16.098984,0.000000,-0.000004,1.000000;;
          }

          Frame Bip01_R_Hand {
           

           FrameTransformMatrix {
            0.999147,-0.032013,-0.026073,0.000000,-0.027134,-0.033162,-0.999082,0.000000,0.031119,0.998937,-0.034003,0.000000,12.943898,0.000000,-0.000004,1.000000;;
           }

           Frame Weapon_Hand_R_Point {
            

            FrameTransformMatrix {
             -0.066572,0.102286,0.992525,0.000000,0.996238,-0.048502,0.071820,0.000000,0.055486,0.993572,-0.098672,0.000000,11.053578,-2.077049,0.434246,1.000000;;
            }
           }
          }
         }
        }
       }
      }
     }

     Frame Weapon_Back_R_Point {
      

      FrameTransformMatrix {
       -0.126066,-0.986693,0.102681,0.000000,-0.473971,0.150837,0.867525,0.000000,-0.871469,0.060697,-0.486680,0.000000,22.106282,8.777388,-28.850067,1.000000;;
      }
     }

     Frame Weapon_Back_B_Point {
      

      FrameTransformMatrix {
       -0.020807,-0.996061,0.086193,0.000000,0.646766,0.052332,0.760891,0.000000,-0.762405,0.071578,0.643130,0.000000,6.591141,15.335434,3.548436,1.000000;;
      }
     }
    }
   }

   Frame Bip01_L_Thigh {
    

    FrameTransformMatrix {
     -0.996421,0.067699,0.050614,0.000000,0.067412,0.997698,-0.007358,0.000000,-0.050996,-0.003919,-0.998692,0.000000,-0.000008,-0.000013,7.749222,1.000000;;
    }

    Frame Bip01_L_Calf {
     

     FrameTransformMatrix {
      0.999628,0.027315,-0.000000,0.000000,-0.027315,0.999627,-0.000000,0.000000,0.000000,0.000000,1.000001,0.000000,20.567848,0.000000,0.000000,1.000000;;
     }

     Frame Bip01_L_Foot {
      

      FrameTransformMatrix {
       0.985298,-0.163264,0.050339,0.000000,0.162268,0.986472,0.023295,0.000000,-0.053461,-0.014784,0.998462,0.000000,13.299995,-0.000001,0.000002,1.000000;;
      }

      Frame Bip01_L_Toe0 {
       

       FrameTransformMatrix {
        -0.000000,-1.000000,-0.000000,0.000000,1.000001,-0.000000,-0.000000,0.000000,0.000000,-0.000000,1.000001,0.000000,9.715671,-7.950625,0.000003,1.000000;;
       }
      }
     }

     Frame L_Calf_Point01 {
      

      FrameTransformMatrix {
       0.985106,-0.164333,0.050615,0.000000,0.163331,0.986295,0.023365,0.000000,-0.053761,-0.014750,0.998446,0.000000,12.278662,-0.074271,-1.656631,1.000000;;
      }
     }
    }
   }

   Frame Bip01_R_Thigh {
    

    FrameTransformMatrix {
     -0.996421,0.067700,-0.050617,0.000000,0.067413,0.997698,0.007361,0.000000,0.050999,0.003922,-0.998691,0.000000,0.000011,0.000009,-7.749222,1.000000;;
    }

    Frame Bip01_R_Calf {
     

     FrameTransformMatrix {
      0.999627,0.027315,-0.000000,0.000000,-0.027315,0.999627,-0.000000,0.000000,0.000000,0.000000,1.000000,0.000000,20.567824,0.000000,0.000001,1.000000;;
     }

     Frame Bip01_R_Foot {
      

      FrameTransformMatrix {
       0.985298,-0.163264,-0.050339,0.000000,0.162268,0.986472,-0.023295,0.000000,0.053461,0.014784,0.998461,0.000000,13.299992,0.000000,-0.000001,1.000000;;
      }

      Frame Bip01_R_Toe0 {
       

       FrameTransformMatrix {
        -0.000000,-1.000000,-0.000000,0.000000,1.000000,-0.000000,-0.000000,0.000000,0.000000,-0.000000,1.000000,0.000000,9.715660,-7.950622,-0.000000,1.000000;;
       }
      }
     }

     Frame R_Calf_Point01 {
      

      FrameTransformMatrix {
       0.985277,-0.163296,-0.050628,0.000000,0.162299,0.986468,-0.023257,0.000000,0.053740,0.014697,0.998447,0.000000,12.277334,-0.074043,1.630354,1.000000;;
      }
     }
    }
   }

   Frame Weapon_Side_R_Point {
    

    FrameTransformMatrix {
     0.375118,-0.025884,-0.926616,0.000000,-0.398265,0.898149,-0.186316,0.000000,0.837061,0.438929,0.326603,0.000000,4.754986,-9.728017,-14.996736,1.000000;;
    }
   }

   Frame Weapon_Side_L_Point {
    

    FrameTransformMatrix {
     -0.396964,0.013947,-0.917729,0.000000,-0.396286,0.899279,0.185080,0.000000,0.827875,0.437153,-0.351454,0.000000,4.843655,-9.796762,15.171016,1.000000;;
    }
   }
  }

  Frame EFF_Lock_D {
   

   FrameTransformMatrix {
    0.997581,0.000000,0.069521,0.000000,-0.000000,1.000000,0.000000,0.000000,-0.069521,-0.000000,0.997580,0.000000,1.485519,0.000002,-43.146867,1.000000;;
   }

   Frame Extra_Point01 {
    

    FrameTransformMatrix {
     0.000001,-1.000000,-0.000000,0.000000,1.000000,0.000001,0.000237,0.000000,-0.000237,-0.000000,1.000000,0.000000,4.648522,0.000004,9.329007,1.000000;;
    }
   }
  }

  Frame Move_Link_D {
   

   FrameTransformMatrix {
    0.997564,-0.000000,0.069757,0.000000,0.000000,1.000000,-0.000000,0.000000,-0.069757,0.000000,0.997564,0.000000,0.598068,0.000001,-8.552654,1.000000;;
   }

   Frame EFF_Move_D {
    

    FrameTransformMatrix {
     1.000000,0.000001,-0.000000,0.000000,-0.000001,1.000000,-0.000000,0.000000,0.000000,0.000000,1.000000,0.000000,-1.706174,0.013154,-34.571846,1.000000;;
    }
   }
  }

  Frame SATA9NI_Lock_Dummy01 {
   

   FrameTransformMatrix {
    0.000001,-1.000000,0.000000,0.000000,0.997564,0.000001,0.069757,0.000000,-0.069757,-0.000000,0.997564,0.000000,1.485519,0.000002,-43.146867,1.000000;;
   }
  }

  Frame SATA9NI_Link_Point02 {
   

   FrameTransformMatrix {
    -0.997564,-0.000001,-0.069757,0.000000,0.069757,0.000000,-0.997564,0.000000,0.000001,-1.000000,-0.000000,0.000000,0.647019,0.000002,-39.109933,1.000000;;
   }
  }
 }

 Frame SH_Skin {
  

  FrameTransformMatrix {
   1.000000,0.000000,0.000000,0.000000,0.000000,1.000000,0.000000,0.000000,0.000000,0.000000,1.000000,0.000000,0.000000,0.000000,0.000000,1.000000;;
  }
 }

 Frame SH {
  

  FrameTransformMatrix {
   1.000000,0.000000,0.000000,0.000000,0.000000,1.000000,0.000000,0.000000,0.000000,0.000000,1.000000,0.000000,0.000000,0.000000,0.000000,1.000000;;
  }
 }
}

Frame SH_Skin_ {
 

 FrameTransformMatrix {
  0.393701,0.000000,0.000000,0.000000,0.000000,-0.000000,-0.393701,0.000000,0.000000,0.393701,-0.000000,0.000000,0.000000,0.000000,0.000000,1.000000;;
 }

 Mesh SH_Skin_ {
  104;
  -2.996443;-5.118033;5.620396;,
  -4.739494;-9.143547;9.190120;,
  -4.854969;-9.491845;5.620638;,
  15.029010;0.918968;9.278761;,
  15.712154;-4.798459;9.193675;,
  16.134194;-1.618668;5.620480;,
  -9.352211;-10.544877;5.620562;,
  15.695958;-6.132496;5.620293;,
  13.752926;-9.148344;9.192259;,
  13.684584;-9.486671;5.620470;,
  14.968363;3.915968;7.701390;,
  11.444952;4.006666;10.122974;,
  11.539242;5.875815;8.712156;,
  6.959074;4.003776;10.118415;,
  6.940145;5.878810;8.705353;,
  4.589572;3.925096;7.903874;,
  3.325266;0.882945;9.364066;,
  2.866250;-1.620290;5.620310;,
  2.987700;-4.792029;9.191828;,
  2.996438;-5.118037;5.620380;,
  4.739490;-9.143552;9.190106;,
  4.854965;-9.491850;5.620621;,
  9.352209;-10.544882;5.620545;,
  9.346210;-10.368328;9.191180;,
  13.752926;-9.148344;9.192259;,
  13.684584;-9.486671;5.620470;,
  -13.752926;-9.148338;9.192275;,
  -15.695960;-6.132494;5.620310;,
  -13.684584;-9.486669;5.620486;,
  -15.712158;-4.798455;9.193692;,
  -16.134195;-1.618666;5.620498;,
  -15.029010;0.918970;9.278778;,
  -14.968365;3.915970;7.701403;,
  -11.444954;4.006667;10.122986;,
  -11.539242;5.875816;8.712168;,
  -6.959078;4.003777;10.118428;,
  -6.940150;5.878811;8.705365;,
  -4.589576;3.925099;7.903887;,
  -3.325272;0.882948;9.364077;,
  -2.866256;-0.616136;5.620328;,
  -2.987706;-4.792023;9.191842;,
  -9.346212;-10.368322;9.191198;,
  -13.752926;-9.148338;9.192275;,
  -13.684584;-9.486669;5.620486;,
  -6.959078;4.003777;10.118428;,
  -3.555060;0.648353;11.582229;,
  -3.325272;0.882948;9.364077;,
  -7.005966;3.520933;11.851215;,
  -3.783637;0.667520;14.066568;,
  -11.444954;4.006667;10.122986;,
  -6.925192;3.634224;14.084741;,
  -11.268102;3.531498;11.994730;,
  -11.191802;3.656961;14.290658;,
  -14.535598;0.730327;14.627742;,
  -14.816254;0.670333;11.963614;,
  -15.029010;0.918970;9.278778;,
  -15.430936;-4.175545;14.935240;,
  -15.661438;-4.525530;11.998450;,
  -15.712158;-4.798455;9.193692;,
  -13.551421;-8.391064;15.057498;,
  -13.763904;-8.847798;11.932027;,
  -13.752926;-9.148338;9.192275;,
  -9.133809;-9.698461;14.894123;,
  -9.268674;-10.178356;11.772334;,
  -9.346212;-10.368322;9.191198;,
  -4.737052;-8.407082;14.603373;,
  -4.730512;-8.837238;11.619038;,
  -4.739494;-9.143547;9.190120;,
  -2.987706;-4.792023;9.191842;,
  -2.884334;-4.541365;11.552083;,
  -2.991777;-4.211313;14.284048;,
  -3.555060;0.648353;11.582229;,
  -3.325272;0.882948;9.364077;,
  -3.783637;0.667520;14.066568;,
  3.555055;0.648349;11.582213;,
  6.959074;4.003776;10.118415;,
  3.325266;0.882945;9.364066;,
  7.005962;3.520931;11.851198;,
  3.783633;0.667517;14.066555;,
  11.444952;4.006666;10.122974;,
  6.925187;3.634222;14.084728;,
  11.268099;3.531496;11.994714;,
  11.191800;3.656959;14.290643;,
  14.535600;0.730324;14.627728;,
  14.816251;0.670330;11.963595;,
  15.029010;0.918968;9.278761;,
  15.430938;-4.175550;14.935226;,
  15.661440;-4.525534;11.998432;,
  15.712154;-4.798459;9.193675;,
  13.551422;-8.391066;15.057483;,
  13.763902;-8.847802;11.932009;,
  13.752926;-9.148344;9.192259;,
  9.133807;-9.698463;14.894109;,
  9.268671;-10.178363;11.772318;,
  9.346210;-10.368328;9.191180;,
  4.737048;-8.407086;14.603360;,
  4.730508;-8.837241;11.619023;,
  4.739490;-9.143552;9.190106;,
  2.987700;-4.792029;9.191828;,
  2.884329;-4.541370;11.552068;,
  2.991772;-4.211318;14.284037;,
  3.555055;0.648349;11.582213;,
  3.325266;0.882945;9.364066;,
  3.783633;0.667517;14.066555;;
  112;
  3;0,1,2;,
  3;3,4,5;,
  3;1,6,2;,
  3;7,5,4;,
  3;8,7,4;,
  3;7,8,9;,
  3;5,10,3;,
  3;10,11,3;,
  3;11,10,12;,
  3;12,13,11;,
  3;13,12,14;,
  3;15,13,14;,
  3;13,15,16;,
  3;17,16,15;,
  3;17,18,16;,
  3;18,17,19;,
  3;19,20,18;,
  3;20,19,21;,
  3;22,20,21;,
  3;20,22,23;,
  3;22,24,23;,
  3;24,22,25;,
  3;26,27,28;,
  3;27,26,29;,
  3;27,29,30;,
  3;31,30,29;,
  3;30,31,32;,
  3;33,32,31;,
  3;32,33,34;,
  3;35,34,33;,
  3;34,35,36;,
  3;35,37,36;,
  3;37,35,38;,
  3;39,37,38;,
  3;40,39,38;,
  3;39,40,0;,
  3;1,0,40;,
  3;6,1,41;,
  3;42,6,41;,
  3;6,42,43;,
  3;44,45,46;,
  3;45,44,47;,
  3;47,48,45;,
  3;49,47,44;,
  3;48,47,50;,
  3;51,50,47;,
  3;47,49,51;,
  3;50,51,52;,
  3;51,53,52;,
  3;49,54,51;,
  3;53,51,54;,
  3;54,49,55;,
  3;54,56,53;,
  3;55,57,54;,
  3;56,54,57;,
  3;57,55,58;,
  3;57,59,56;,
  3;58,60,57;,
  3;59,57,60;,
  3;60,58,61;,
  3;60,62,59;,
  3;61,63,60;,
  3;62,60,63;,
  3;63,61,64;,
  3;63,65,62;,
  3;64,66,63;,
  3;65,63,66;,
  3;66,64,67;,
  3;68,66,67;,
  3;69,65,66;,
  3;66,68,69;,
  3;65,69,70;,
  3;68,71,69;,
  3;71,70,69;,
  3;71,68,72;,
  3;70,71,73;,
  3;74,75,76;,
  3;75,74,77;,
  3;78,77,74;,
  3;77,79,75;,
  3;77,78,80;,
  3;80,81,77;,
  3;79,77,81;,
  3;81,80,82;,
  3;83,81,82;,
  3;84,79,81;,
  3;81,83,84;,
  3;79,84,85;,
  3;86,84,83;,
  3;87,85,84;,
  3;84,86,87;,
  3;85,87,88;,
  3;89,87,86;,
  3;90,88,87;,
  3;87,89,90;,
  3;88,90,91;,
  3;92,90,89;,
  3;93,91,90;,
  3;90,92,93;,
  3;91,93,94;,
  3;95,93,92;,
  3;96,94,93;,
  3;93,95,96;,
  3;94,96,97;,
  3;96,98,97;,
  3;95,99,96;,
  3;98,96,99;,
  3;99,95,100;,
  3;101,98,99;,
  3;100,101,99;,
  3;98,101,102;,
  3;101,100,103;;

  MeshNormals {
   104;
   0.975831;-0.218198;0.011980;,
   0.656435;-0.751089;0.070411;,
   0.623881;-0.779519;0.055880;,
   0.907142;0.328397;0.263152;,
   0.982959;-0.164598;0.081847;,
   0.986032;0.052435;0.158087;,
   -0.004991;-0.997789;0.066281;,
   0.945071;-0.318280;0.074420;,
   0.635333;-0.767896;0.081780;,
   0.578154;-0.813257;0.065971;,
   0.703392;0.363383;0.610895;,
   0.334475;0.754280;0.564967;,
   0.242237;0.576581;0.780305;,
   -0.365820;0.760730;0.536157;,
   -0.283979;0.575240;0.767108;,
   -0.730126;0.503220;0.462262;,
   -0.922989;0.365722;0.119745;,
   -0.995777;0.090328;0.016396;,
   -0.985541;-0.168162;0.020741;,
   -0.974967;-0.222007;0.012334;,
   -0.656436;-0.751089;0.070411;,
   -0.623881;-0.779519;0.055880;,
   0.004991;-0.997789;0.066281;,
   0.002479;-0.997840;0.065652;,
   0.635333;-0.767896;0.081780;,
   0.578154;-0.813257;0.065971;,
   -0.635332;-0.767897;0.081780;,
   -0.945071;-0.318280;0.074419;,
   -0.578153;-0.813257;0.065972;,
   -0.982959;-0.164598;0.081847;,
   -0.986032;0.052435;0.158087;,
   -0.907142;0.328398;0.263151;,
   -0.703392;0.363384;0.610895;,
   -0.334475;0.754281;0.564966;,
   -0.242237;0.576582;0.780304;,
   0.365820;0.760731;0.536157;,
   0.283979;0.575241;0.767108;,
   0.725386;0.504695;0.468079;,
   0.919812;0.363248;0.148316;,
   0.991912;0.121340;0.037244;,
   0.985400;-0.169001;0.020611;,
   -0.002479;-0.997840;0.065652;,
   -0.635332;-0.767897;0.081780;,
   -0.578153;-0.813257;0.065972;,
   0.365820;0.760731;0.536157;,
   0.885899;0.453787;0.096231;,
   0.919812;0.363248;0.148316;,
   0.358517;0.926676;0.112861;,
   0.885753;0.463530;-0.024128;,
   -0.334475;0.754281;0.564966;,
   0.383092;0.920966;-0.071144;,
   -0.338758;0.933046;0.121114;,
   -0.360304;0.931921;-0.041295;,
   -0.868574;0.493615;0.043867;,
   -0.869374;0.483567;0.101746;,
   -0.907142;0.328398;0.263151;,
   -0.986062;-0.126357;0.108238;,
   -0.988423;-0.135048;0.069158;,
   -0.982959;-0.164598;0.081847;,
   -0.619254;-0.753538;0.220692;,
   -0.657331;-0.744559;0.116393;,
   -0.635332;-0.767897;0.081780;,
   0.008392;-0.973397;0.228973;,
   0.005552;-0.993426;0.114341;,
   -0.002479;-0.997840;0.065652;,
   0.650561;-0.744452;0.150206;,
   0.662486;-0.743547;0.090833;,
   0.656435;-0.751089;0.070411;,
   0.985400;-0.169001;0.020611;,
   0.990741;-0.135372;0.010322;,
   0.991691;-0.126554;0.023079;,
   0.885899;0.453787;0.096231;,
   0.919812;0.363248;0.148316;,
   0.885753;0.463530;-0.024128;,
   -0.885899;0.453787;0.096232;,
   -0.365820;0.760730;0.536157;,
   -0.922989;0.365722;0.119745;,
   -0.358518;0.926676;0.112861;,
   -0.885753;0.463529;-0.024128;,
   0.334475;0.754280;0.564967;,
   -0.383092;0.920966;-0.071144;,
   0.338758;0.933046;0.121115;,
   0.360304;0.931921;-0.041295;,
   0.868574;0.493615;0.043867;,
   0.869374;0.483567;0.101745;,
   0.907142;0.328397;0.263152;,
   0.986062;-0.126357;0.108238;,
   0.988423;-0.135048;0.069158;,
   0.982959;-0.164598;0.081847;,
   0.619254;-0.753538;0.220692;,
   0.657332;-0.744559;0.116393;,
   0.635333;-0.767896;0.081780;,
   -0.008392;-0.973397;0.228973;,
   -0.005552;-0.993426;0.114341;,
   0.002479;-0.997840;0.065652;,
   -0.650561;-0.744452;0.150206;,
   -0.662486;-0.743547;0.090834;,
   -0.656436;-0.751089;0.070411;,
   -0.985541;-0.168162;0.020741;,
   -0.990741;-0.135372;0.010322;,
   -0.991691;-0.126554;0.023079;,
   -0.885899;0.453787;0.096232;,
   -0.922989;0.365722;0.119745;,
   -0.885753;0.463529;-0.024128;;
   112;
   3;0,1,2;,
   3;3,4,5;,
   3;1,6,2;,
   3;7,5,4;,
   3;8,7,4;,
   3;7,8,9;,
   3;5,10,3;,
   3;10,11,3;,
   3;11,10,12;,
   3;12,13,11;,
   3;13,12,14;,
   3;15,13,14;,
   3;13,15,16;,
   3;17,16,15;,
   3;17,18,16;,
   3;18,17,19;,
   3;19,20,18;,
   3;20,19,21;,
   3;22,20,21;,
   3;20,22,23;,
   3;22,24,23;,
   3;24,22,25;,
   3;26,27,28;,
   3;27,26,29;,
   3;27,29,30;,
   3;31,30,29;,
   3;30,31,32;,
   3;33,32,31;,
   3;32,33,34;,
   3;35,34,33;,
   3;34,35,36;,
   3;35,37,36;,
   3;37,35,38;,
   3;39,37,38;,
   3;40,39,38;,
   3;39,40,0;,
   3;1,0,40;,
   3;6,1,41;,
   3;42,6,41;,
   3;6,42,43;,
   3;44,45,46;,
   3;45,44,47;,
   3;47,48,45;,
   3;49,47,44;,
   3;48,47,50;,
   3;51,50,47;,
   3;47,49,51;,
   3;50,51,52;,
   3;51,53,52;,
   3;49,54,51;,
   3;53,51,54;,
   3;54,49,55;,
   3;54,56,53;,
   3;55,57,54;,
   3;56,54,57;,
   3;57,55,58;,
   3;57,59,56;,
   3;58,60,57;,
   3;59,57,60;,
   3;60,58,61;,
   3;60,62,59;,
   3;61,63,60;,
   3;62,60,63;,
   3;63,61,64;,
   3;63,65,62;,
   3;64,66,63;,
   3;65,63,66;,
   3;66,64,67;,
   3;68,66,67;,
   3;69,65,66;,
   3;66,68,69;,
   3;65,69,70;,
   3;68,71,69;,
   3;71,70,69;,
   3;71,68,72;,
   3;70,71,73;,
   3;74,75,76;,
   3;75,74,77;,
   3;78,77,74;,
   3;77,79,75;,
   3;77,78,80;,
   3;80,81,77;,
   3;79,77,81;,
   3;81,80,82;,
   3;83,81,82;,
   3;84,79,81;,
   3;81,83,84;,
   3;79,84,85;,
   3;86,84,83;,
   3;87,85,84;,
   3;84,86,87;,
   3;85,87,88;,
   3;89,87,86;,
   3;90,88,87;,
   3;87,89,90;,
   3;88,90,91;,
   3;92,90,89;,
   3;93,91,90;,
   3;90,92,93;,
   3;91,93,94;,
   3;95,93,92;,
   3;96,94,93;,
   3;93,95,96;,
   3;94,96,97;,
   3;96,98,97;,
   3;95,99,96;,
   3;98,96,99;,
   3;99,95,100;,
   3;101,98,99;,
   3;100,101,99;,
   3;98,101,102;,
   3;101,100,103;;
  }

  MeshMaterialList {
   1;
   112;
   0,
   0,
   0,
   0,
   0,
   0,
   0,
   0,
   0,
   0,
   0,
   0,
   0,
   0,
   0,
   0,
   0,
   0,
   0,
   0,
   0,
   0,
   0,
   0,
   0,
   0,
   0,
   0,
   0,
   0,
   0,
   0,
   0,
   0,
   0,
   0,
   0,
   0,
   0,
   0,
   0,
   0,
   0,
   0,
   0,
   0,
   0,
   0,
   0,
   0,
   0,
   0,
   0,
   0,
   0,
   0,
   0,
   0,
   0,
   0,
   0,
   0,
   0,
   0,
   0,
   0,
   0,
   0,
   0,
   0,
   0,
   0,
   0,
   0,
   0,
   0,
   0,
   0,
   0,
   0,
   0,
   0,
   0,
   0,
   0,
   0,
   0,
   0,
   0,
   0,
   0,
   0,
   0,
   0,
   0,
   0,
   0,
   0,
   0,
   0,
   0,
   0,
   0,
   0,
   0,
   0,
   0,
   0,
   0,
   0,
   0,
   0;
   { Standard_7_181 }
  }

  MeshTextureCoords c1 {
   104;
   0.050781;0.089844;,
   0.056641;0.039063;,
   0.037109;0.066406;,
   0.132813;0.105469;,
   0.148438;0.062500;,
   0.156250;0.113281;,
   0.031250;0.046875;,
   0.166016;0.085938;,
   0.160156;0.023438;,
   0.179688;0.042969;,
   0.132813;0.156250;,
   0.117188;0.113281;,
   0.119141;0.152344;,
   0.099609;0.117188;,
   0.099609;0.156250;,
   0.085938;0.152344;,
   0.082031;0.097656;,
   0.062500;0.113281;,
   0.068359;0.066406;,
   0.050781;0.089844;,
   0.056641;0.039063;,
   0.037109;0.066406;,
   0.031250;0.046875;,
   0.050781;0.019531;,
   0.044922;0.007813;,
   0.027344;0.031250;,
   0.160156;0.023438;,
   0.166016;0.085938;,
   0.179688;0.042969;,
   0.148438;0.062500;,
   0.156250;0.113281;,
   0.132813;0.105469;,
   0.132813;0.156250;,
   0.117188;0.113281;,
   0.119141;0.152344;,
   0.099609;0.117188;,
   0.099609;0.156250;,
   0.085938;0.152344;,
   0.082031;0.097656;,
   0.062500;0.113281;,
   0.068359;0.066406;,
   0.050781;0.019531;,
   0.044922;0.007813;,
   0.027344;0.031250;,
   0.345703;0.984375;,
   0.326172;0.960938;,
   0.326172;0.988281;,
   0.345703;0.957031;,
   0.326172;0.921875;,
   0.373047;0.984375;,
   0.345703;0.917969;,
   0.373047;0.957031;,
   0.373047;0.914063;,
   0.390625;0.917969;,
   0.390625;0.957031;,
   0.388672;0.988281;,
   0.412109;0.921875;,
   0.412109;0.957031;,
   0.416016;0.984375;,
   0.429688;0.925781;,
   0.429688;0.957031;,
   0.429688;0.988281;,
   0.441406;0.929688;,
   0.441406;0.957031;,
   0.441406;0.988281;,
   0.453125;0.925781;,
   0.453125;0.957031;,
   0.453125;0.988281;,
   0.472656;0.988281;,
   0.470703;0.960938;,
   0.470703;0.925781;,
   0.496094;0.960938;,
   0.496094;0.988281;,
   0.496094;0.921875;,
   0.326172;0.960938;,
   0.345703;0.984375;,
   0.326172;0.988281;,
   0.345703;0.957031;,
   0.326172;0.921875;,
   0.373047;0.984375;,
   0.345703;0.917969;,
   0.373047;0.957031;,
   0.373047;0.914063;,
   0.390625;0.917969;,
   0.390625;0.957031;,
   0.388672;0.988281;,
   0.412109;0.921875;,
   0.412109;0.957031;,
   0.416016;0.984375;,
   0.429688;0.925781;,
   0.429688;0.957031;,
   0.429688;0.988281;,
   0.441406;0.929688;,
   0.441406;0.957031;,
   0.441406;0.988281;,
   0.453125;0.925781;,
   0.453125;0.957031;,
   0.453125;0.988281;,
   0.472656;0.988281;,
   0.470703;0.960938;,
   0.470703;0.925781;,
   0.496094;0.960938;,
   0.496094;0.988281;,
   0.496094;0.921875;;
  }

  XSkinMeshHeader {
   2;
   3;
   5;
  }

  SkinWeights {
   "Bip01_L_Toe0";
   1;
   17;
   0.250000;
   0.023709,0.000808,-0.999718,0.000000,0.999719,-0.000567,0.023709,0.000000,-0.000548,-0.999999,-0.000822,0.000000,-4.697975,-0.029732,9.548153,1.000000;;
  }

  SkinWeights {
   "Bip01_L_Foot";
   52;
   3,
   4,
   5,
   7,
   8,
   9,
   10,
   11,
   12,
   13,
   14,
   15,
   16,
   17,
   18,
   19,
   20,
   21,
   22,
   23,
   24,
   25,
   74,
   75,
   76,
   77,
   78,
   79,
   80,
   81,
   82,
   83,
   84,
   85,
   86,
   87,
   88,
   89,
   90,
   91,
   92,
   93,
   94,
   95,
   96,
   97,
   98,
   99,
   100,
   101,
   102,
   103;
   0.689904,
   0.597637,
   0.754441,
   0.700149,
   0.560094,
   0.776365,
   0.850000,
   0.725301,
   0.850000,
   0.721133,
   0.850000,
   0.850000,
   0.686567,
   0.750000,
   0.589303,
   0.695946,
   0.559223,
   0.774942,
   0.749401,
   0.530623,
   0.560094,
   0.776365,
   0.250000,
   0.721133,
   0.686567,
   0.250000,
   0.150000,
   0.725301,
   0.150000,
   0.250000,
   0.150000,
   0.150000,
   0.250000,
   0.689904,
   0.150000,
   0.245123,
   0.597637,
   0.150000,
   0.247952,
   0.560094,
   0.150000,
   0.248272,
   0.530623,
   0.150000,
   0.250000,
   0.559223,
   0.589303,
   0.250000,
   0.150000,
   0.250000,
   0.686567,
   0.150000;
   0.000808,-0.023772,-0.999717,0.000000,-0.000567,-0.999717,0.023772,0.000000,-0.999999,0.000548,-0.000822,0.000000,9.685928,-3.252049,9.548358,1.000000;;
  }

  SkinWeights {
   "Bip01_R_Calf";
   52;
   0,
   1,
   2,
   6,
   26,
   27,
   28,
   29,
   30,
   31,
   32,
   33,
   34,
   35,
   36,
   37,
   38,
   39,
   40,
   41,
   42,
   43,
   44,
   45,
   46,
   47,
   48,
   49,
   50,
   51,
   52,
   53,
   54,
   55,
   56,
   57,
   58,
   59,
   60,
   61,
   62,
   63,
   64,
   65,
   66,
   67,
   68,
   69,
   70,
   71,
   72,
   73;
   0.304054,
   0.440777,
   0.225058,
   0.250599,
   0.439906,
   0.299851,
   0.223635,
   0.402363,
   0.245559,
   0.310096,
   0.150000,
   0.274699,
   0.150000,
   0.278867,
   0.150000,
   0.150000,
   0.313433,
   0.240702,
   0.410697,
   0.469377,
   0.439906,
   0.223635,
   0.278867,
   0.750000,
   0.313433,
   0.750000,
   0.850000,
   0.274699,
   0.850000,
   0.750000,
   0.850000,
   0.850000,
   0.750000,
   0.310096,
   0.850000,
   0.754877,
   0.402363,
   0.850000,
   0.752048,
   0.439906,
   0.850000,
   0.751728,
   0.469377,
   0.850000,
   0.750000,
   0.440777,
   0.410697,
   0.750000,
   0.850000,
   0.750000,
   0.313433,
   0.850000;
   -0.050396,0.008738,-0.998691,0.000000,-0.164049,-0.986452,-0.000353,0.000000,-0.985164,0.163816,0.051146,0.000000,21.805262,-4.931166,-9.945273,1.000000;;
  }

  SkinWeights {
   "Bip01_L_Calf";
   51;
   3,
   4,
   5,
   7,
   8,
   9,
   10,
   11,
   12,
   13,
   14,
   15,
   16,
   18,
   19,
   20,
   21,
   22,
   23,
   24,
   25,
   74,
   75,
   76,
   77,
   78,
   79,
   80,
   81,
   82,
   83,
   84,
   85,
   86,
   87,
   88,
   89,
   90,
   91,
   92,
   93,
   94,
   95,
   96,
   97,
   98,
   99,
   100,
   101,
   102,
   103;
   0.310096,
   0.402363,
   0.245559,
   0.299851,
   0.439906,
   0.223635,
   0.150000,
   0.274699,
   0.150000,
   0.278867,
   0.150000,
   0.150000,
   0.313433,
   0.410697,
   0.304054,
   0.440777,
   0.225058,
   0.250599,
   0.469377,
   0.439906,
   0.223635,
   0.750000,
   0.278867,
   0.313433,
   0.750000,
   0.850000,
   0.274699,
   0.850000,
   0.750000,
   0.850000,
   0.850000,
   0.750000,
   0.310096,
   0.850000,
   0.754877,
   0.402363,
   0.850000,
   0.752048,
   0.439906,
   0.850000,
   0.751728,
   0.469377,
   0.850000,
   0.750000,
   0.440777,
   0.410697,
   0.750000,
   0.850000,
   0.750000,
   0.313433,
   0.850000;
   0.050395,-0.008740,-0.998691,0.000000,-0.164049,-0.986452,0.000355,0.000000,-0.985164,0.163816,-0.051146,0.000000,21.805246,-4.931171,9.945259,1.000000;;
  }

  SkinWeights {
   "Bip01_R_Foot";
   52;
   0,
   1,
   2,
   6,
   26,
   27,
   28,
   29,
   30,
   31,
   32,
   33,
   34,
   35,
   36,
   37,
   38,
   39,
   40,
   41,
   42,
   43,
   44,
   45,
   46,
   47,
   48,
   49,
   50,
   51,
   52,
   53,
   54,
   55,
   56,
   57,
   58,
   59,
   60,
   61,
   62,
   63,
   64,
   65,
   66,
   67,
   68,
   69,
   70,
   71,
   72,
   73;
   0.695946,
   0.559223,
   0.774942,
   0.749401,
   0.560094,
   0.700149,
   0.776365,
   0.597637,
   0.754441,
   0.689904,
   0.850000,
   0.725301,
   0.850000,
   0.721133,
   0.850000,
   0.850000,
   0.686567,
   0.759298,
   0.589303,
   0.530623,
   0.560094,
   0.776365,
   0.721133,
   0.250000,
   0.686567,
   0.250000,
   0.150000,
   0.725301,
   0.150000,
   0.250000,
   0.150000,
   0.150000,
   0.250000,
   0.689904,
   0.150000,
   0.245123,
   0.597637,
   0.150000,
   0.247952,
   0.560094,
   0.150000,
   0.248272,
   0.530623,
   0.150000,
   0.250000,
   0.559223,
   0.589303,
   0.250000,
   0.150000,
   0.250000,
   0.686567,
   0.150000;
   -0.000808,0.023735,-0.999718,0.000000,-0.000567,-0.999718,-0.023734,0.000000,-1.000000,0.000548,0.000822,0.000000,9.685950,-3.252375,-9.548253,1.000000;;
  }
 }
}

Frame SH_ {
 

 FrameTransformMatrix {
  0.393701,0.000000,0.000000,0.000000,0.000000,-0.000000,-0.393701,0.000000,0.000000,0.393701,-0.000000,0.000000,0.000000,0.000000,0.000000,1.000000;;
 }

 Mesh SH_ {
  260;
  2.099813;3.159961;0.006282;,
  16.770878;-4.020101;1.115080;,
  2.723491;-4.017801;1.137881;,
  17.734778;3.172949;0.006580;,
  2.257123;6.470004;0.006582;,
  17.641869;6.579445;0.006582;,
  15.164022;10.517882;0.006658;,
  4.860113;10.702934;0.006658;,
  9.976338;12.385083;0.006584;,
  -2.783054;-4.017799;0.006698;,
  -16.770878;-4.020100;1.115096;,
  -2.723494;-4.017799;1.137897;,
  -16.688779;-4.020499;0.006596;,
  -15.525806;2.755015;9.493298;,
  -9.509270;2.407076;5.420424;,
  -9.833982;4.088324;7.996599;,
  -4.001018;2.873875;9.532002;,
  16.770878;-4.020101;1.115080;,
  2.783052;-4.017801;0.006681;,
  2.723491;-4.017801;1.137881;,
  16.688779;-4.020501;0.006580;,
  15.525808;2.755013;9.493284;,
  9.833981;4.088321;7.996585;,
  9.509268;2.407074;5.420408;,
  4.001016;2.873872;9.531987;,
  -16.770878;-4.020100;1.115096;,
  -2.099817;3.159965;0.006298;,
  -2.723494;-4.017799;1.137897;,
  -17.734778;3.172951;0.006596;,
  -2.257127;6.470008;0.006599;,
  -17.641867;6.579447;0.006598;,
  -15.164022;10.517884;0.006674;,
  -4.860117;10.702936;0.006675;,
  -9.976339;12.385086;0.006600;,
  -2.783054;-4.017799;0.006698;,
  -16.090536;-7.142609;0.006695;,
  -16.688779;-4.020499;0.006596;,
  -2.722005;-6.806804;0.006697;,
  -4.631090;-9.801538;0.006496;,
  -9.483544;-10.952554;0.006495;,
  -14.244525;-9.771209;0.006495;,
  16.090536;-7.142610;0.006679;,
  2.783052;-4.017801;0.006681;,
  16.688779;-4.020501;0.006580;,
  2.722003;-6.806806;0.006680;,
  4.631088;-9.801540;0.006479;,
  9.483544;-10.952554;0.006478;,
  14.244525;-9.771210;0.006478;,
  -4.860117;10.702936;0.006675;,
  -2.049156;6.437361;2.207098;,
  -2.257127;6.470008;0.006599;,
  -4.730406;10.940985;2.258775;,
  -9.976339;12.385086;0.006600;,
  -4.729280;10.717198;4.890063;,
  -2.290254;6.478021;4.895829;,
  -9.934353;12.671287;2.244300;,
  -15.306027;10.748809;2.258775;,
  -15.164022;10.517884;0.006674;,
  -9.936030;12.488199;4.907564;,
  -17.847842;6.570383;2.207098;,
  -17.641867;6.579447;0.006598;,
  -15.310640;10.517208;4.890063;,
  -9.889085;11.519250;6.912899;,
  -17.609205;6.514355;4.895828;,
  -5.059221;10.029233;6.835048;,
  -3.714386;6.452273;7.401130;,
  -6.085290;7.480124;8.069685;,
  -6.250615;5.478155;8.996857;,
  -3.664271;3.748989;8.214299;,
  -9.817116;8.017062;8.261479;,
  -6.385960;4.546246;10.302458;,
  -4.001018;2.873875;9.532002;,
  -4.508610;2.416691;10.862158;,
  -6.502035;3.961066;11.728943;,
  -9.715540;5.058222;10.552392;,
  -9.715540;4.406166;11.981818;,
  -12.850678;3.788700;11.728943;,
  -9.782550;6.135723;9.215466;,
  -12.997250;4.366995;10.302458;,
  -15.262026;2.204695;10.991414;,
  -15.525806;2.755015;9.493298;,
  -13.225783;5.285169;8.996857;,
  -15.992099;3.521280;8.215714;,
  -13.520173;7.348600;8.050266;,
  -16.058197;6.421101;7.441584;,
  -14.928802;9.822704;6.828250;,
  -16.110010;-0.185898;8.019564;,
  -15.525806;2.755015;9.493298;,
  -16.811379;-0.381562;6.802819;,
  -16.305006;-3.920686;8.032842;,
  -17.695619;3.166119;5.011186;,
  -17.929762;3.098680;2.216997;,
  -17.734778;3.172951;0.006596;,
  -17.494854;-0.411526;2.219262;,
  -16.770878;-4.020100;1.115096;,
  -17.207840;-0.467772;4.945285;,
  -16.874194;-4.020499;2.222495;,
  -16.688779;-4.020499;0.006596;,
  -16.090536;-7.142609;0.006695;,
  -16.769483;-4.059667;4.978146;,
  -16.164741;-7.291342;5.040386;,
  -15.811078;-7.031929;8.189824;,
  -13.954870;-9.565258;8.384445;,
  -16.249662;-7.230409;2.242396;,
  -14.180965;-9.989459;5.160686;,
  -9.393172;-11.030710;8.304945;,
  -14.277656;-9.996146;2.197795;,
  -14.244525;-9.771209;0.006495;,
  -9.483544;-10.952554;0.006495;,
  -9.474319;-11.433609;5.213236;,
  -9.476164;-11.273708;2.206495;,
  -4.570660;-10.031629;2.197796;,
  -4.631090;-9.801538;0.006496;,
  -2.722005;-6.806804;0.006697;,
  -4.574015;-10.030017;5.160687;,
  -4.822022;-9.618245;8.384447;,
  -2.470584;-6.862130;2.242398;,
  -2.470826;-6.927429;5.040388;,
  -2.837595;-6.686903;8.189826;,
  -2.406451;-3.938230;7.867333;,
  -2.488648;-4.008085;2.222597;,
  -2.378658;-4.052684;4.978248;,
  -2.328929;-0.503365;4.944988;,
  -2.773744;-0.423298;7.800370;,
  -2.723494;-4.017799;1.137897;,
  -2.783054;-4.017799;0.006698;,
  -2.151611;-0.432159;2.218965;,
  -2.099817;3.159965;0.006298;,
  -2.138563;3.151090;5.010889;,
  -1.901209;3.096012;2.216699;,
  -2.257127;6.470008;0.006599;,
  -2.049156;6.437361;2.207098;,
  -2.290254;6.478021;4.895829;,
  -3.664271;3.748989;8.214299;,
  -3.714386;6.452273;7.401130;,
  -4.001018;2.873875;9.532002;,
  2.049152;6.437357;2.207082;,
  4.860113;10.702934;0.006658;,
  2.257123;6.470004;0.006582;,
  4.730402;10.940982;2.258760;,
  9.976338;12.385083;0.006584;,
  4.729275;10.717194;4.890048;,
  2.290250;6.478017;4.895813;,
  9.934351;12.671285;2.244285;,
  15.306029;10.748807;2.258759;,
  15.164022;10.517882;0.006658;,
  9.936029;12.488198;4.907550;,
  17.847843;6.570381;2.207082;,
  17.641869;6.579445;0.006582;,
  15.310642;10.517206;4.890048;,
  17.929762;3.098678;2.216982;,
  17.734778;3.172949;0.006580;,
  17.609206;6.514354;4.895812;,
  17.494854;-0.411527;2.219247;,
  16.770878;-4.020101;1.115080;,
  17.695619;3.166116;5.011173;,
  16.874194;-4.020501;2.222480;,
  16.688779;-4.020501;0.006580;,
  16.090536;-7.142610;0.006679;,
  17.207840;-0.467774;4.945271;,
  16.811379;-0.381564;6.802806;,
  16.769485;-4.059668;4.978132;,
  16.249662;-7.230410;2.242380;,
  16.164744;-7.291342;5.040372;,
  16.305008;-3.920687;8.032828;,
  16.110010;-0.185899;8.019550;,
  15.811082;-7.031930;8.189810;,
  13.954874;-9.565260;8.384432;,
  15.992101;3.521278;8.215701;,
  15.525808;2.755013;9.493284;,
  14.180966;-9.989460;5.160671;,
  9.393174;-11.030710;8.304930;,
