xof 0303txt 0032
template ColorRGBA {
 <35ff44e0-6c7c-11cf-8f52-0040333594a3>
 FLOAT red;
 FLOAT green;
 FLOAT blue;
 FLOAT alpha;
}

template ColorRGB {
 <d3e16e81-7835-11cf-8f52-0040333594a3>
 FLOAT red;
 FLOAT green;
 FLOAT blue;
}

template Material {
 <3d82ab4d-62da-11cf-ab39-0020af71e433>
 ColorRGBA faceColor;
 FLOAT power;
 ColorRGB specularColor;
 ColorRGB emissiveColor;
 [...]
}

template TextureFilename {
 <a42790e1-7810-11cf-8f52-0040333594a3>
 STRING filename;
}

template Frame {
 <3d82ab46-62da-11cf-ab39-0020af71e433>
 [...]
}

template Matrix4x4 {
 <f6f23f45-7686-11cf-8f52-0040333594a3>
 array FLOAT matrix[16];
}

template FrameTransformMatrix {
 <f6f23f41-7686-11cf-8f52-0040333594a3>
 Matrix4x4 frameMatrix;
}

template Vector {
 <3d82ab5e-62da-11cf-ab39-0020af71e433>
 FLOAT x;
 FLOAT y;
 FLOAT z;
}

template MeshFace {
 <3d82ab5f-62da-11cf-ab39-0020af71e433>
 DWORD nFaceVertexIndices;
 array DWORD faceVertexIndices[nFaceVertexIndices];
}

template Mesh {
 <3d82ab44-62da-11cf-ab39-0020af71e433>
 DWORD nVertices;
 array Vector vertices[nVertices];
 DWORD nFaces;
 array MeshFace faces[nFaces];
 [...]
}

template MeshNormals {
 <f6f23f43-7686-11cf-8f52-0040333594a3>
 DWORD nNormals;
 array Vector normals[nNormals];
 DWORD nFaceNormals;
 array MeshFace faceNormals[nFaceNormals];
}

template MeshMaterialList {
 <f6f23f42-7686-11cf-8f52-0040333594a3>
 DWORD nMaterials;
 DWORD nFaceIndexes;
 array DWORD faceIndexes[nFaceIndexes];
 [Material <3d82ab4d-62da-11cf-ab39-0020af71e433>]
}

template Coords2d {
 <f6f23f44-7686-11cf-8f52-0040333594a3>
 FLOAT u;
 FLOAT v;
}

template MeshTextureCoords {
 <f6f23f40-7686-11cf-8f52-0040333594a3>
 DWORD nTextureCoords;
 array Coords2d textureCoords[nTextureCoords];
}

template XSkinMeshHeader {
 <3cf169ce-ff7c-44ab-93c0-f78f62d172e2>
 WORD nMaxSkinWeightsPerVertex;
 WORD nMaxSkinWeightsPerFace;
 WORD nBones;
}

template SkinWeights {
 <6f0d123b-bad2-4167-a0d0-80224f25fabb>
 STRING transformNodeName;
 DWORD nWeights;
 array DWORD vertexIndices[nWeights];
 array FLOAT weights[nWeights];
 Matrix4x4 matrixOffset;
}

template AnimTicksPerSecond {
 <9e415a43-7ba6-4a73-8743-b73d47e88476>
 DWORD AnimTicksPerSecond;
}

template Animation {
 <3d82ab4f-62da-11cf-ab39-0020af71e433>
 [...]
}

template AnimationSet {
 <3d82ab50-62da-11cf-ab39-0020af71e433>
 [Animation <3d82ab4f-62da-11cf-ab39-0020af71e433>]
}

template FloatKeys {
 <10dd46a9-775b-11cf-8f52-0040333594a3>
 DWORD nValues;
 array FLOAT values[nValues];
}

template TimedFloatKeys {
 <f406b180-7b3b-11cf-8f52-0040333594a3>
 DWORD time;
 FloatKeys tfkeys;
}

template AnimationKey {
 <10dd46a8-775b-11cf-8f52-0040333594a3>
 DWORD keyType;
 DWORD nKeys;
 array TimedFloatKeys keys[nKeys];
}


Material _11700229_C_MeshSocksWalker_195 {
 1.000000;1.000000;1.000000;1.000000;;
 43.219280;
 0.020000;0.020000;0.020000;;
 0.000000;0.000000;0.000000;;

 TextureFilename {
  "11700229_C_MeshSocksWalker_D.dds";
 }
}

Material _11700229_C_MeshSocksWalker_214 {
 1.000000;1.000000;1.000000;1.000000;;
 43.219280;
 0.020000;0.020000;0.020000;;
 0.000000;0.000000;0.000000;;

 TextureFilename {
  "11700229_C_MeshSocksWalker_D.dds";
 }
}

Material _11700229_C_MeshSocksWalker_227 {
 1.000000;1.000000;1.000000;1.000000;;
 43.219280;
 0.020000;0.020000;0.020000;;
 0.000000;0.000000;0.000000;;

 TextureFilename {
  "11700229_C_MeshSocksWalker_D.dds";
 }
}

Frame Scene_Root {
 

 FrameTransformMatrix {
  0.393701,0.000000,0.000000,0.000000,0.000000,-0.000000,-0.393701,0.000000,0.000000,0.393701,-0.000000,0.000000,0.000000,0.000000,0.000000,1.000000;;
 }

 Frame Bip01 {
  

  FrameTransformMatrix {
   0.000002,0.997564,-0.069757,0.000000,-1.000000,0.000001,-0.000000,0.000000,0.000000,0.069757,0.997564,0.000000,0.000000,1.527915,43.145398,1.000000;;
  }

  Frame Bip01_Footsteps {
   

   FrameTransformMatrix {
    0.000002,-1.000000,0.000000,0.000000,0.997564,0.000002,0.069757,0.000000,-0.069757,-0.000000,0.997564,0.000000,3.011113,0.000004,-43.060326,1.000000;;
   }
  }

  Frame Bip01_Pelvis {
   

   FrameTransformMatrix {
    0.000002,-0.000000,1.000000,0.000000,-1.000000,0.000001,0.000002,0.000000,-0.000001,-1.000000,-0.000000,0.000000,0.000000,0.000000,0.000000,1.000000;;
   }

   Frame Bip01_Spine {
    

    FrameTransformMatrix {
     1.000000,-0.001017,0.000001,0.000000,0.001017,1.000000,0.000004,0.000000,-0.000001,-0.000004,1.000000,0.000000,3.648823,0.087649,0.000006,1.000000;;
    }

    Frame Bip01_Spine1 {
     

     FrameTransformMatrix {
      0.993339,0.115232,-0.000000,0.000000,-0.115232,0.993339,0.000000,0.000000,0.000000,-0.000000,1.000000,0.000000,8.606418,0.007722,-0.000000,1.000000;;
     }

     Frame Bip01_Spine2 {
      

      FrameTransformMatrix {
       0.993176,0.116629,-0.000000,0.000000,-0.116629,0.993176,0.000000,0.000000,0.000000,-0.000000,1.000000,0.000000,9.761890,0.009831,-0.000000,1.000000;;
      }

      Frame Bip01_Neck {
       

       FrameTransformMatrix {
        0.967538,-0.252726,0.000001,0.000000,0.252726,0.967538,0.000000,0.000000,-0.000001,0.000000,1.000000,0.000000,12.207950,-0.363332,0.000003,1.000000;;
       }

       Frame Bip01_Head {
        

        FrameTransformMatrix {
         0.995689,0.092758,-0.000000,0.000000,-0.092758,0.995689,0.000000,0.000000,0.000000,-0.000000,1.000000,0.000000,3.164169,0.777051,-0.000001,1.000000;;
        }

        Frame Bip01_HeadNub {
         

         FrameTransformMatrix {
          1.000000,0.000000,-0.000000,0.000000,-0.000000,1.000000,0.000000,0.000000,0.000000,-0.000000,1.000000,0.000000,54.433952,-0.000000,-0.000002,1.000000;;
         }
        }
       }

       Frame Bip01_L_Clavicle {
        

        FrameTransformMatrix {
         -0.352693,0.012017,0.935662,0.000000,0.252031,-0.961746,0.107353,0.000000,0.901160,0.273679,0.336172,0.000000,-2.653061,0.600208,3.128578,1.000000;;
        }

        Frame Bip01_L_UpperArm {
         

         FrameTransformMatrix {
          0.866962,-0.069581,-0.493494,0.000000,-0.053550,0.971468,-0.231048,0.000000,0.495490,0.226737,0.838499,0.000000,7.154707,-0.000002,-0.000015,1.000000;;
         }

         Frame Bip01_L_Forearm {
          

          FrameTransformMatrix {
           1.000000,0.001452,-0.000000,0.000000,-0.001452,1.000000,-0.000000,0.000000,0.000000,0.000000,1.000000,0.000000,16.099011,0.000001,0.000000,1.000000;;
          }

          Frame Bip01_L_Hand {
           

           FrameTransformMatrix {
            0.999148,-0.032013,0.026073,0.000000,-0.027134,-0.033162,0.999082,0.000000,-0.031119,-0.998937,-0.034003,0.000000,12.943913,0.000000,-0.000008,1.000000;;
           }

           Frame Bip01_L_Finger0 {
            

            FrameTransformMatrix {
             0.981801,-0.074643,-0.174632,0.000000,-0.174833,0.003875,-0.984590,0.000000,0.074170,0.997203,-0.009246,0.000000,4.322170,-4.277778,-6.136327,1.000000;;
            }

            Frame Bip01_L_Finger01 {
             

             FrameTransformMatrix {
              0.999998,-0.002208,-0.000000,0.000000,0.002208,0.999998,-0.000000,0.000000,0.000000,0.000000,1.000000,0.000000,6.608991,-0.000005,-0.000011,1.000000;;
             }
            }
           }

           Frame Bip01_L_Finger1 {
            

            FrameTransformMatrix {
             0.992189,-0.112543,-0.053813,0.000000,0.105735,0.987610,-0.115963,0.000000,0.066197,0.109367,0.991795,0.000000,11.958148,2.024220,-4.583304,1.000000;;
            }

            Frame Bip01_L_Finger11 {
             

             FrameTransformMatrix {
              0.990428,-0.138034,0.000000,0.000000,0.138034,0.990427,0.000000,0.000000,-0.000000,-0.000000,1.000000,0.000000,4.403211,0.000004,0.000000,1.000000;;
             }
            }
           }

           Frame Bip01_L_Finger2 {
            

            FrameTransformMatrix {
             0.993600,-0.109862,-0.026287,0.000000,0.110777,0.993181,0.036322,0.000000,0.022117,-0.039001,0.998994,0.000000,11.784315,2.239697,-1.185587,1.000000;;
            }

            Frame Bip01_L_Finger21 {
             

             FrameTransformMatrix {
              0.983065,-0.183259,-0.000000,0.000000,0.183259,0.983065,0.000000,0.000000,0.000000,-0.000000,1.000000,0.000000,4.551597,-0.000000,0.000001,1.000000;;
             }
            }
           }

           Frame Bip01_L_Finger3 {
            

            FrameTransformMatrix {
             0.975449,-0.219970,-0.010652,0.000000,0.220151,0.972699,0.073417,0.000000,-0.005789,-0.073960,0.997245,0.000000,11.642555,1.682320,2.134613,1.000000;;
            }

            Frame Bip01_L_Finger31 {
             

             FrameTransformMatrix {
              0.988456,-0.151510,-0.000000,0.000000,0.151510,0.988456,0.000000,0.000000,0.000000,-0.000000,1.000000,0.000000,3.923159,0.000000,-0.000001,1.000000;;
             }
            }
           }

           Frame Bip01_L_Finger4 {
            

            FrameTransformMatrix {
             0.965149,-0.260236,0.027674,0.000000,0.255937,0.960667,0.107777,0.000000,-0.054633,-0.096938,0.993790,0.000000,11.592442,1.297146,4.984824,1.000000;;
            }

            Frame Bip01_L_Finger41 {
             

             FrameTransformMatrix {
              0.950845,-0.309668,-0.000000,0.000000,0.309667,0.950845,-0.000000,0.000000,0.000000,-0.000000,1.000000,0.000000,3.433447,0.000011,0.000001,1.000000;;
             }
            }
           }
          }
         }

         Frame Bip01_L_ForeTwist {
          

          FrameTransformMatrix {
           1.000000,0.001452,-0.000000,0.000000,-0.001452,0.999935,0.011342,0.000000,0.000017,-0.011342,0.999936,0.000000,16.099011,0.000001,0.000000,1.000000;;
          }

          Frame Bip01_L_ForeTwist1 {
           

           FrameTransformMatrix {
            1.000000,0.000000,-0.000000,0.000000,-0.000000,0.999936,0.011342,0.000000,0.000000,-0.011342,0.999936,0.000000,6.471960,0.000000,-0.000015,1.000000;;
           }
          }
         }
        }
       }

       Frame Bip01_R_Clavicle {
        

        FrameTransformMatrix {
         -0.352692,0.012011,-0.935662,0.000000,0.252031,-0.961747,-0.107348,0.000000,-0.901160,-0.273677,0.336174,0.000000,-2.653076,0.600190,-3.128585,1.000000;;
        }

        Frame Bip01_R_UpperArm {
         

         FrameTransformMatrix {
          0.866962,-0.069581,0.493494,0.000000,-0.053550,0.971467,0.231048,0.000000,-0.495490,-0.226737,0.838499,0.000000,7.154714,0.000002,-0.000023,1.000000;;
         }

         Frame Bip01_R_Forearm {
          

          FrameTransformMatrix {
           0.999999,0.001452,0.000000,0.000000,-0.001452,0.999999,0.000000,0.000000,-0.000000,-0.000000,1.000000,0.000000,16.098984,0.000001,-0.000008,1.000000;;
          }

          Frame Bip01_R_Hand {
           

           FrameTransformMatrix {
            0.999147,-0.032013,-0.026073,0.000000,-0.027134,-0.033162,-0.999082,0.000000,0.031119,0.998937,-0.034003,0.000000,12.943905,0.000000,-0.000011,1.000000;;
           }

           Frame Bip01_R_Finger0 {
            

            FrameTransformMatrix {
             0.981800,-0.074643,0.174631,0.000000,-0.174833,0.003875,0.984590,0.000000,-0.074170,-0.997202,-0.009246,0.000000,4.322171,-4.277768,6.136321,1.000000;;
            }

            Frame Bip01_R_Finger01 {
             

             FrameTransformMatrix {
              0.999997,-0.002208,-0.000000,0.000000,0.002208,0.999997,0.000000,0.000000,0.000000,-0.000000,1.000000,0.000000,6.608992,-0.000004,0.000008,1.000000;;
             }
            }
           }

           Frame Bip01_R_Finger1 {
            

            FrameTransformMatrix {
             0.992188,-0.112543,0.053813,0.000000,0.105735,0.987609,0.115963,0.000000,-0.066197,-0.109367,0.991795,0.000000,11.958151,2.024223,4.583300,1.000000;;
            }

            Frame Bip01_R_Finger11 {
             

             FrameTransformMatrix {
              0.990427,-0.138034,0.000000,0.000000,0.138034,0.990428,-0.000000,0.000000,-0.000000,0.000000,1.000000,0.000000,4.403206,-0.000004,-0.000002,1.000000;;
             }
            }
           }

           Frame Bip01_R_Finger2 {
            

            FrameTransformMatrix {
             0.993599,-0.109862,0.026287,0.000000,0.110777,0.993181,-0.036322,0.000000,-0.022117,0.039001,0.998994,0.000000,11.784309,2.239700,1.185586,1.000000;;
            }

            Frame Bip01_R_Finger21 {
             

             FrameTransformMatrix {
              0.983065,-0.183258,0.000000,0.000000,0.183259,0.983065,-0.000000,0.000000,-0.000000,0.000000,1.000000,0.000000,4.551588,-0.000008,-0.000000,1.000000;;
             }
            }
           }

           Frame Bip01_R_Finger3 {
            

            FrameTransformMatrix {
             0.975448,-0.219970,0.010652,0.000000,0.220151,0.972699,-0.073417,0.000000,0.005789,0.073960,0.997244,0.000000,11.642545,1.682327,-2.134613,1.000000;;
            }

            Frame Bip01_R_Finger31 {
             

             FrameTransformMatrix {
              0.988456,-0.151510,0.000000,0.000000,0.151510,0.988456,-0.000000,0.000000,-0.000000,-0.000000,1.000000,0.000000,3.923153,0.000004,-0.000001,1.000000;;
             }
            }
           }

           Frame Bip01_R_Finger4 {
            

            FrameTransformMatrix {
             0.965148,-0.260236,-0.027674,0.000000,0.255937,0.960666,-0.107777,0.000000,0.054633,0.096938,0.993789,0.000000,11.592432,1.297146,-4.984823,1.000000;;
            }

            Frame Bip01_R_Finger41 {
             

             FrameTransformMatrix {
              0.950845,-0.309668,-0.000000,0.000000,0.309668,0.950845,0.000000,0.000000,-0.000000,-0.000000,1.000000,0.000000,3.433443,-0.000000,0.000001,1.000000;;
             }
            }
           }
          }
         }

         Frame Bip01_R_ForeTwist {
          

          FrameTransformMatrix {
           0.999999,0.001452,0.000000,0.000000,-0.001452,0.999934,-0.011342,0.000000,-0.000016,0.011342,0.999936,0.000000,16.098984,0.000001,-0.000008,1.000000;;
          }

          Frame Bip01_R_ForeTwist1 {
           

           FrameTransformMatrix {
            1.000000,0.000000,-0.000000,0.000000,-0.000000,0.999936,-0.011342,0.000000,-0.000000,0.011342,0.999936,0.000000,6.471950,-0.000000,-0.000004,1.000000;;
           }
          }
         }
        }
       }
      }
     }
    }
   }

   Frame Bip01_L_Thigh {
    

    FrameTransformMatrix {
     -0.996421,0.067699,0.050614,0.000000,0.067412,0.997698,-0.007358,0.000000,-0.050996,-0.003919,-0.998691,0.000000,-0.000008,-0.000012,7.749224,1.000000;;
    }

    Frame Bip01_L_Calf {
     

     FrameTransformMatrix {
      0.999627,0.027315,-0.000000,0.000000,-0.027315,0.999627,-0.000000,0.000000,0.000000,0.000000,1.000000,0.000000,20.567830,0.000000,-0.000002,1.000000;;
     }

     Frame Bip01_L_Foot {
      

      FrameTransformMatrix {
       0.985297,-0.163264,0.050339,0.000000,0.162268,0.986472,0.023295,0.000000,-0.053461,-0.014784,0.998461,0.000000,13.299988,0.000000,0.000000,1.000000;;
      }

      Frame Bip01_L_Toe0 {
       

       FrameTransformMatrix {
        -0.000000,-1.000000,-0.000000,0.000000,1.000000,-0.000000,-0.000000,0.000000,0.000000,-0.000000,1.000000,0.000000,9.715658,-7.950622,0.000001,1.000000;;
       }
      }
     }
    }
   }

   Frame Bip01_R_Thigh {
    

    FrameTransformMatrix {
     -0.996421,0.067700,-0.050617,0.000000,0.067413,0.997698,0.007361,0.000000,0.050999,0.003922,-0.998691,0.000000,0.000011,0.000009,-7.749224,1.000000;;
    }

    Frame Bip01_R_Calf {
     

     FrameTransformMatrix {
      0.999627,0.027315,-0.000000,0.000000,-0.027315,0.999627,-0.000000,0.000000,0.000000,0.000000,1.000000,0.000000,20.567816,0.000001,0.000000,1.000000;;
     }

     Frame Bip01_R_Foot {
      

      FrameTransformMatrix {
       0.985297,-0.163264,-0.050339,0.000000,0.162268,0.986472,-0.023295,0.000000,0.053461,0.014784,0.998460,0.000000,13.299987,-0.000000,-0.000000,1.000000;;
      }

      Frame Bip01_R_Toe0 {
       

       FrameTransformMatrix {
        -0.000000,-1.000000,-0.000000,0.000000,1.000000,-0.000000,-0.000000,0.000000,0.000000,0.000000,1.000000,0.000000,9.715660,-7.950622,-0.000000,1.000000;;
       }
      }
     }
    }
   }
  }
 }

 Frame SH {
  

  FrameTransformMatrix {
   1.000000,0.000000,0.000000,0.000000,0.000000,1.000000,0.000000,0.000000,0.000000,0.000000,1.000000,0.000000,0.000008,0.000000,0.000000,1.000000;;
  }
 }

 Frame SH_Ankle {
  

  FrameTransformMatrix {
   1.000000,0.000000,0.000000,0.000000,0.000000,1.000000,0.000000,0.000000,0.000000,0.000000,1.000000,0.000000,0.000008,0.000000,0.000000,1.000000;;
  }
 }

 Frame SH_Stocking {
  

  FrameTransformMatrix {
   1.000000,0.000000,0.000000,0.000000,0.000000,1.000000,0.000000,0.000000,0.000000,0.000000,1.000000,0.000000,0.000008,0.000000,0.000000,1.000000;;
  }
 }
}

Frame SH_ {
 

 FrameTransformMatrix {
  0.393701,0.000000,0.000000,0.000000,0.000000,-0.000000,-0.393701,0.000000,0.000000,0.393701,-0.000000,0.000000,0.000000,0.000000,0.000000,1.000000;;
 }

 Mesh SH_ {
  304;
  16.174634;-4.247066;0.051348;,
  3.687409;-7.675944;0.051347;,
  2.620258;-4.221349;0.051349;,
  -16.635832;-0.825203;0.604869;,
  -2.625676;-3.569376;1.083821;,
  -16.194558;-3.595104;1.083951;,
  -16.174616;-4.247063;0.051358;,
  -2.620243;-4.221347;0.051360;,
  -3.687393;-7.675942;0.051358;,
  -2.538747;-0.804413;0.605129;,
  -15.179366;-7.402106;0.051354;,
  -16.888814;2.581852;0.051351;,
  -5.596434;-9.358657;0.051355;,
  -2.565868;2.684752;0.051355;,
  -13.703578;-9.396932;0.051353;,
  -9.701772;-10.738164;0.051352;,
  -16.940730;5.091069;0.051356;,
  -2.644410;5.006154;0.051352;,
  -2.698579;7.338170;0.051364;,
  -16.119611;7.330778;0.051359;,
  -14.655253;9.723202;0.051362;,
  -4.554348;10.145733;0.051364;,
  -12.048367;11.267559;0.051357;,
  -7.586017;11.278868;0.051357;,
  12.048384;11.267557;0.051346;,
  4.554364;10.145731;0.051352;,
  7.586032;11.278866;0.051346;,
  14.655269;9.723201;0.051351;,
  2.698594;7.338168;0.051352;,
  16.119629;7.330778;0.051348;,
  16.940746;5.091067;0.051345;,
  2.644425;5.006152;0.051340;,
  2.565884;2.684749;0.051343;,
  16.888832;2.581848;0.051341;,
  2.538762;-0.804416;0.605117;,
  16.635850;-0.825206;0.604859;,
  2.625691;-3.569379;1.083810;,
  16.194576;-3.595106;1.083941;,
  15.179384;-7.402109;0.051344;,
  5.596450;-9.358658;0.051344;,
  13.703594;-9.396934;0.051342;,
  9.701788;-10.738166;0.051341;,
  -6.836342;4.602616;10.609291;,
  -11.896602;4.901931;14.218805;,
  -6.305256;4.891848;13.982875;,
  -11.906974;4.621128;10.776974;,
  -14.204646;3.006895;14.570562;,
  -11.896602;4.901931;14.218805;,
  -14.224856;3.279640;10.186602;,
  -15.699072;1.027764;14.685597;,
  -15.658763;0.764825;9.614799;,
  -16.644112;-3.250393;14.993648;,
  -14.590480;3.885212;8.312121;,
  -16.053341;-3.446996;9.611734;,
  -13.836416;-8.315810;15.109827;,
  -16.040226;0.710225;6.903426;,
  -13.759088;-8.657209;9.853544;,
  -9.535118;-10.419612;14.894088;,
  -9.643936;-10.637526;10.161793;,
  -9.775571;-11.145933;8.835378;,
  -14.046155;-9.200735;8.363898;,
  -9.847118;-11.511983;7.617674;,
  -16.445358;-3.601638;7.315095;,
  -14.106118;-9.821333;7.308289;,
  -14.099286;-9.516464;6.325034;,
  -9.764194;-11.124171;6.356568;,
  -16.543278;-3.795851;6.049826;,
  -14.040117;-9.529072;4.388854;,
  -9.753310;-11.147787;4.501896;,
  -9.754646;-11.043130;2.729331;,
  -16.718008;-4.322367;4.101647;,
  -13.788085;-9.711652;2.813607;,
  -9.701772;-10.738164;0.051352;,
  -13.703578;-9.396932;0.051353;,
  -15.341099;-7.538897;2.768261;,
  -15.179366;-7.402106;0.051354;,
  -16.174616;-4.247063;0.051358;,
  -16.362258;-4.505371;2.725247;,
  -16.194558;-3.595104;1.083951;,
  -16.635832;-0.825203;0.604869;,
  -16.891906;-0.753507;2.604570;,
  -17.078795;-0.626036;3.985798;,
  -17.150520;3.052525;2.626492;,
  -16.888814;2.581852;0.051351;,
  -17.356370;3.600185;4.696686;,
  -17.196402;5.236080;2.644296;,
  -16.940730;5.091069;0.051356;,
  -16.119611;7.330778;0.051359;,
  -16.353754;7.318749;2.660783;,
  -14.655253;9.723202;0.051362;,
  -14.924352;9.868331;2.599515;,
  -12.048367;11.267559;0.051357;,
  -16.436568;7.714510;3.915777;,
  -12.048563;11.415018;2.490465;,
  -14.958781;9.974185;3.293191;,
  -7.592237;11.428049;2.489955;,
  -7.586017;11.278868;0.051357;,
  -4.554348;10.145733;0.051364;,
  -4.168226;10.314715;2.515794;,
  -2.698579;7.338170;0.051364;,
  -7.593783;11.489288;3.312171;,
  -12.082732;11.478250;3.312168;,
  -12.094617;11.265526;4.406274;,
  -4.216554;10.423046;3.298203;,
  -14.860162;9.955464;4.296253;,
  -7.425970;11.278637;4.419808;,
  -15.189384;8.910782;5.632358;,
  -12.111182;10.036218;6.393340;,
  -15.703733;7.208060;6.616650;,
  -17.200494;5.980064;4.426722;,
  -14.216458;7.866925;7.711205;,
  -16.141914;4.970053;7.123742;,
  -14.643269;5.932262;8.276318;,
  -16.321358;0.138994;6.112360;,
  -11.926694;5.268439;9.186600;,
  -11.915741;6.339790;8.827067;,
  -11.956050;8.159416;8.083490;,
  -7.070130;8.164054;8.115036;,
  -7.077879;6.344858;8.860194;,
  -7.058446;5.254426;9.207797;,
  -4.977056;7.769427;7.833892;,
  -4.639276;5.922028;8.260926;,
  -4.473032;3.924117;8.278906;,
  -4.503214;3.240573;9.874455;,
  -6.305256;4.891848;13.982875;,
  -3.923345;2.913159;14.067245;,
  -2.728984;1.146978;14.066894;,
  -3.147927;0.170128;9.036947;,
  -2.912876;0.268663;7.095785;,
  -2.633303;-4.440543;9.011590;,
  -1.728930;-4.558648;14.332368;,
  -4.183958;-8.656128;14.603344;,
  -2.563416;-4.662014;7.474414;,
  -5.014172;-8.506742;9.772990;,
  -9.643936;-10.637526;10.161793;,
  -9.535118;-10.419612;14.894088;,
  -5.094179;-9.131855;8.457057;,
  -9.775571;-11.145933;8.835378;,
  -5.074859;-9.779672;7.301880;,
  -9.847118;-11.511983;7.617674;,
  -2.434252;-4.884714;5.772616;,
  -5.149550;-9.338843;6.113125;,
  -9.764194;-11.124171;6.356568;,
  -5.319619;-9.510028;4.388140;,
  -9.753310;-11.147787;4.501896;,
  -5.541750;-9.699466;2.706750;,
  -9.754646;-11.043130;2.729331;,
  -9.701772;-10.738164;0.051352;,
  -5.596434;-9.358657;0.051355;,
  -3.687393;-7.675942;0.051358;,
  -3.633047;-7.788277;2.568620;,
  -5.319619;-9.510028;4.388140;,
  -2.518360;-4.476033;2.393213;,
  -2.620243;-4.221347;0.051360;,
  -2.625676;-3.569376;1.083821;,
  -2.538747;-0.804413;0.605129;,
  -2.399429;-4.763577;3.870656;,
  -2.310680;-0.730615;2.358526;,
  -2.565868;2.684752;0.051355;,
  -2.067844;-0.496829;3.977125;,
  -2.737966;-0.067706;6.091836;,
  -3.001132;4.152354;6.901506;,
  -1.822405;3.204696;4.070006;,
  -3.322607;6.920217;6.300757;,
  -1.857229;2.891623;2.379141;,
  -2.644410;5.006154;0.051352;,
  -1.916854;5.155946;2.412367;,
  -2.014377;5.857274;4.149094;,
  -2.501486;7.390710;2.477805;,
  -2.630376;8.082213;3.805547;,
  -4.441632;10.392286;4.338463;,
  -3.795823;9.307275;5.369218;,
  -7.268602;10.052267;6.439060;,
  11.896618;4.901929;14.218797;,
  6.836358;4.602614;10.609282;,
  6.305271;4.891846;13.982869;,
  11.906990;4.621126;10.776964;,
  14.204661;3.006893;14.570554;,
  11.896618;4.901929;14.218797;,
  14.224870;3.279638;10.186592;,
  15.699088;1.027762;14.685587;,
  15.658781;0.764822;9.614790;,
  16.644128;-3.250396;14.993638;,
  14.590498;3.885209;8.312111;,
  16.053357;-3.446998;9.611725;,
  13.836434;-8.315811;15.109818;,
  16.040242;0.710222;6.903416;,
  13.759106;-8.657211;9.853534;,
  9.535134;-10.419616;14.894080;,
  9.643952;-10.637527;10.161783;,
  9.775588;-11.145935;8.835368;,
  14.046173;-9.200737;8.363887;,
  9.847134;-11.511984;7.617666;,
  16.445373;-3.601640;7.315086;,
  14.106136;-9.821334;7.308279;,
  14.099304;-9.516466;6.325024;,
  9.764212;-11.124174;6.356558;,
  16.543293;-3.795854;6.049816;,
  14.040134;-9.529074;4.388844;,
  9.753326;-11.147789;4.501886;,
  9.754662;-11.043132;2.729321;,
  13.788101;-9.711654;2.813597;,
  9.701788;-10.738166;0.051341;,
  13.703594;-9.396934;0.051342;,
  15.341115;-7.538899;2.768252;,
  15.179384;-7.402109;0.051344;,
  16.174634;-4.247066;0.051348;,
  16.362274;-4.505374;2.725237;,
  16.194576;-3.595106;1.083941;,
  16.635850;-0.825206;0.604859;,
  16.718026;-4.322370;4.101637;,
  16.891922;-0.753511;2.604560;,
  17.078811;-0.626039;3.985788;,
  16.321373;0.138991;6.112350;,
  16.141930;4.970050;7.123732;,
  17.356384;3.600182;4.696676;,
  17.150536;3.052521;2.626481;,
  16.888832;2.581848;0.051341;,
  17.196419;5.236077;2.644285;,
  16.940746;5.091067;0.051345;,
  16.119629;7.330778;0.051348;,
  17.200512;5.980062;4.426712;,
  16.353771;7.318747;2.660772;,
  14.655269;9.723201;0.051351;,
  16.436584;7.714509;3.915766;,
  15.703750;7.208058;6.616640;,
  14.643286;5.932260;8.276309;,
  14.216475;7.866922;7.711194;,
  11.926710;5.268436;9.186590;,
  11.915756;6.339787;8.827058;,
  7.058462;5.254424;9.207787;,
  7.077894;6.344854;8.860185;,
  11.956066;8.159414;8.083481;,
  7.070146;8.164051;8.115026;,
  12.111198;10.036216;6.393330;,
  15.189402;8.910780;5.632347;,
  14.860178;9.955463;4.296243;,
  12.094634;11.265524;4.406263;,
  14.958797;9.974184;3.293180;,
  14.924370;9.868330;2.599504;,
  12.048384;11.267557;0.051346;,
  12.048579;11.415016;2.490455;,
  12.082749;11.478249;3.312158;,
  7.592252;11.428047;2.489944;,
  7.586032;11.278866;0.051346;,
  4.554364;10.145731;0.051352;,
  7.593799;11.489286;3.312160;,
  4.168241;10.314714;2.515783;,
  2.698594;7.338168;0.051352;,
  7.425985;11.278635;4.419797;,
  4.216569;10.423044;3.298192;,
  7.268618;10.052265;6.439050;,
  4.441647;10.392284;4.338452;,
  2.501501;7.390708;2.477793;,
  2.630391;8.082210;3.805535;,
  3.795838;9.307272;5.369207;,
  4.977071;7.769424;7.833882;,
  3.322621;6.920214;6.300746;,
  4.639291;5.922025;8.260916;,
  4.473047;3.924114;8.278896;,
  3.001148;4.152350;6.901495;,
  4.503229;3.240571;9.874448;,
  6.305271;4.891846;13.982869;,
  3.923360;2.913158;14.067238;,
  2.728999;1.146976;14.066888;,
  2.912891;0.268660;7.095776;,
  3.147942;0.170126;9.036940;,
  2.633318;-4.440546;9.011582;,
  1.728945;-4.558650;14.332362;,
  4.183973;-8.656130;14.603336;,
  2.563432;-4.662017;7.474403;,
  5.014188;-8.506744;9.772982;,
  9.643952;-10.637527;10.161783;,
  9.535134;-10.419616;14.894080;,
  5.094195;-9.131856;8.457047;,
  9.775588;-11.145935;8.835368;,
  2.434268;-4.884717;5.772606;,
  5.074875;-9.779673;7.301870;,
  9.847134;-11.511984;7.617666;,
  5.149566;-9.338844;6.113114;,
  9.764212;-11.124174;6.356558;,
  5.319635;-9.510030;4.388130;,
  9.753326;-11.147789;4.501886;,
  5.541766;-9.699468;2.706739;,
  9.754662;-11.043132;2.729321;,
  9.701788;-10.738166;0.051341;,
  5.596450;-9.358658;0.051344;,
  3.687409;-7.675944;0.051347;,
  3.633063;-7.788279;2.568609;,
  5.319635;-9.510030;4.388130;,
  2.518376;-4.476036;2.393202;,
  2.620258;-4.221349;0.051349;,
  2.625691;-3.569379;1.083810;,
  2.538762;-0.804416;0.605117;,
  2.399445;-4.763579;3.870645;,
  2.310696;-0.730618;2.358514;,
  2.565884;2.684749;0.051343;,
  2.067860;-0.496831;3.977114;,
  2.737982;-0.067709;6.091826;,
  1.822421;3.204692;4.069994;,
  1.857244;2.891620;2.379129;,
  2.644425;5.006152;0.051340;,
  1.916869;5.155943;2.412355;,
  2.014392;5.857272;4.149083;;
  454;
  3;0,1,2;,
  3;3,4,5;,
  3;4,6,5;,
  3;6,4,7;,
  3;8,6,7;,
  3;4,3,9;,
  3;6,8,10;,
  3;11,9,3;,
  3;12,10,8;,
  3;9,11,13;,
  3;10,12,14;,
  3;12,15,14;,
  3;16,13,11;,
  3;13,16,17;,
  3;16,18,17;,
  3;18,16,19;,
  3;20,18,19;,
  3;18,20,21;,
  3;22,21,20;,
  3;21,22,23;,
  3;24,25,26;,
  3;25,24,27;,
  3;27,28,25;,
  3;28,27,29;,
  3;30,28,29;,
  3;28,30,31;,
  3;30,32,31;,
  3;32,30,33;,
  3;33,34,32;,
  3;34,33,35;,
  3;35,36,34;,
  3;36,35,37;,
  3;0,36,37;,
  3;36,0,2;,
  3;1,0,38;,
  3;38,39,1;,
  3;39,38,40;,
  3;39,40,41;,
  3;42,43,44;,
  3;43,42,45;,
  3;45,46,47;,
  3;46,45,48;,
  3;48,49,46;,
  3;49,48,50;,
  3;50,51,49;,
  3;45,52,48;,
  3;51,50,53;,
  3;53,54,51;,
  3;48,55,50;,
  3;55,53,50;,
  3;55,48,52;,
  3;54,53,56;,
  3;56,57,54;,
  3;57,56,58;,
  3;56,59,58;,
  3;59,56,60;,
  3;53,60,56;,
  3;60,61,59;,
  3;60,53,62;,
  3;53,55,62;,
  3;61,60,63;,
  3;62,63,60;,
  3;64,61,63;,
  3;61,64,65;,
  3;63,62,66;,
  3;64,63,66;,
  3;55,66,62;,
  3;67,65,64;,
  3;65,67,68;,
  3;67,69,68;,
  3;70,64,66;,
  3;64,70,67;,
  3;69,67,71;,
  3;71,72,69;,
  3;72,71,73;,
  3;67,74,71;,
  3;74,73,71;,
  3;74,67,70;,
  3;73,74,75;,
  3;74,76,75;,
  3;76,74,77;,
  3;74,70,77;,
  3;78,76,77;,
  3;77,79,78;,
  3;70,80,77;,
  3;79,77,80;,
  3;80,70,81;,
  3;66,81,70;,
  3;82,79,80;,
  3;79,82,83;,
  3;80,84,82;,
  3;84,80,81;,
  3;85,83,82;,
  3;84,85,82;,
  3;83,85,86;,
  3;85,87,86;,
  3;87,85,88;,
  3;88,89,87;,
  3;89,88,90;,
  3;90,91,89;,
  3;85,92,88;,
  3;91,90,93;,
  3;88,94,90;,
  3;94,93,90;,
  3;94,88,92;,
  3;95,91,93;,
  3;91,95,96;,
  3;95,97,96;,
  3;97,95,98;,
  3;98,99,97;,
  3;93,100,95;,
  3;100,98,95;,
  3;100,93,101;,
  3;93,94,101;,
  3;102,100,101;,
  3;94,102,101;,
  3;98,100,103;,
  3;102,94,104;,
  3;92,104,94;,
  3;100,102,105;,
  3;105,103,100;,
  3;106,102,104;,
  3;104,92,106;,
  3;102,106,107;,
  3;107,105,102;,
  3;92,108,106;,
  3;108,92,109;,
  3;92,85,109;,
  3;85,84,109;,
  3;84,108,109;,
  3;110,106,108;,
  3;110,107,106;,
  3;108,84,111;,
  3;81,111,84;,
  3;108,112,110;,
  3;112,108,111;,
  3;111,81,113;,
  3;113,81,66;,
  3;66,55,113;,
  3;113,55,111;,
  3;52,111,55;,
  3;111,52,112;,
  3;114,112,52;,
  3;52,45,114;,
  3;42,114,45;,
  3;112,114,115;,
  3;115,110,112;,
  3;110,115,116;,
  3;110,116,107;,
  3;115,117,116;,
  3;117,107,116;,
  3;114,118,115;,
  3;117,115,118;,
  3;118,114,119;,
  3;114,42,119;,
  3;118,120,117;,
  3;119,121,118;,
  3;120,118,121;,
  3;42,122,119;,
  3;121,119,122;,
  3;122,42,123;,
  3;42,124,123;,
  3;125,123,124;,
  3;126,123,125;,
  3;123,126,127;,
  3;123,128,122;,
  3;128,123,127;,
  3;126,129,127;,
  3;129,126,130;,
  3;131,129,130;,
  3;132,127,129;,
  3;127,132,128;,
  3;129,131,133;,
  3;133,132,129;,
  3;134,131,135;,
  3;131,134,133;,
  3;134,136,133;,
  3;132,133,136;,
  3;136,134,137;,
  3;137,138,136;,
  3;138,137,139;,
  3;136,140,132;,
  3;140,136,138;,
  3;132,140,128;,
  3;139,141,138;,
  3;138,141,140;,
  3;141,139,142;,
  3;142,143,141;,
  3;143,142,144;,
  3;144,145,143;,
  3;145,144,146;,
  3;147,145,146;,
  3;145,147,148;,
  3;149,145,148;,
  3;145,149,150;,
  3;151,145,150;,
  3;149,152,150;,
  3;152,149,153;,
  3;154,152,153;,
  3;155,152,154;,
  3;156,151,150;,
  3;156,150,152;,
  3;156,141,151;,
  3;141,156,140;,
  3;152,155,157;,
  3;157,156,152;,
  3;158,157,155;,
  3;159,140,156;,
  3;156,157,159;,
  3;140,159,160;,
  3;140,160,128;,
  3;161,128,160;,
  3;159,161,160;,
  3;161,122,128;,
  3;122,161,121;,
  3;161,159,162;,
  3;157,162,159;,
  3;163,121,161;,
  3;162,163,161;,
  3;121,163,120;,
  3;162,157,164;,
  3;157,158,164;,
  3;165,164,158;,
  3;164,165,166;,
  3;166,162,164;,
  3;99,166,165;,
  3;162,166,167;,
  3;163,162,167;,
  3;166,99,168;,
  3;168,167,166;,
  3;99,98,168;,
  3;103,168,98;,
  3;167,168,169;,
  3;168,103,169;,
  3;169,163,167;,
  3;170,169,103;,
  3;103,105,170;,
  3;163,169,171;,
  3;169,170,171;,
  3;120,163,171;,
  3;172,170,105;,
  3;170,172,171;,
  3;120,171,172;,
  3;105,107,172;,
  3;117,120,172;,
  3;107,117,172;,
  3;173,174,175;,
  3;174,173,176;,
  3;177,176,178;,
  3;176,177,179;,
  3;180,179,177;,
  3;179,180,181;,
  3;182,181,180;,
  3;183,176,179;,
  3;181,182,184;,
  3;185,184,182;,
  3;186,179,181;,
  3;184,186,181;,
  3;179,186,183;,
  3;184,185,187;,
  3;188,187,185;,
  3;187,188,189;,
  3;190,187,189;,
  3;187,190,191;,
  3;191,184,187;,
  3;192,191,190;,
  3;184,191,193;,
  3;186,184,193;,
  3;191,192,194;,
  3;194,193,191;,
  3;192,195,194;,
  3;195,192,196;,
  3;193,194,197;,
  3;195,197,194;,
  3;197,186,193;,
  3;196,198,195;,
  3;198,196,199;,
  3;200,198,199;,
  3;198,200,201;,
  3;202,201,200;,
  3;201,202,203;,
  3;203,204,201;,
  3;198,201,204;,
  3;204,203,205;,
  3;206,204,205;,
  3;204,206,207;,
  3;208,207,206;,
  3;209,207,208;,
  3;204,207,210;,
  3;204,210,198;,
  3;210,195,198;,
  3;195,210,197;,
  3;211,210,207;,
  3;207,209,211;,
  3;197,210,212;,
  3;210,211,212;,
  3;213,197,212;,
  3;186,197,213;,
  3;213,214,186;,
  3;212,214,213;,
  3;214,183,186;,
  3;211,215,212;,
  3;214,212,215;,
  3;209,216,211;,
  3;215,211,216;,
  3;216,209,217;,
  3;217,218,216;,
  3;218,215,216;,
  3;218,217,219;,
  3;220,218,219;,
  3;215,218,221;,
  3;218,220,222;,
  3;223,222,220;,
  3;218,224,221;,
  3;224,218,222;,
  3;225,215,221;,
  3;224,225,221;,
  3;215,225,214;,
  3;225,226,214;,
  3;183,214,226;,
  3;226,225,227;,
  3;226,228,183;,
  3;176,183,228;,
  3;228,174,176;,
  3;228,226,229;,
  3;227,229,226;,
  3;174,228,230;,
  3;231,228,229;,
  3;228,231,230;,
  3;229,227,232;,
  3;229,233,231;,
  3;233,229,232;,
  3;227,234,232;,
  3;234,233,232;,
  3;227,235,234;,
  3;227,225,235;,
  3;225,224,235;,
  3;224,236,235;,
  3;237,235,236;,
  3;235,237,234;,
  3;236,224,238;,
  3;238,237,236;,
  3;222,238,224;,
  3;238,222,239;,
  3;222,223,239;,
  3;240,239,223;,
  3;241,238,239;,
  3;239,240,241;,
  3;238,241,242;,
  3;237,238,242;,
  3;240,243,241;,
  3;243,240,244;,
  3;245,243,244;,
  3;241,246,242;,
  3;246,241,243;,
  3;246,237,242;,
  3;243,245,247;,
  3;247,246,243;,
  3;248,247,245;,
  3;237,246,249;,
  3;249,234,237;,
  3;246,247,250;,
  3;250,249,246;,
  3;234,249,251;,
  3;233,234,251;,
  3;249,250,252;,
  3;252,251,249;,
  3;253,250,247;,
  3;247,248,253;,
  3;254,252,250;,
  3;250,253,254;,
  3;251,252,255;,
  3;252,254,255;,
  3;256,251,255;,
  3;233,251,256;,
  3;256,231,233;,
  3;254,257,255;,
  3;256,255,257;,
  3;231,256,258;,
  3;257,258,256;,
  3;258,230,231;,
  3;230,258,259;,
  3;259,174,230;,
  3;260,259,258;,
  3;258,257,260;,
  3;174,259,261;,
  3;174,261,262;,
  3;263,262,261;,
  3;261,264,263;,
  3;265,261,259;,
  3;259,260,265;,
  3;264,261,266;,
  3;261,265,266;,
  3;267,264,266;,
  3;264,267,268;,
  3;267,269,268;,
  3;266,270,267;,
  3;270,266,265;,
  3;269,267,271;,
  3;270,271,267;,
  3;269,272,273;,
  3;272,269,271;,
  3;274,272,271;,
  3;271,270,274;,
  3;272,274,275;,
  3;276,274,270;,
  3;270,265,276;,
  3;277,275,274;,
  3;274,276,277;,
  3;275,277,278;,
  3;279,278,277;,
  3;277,276,279;,
  3;278,279,280;,
  3;281,280,279;,
  3;280,281,282;,
  3;283,282,281;,
  3;282,283,284;,
  3;283,285,284;,
  3;285,283,286;,
  3;283,287,286;,
  3;287,283,288;,
  3;289,288,283;,
  3;290,287,288;,
  3;287,290,291;,
  3;292,291,290;,
  3;290,293,292;,
  3;294,288,289;,
  3;294,290,288;,
  3;279,294,289;,
  3;294,279,276;,
  3;293,290,295;,
  3;294,295,290;,
  3;295,296,293;,
  3;276,297,294;,
  3;295,294,297;,
  3;297,276,298;,
  3;276,265,298;,
  3;260,298,265;,
  3;260,297,298;,
  3;297,260,299;,
  3;299,295,297;,
  3;257,299,260;,
  3;296,295,300;,
  3;295,299,300;,
  3;300,301,296;,
  3;301,300,302;,
  3;299,302,300;,
  3;302,248,301;,
  3;248,302,253;,
  3;302,299,303;,
  3;303,253,302;,
  3;299,257,303;,
  3;253,303,254;,
  3;257,254,303;;

  MeshNormals {
   304;
   0.675971;-0.002520;-0.736924;,
   -0.587897;-0.347995;-0.730258;,
   -0.682762;0.007165;-0.730606;,
   -0.653084;-0.184372;-0.734499;,
   0.675844;0.098560;-0.730425;,
   -0.650020;0.035177;-0.759102;,
   -0.675971;-0.002520;-0.736924;,
   0.682762;0.007165;-0.730606;,
   0.587897;-0.347995;-0.730258;,
   0.659696;-0.133227;-0.739630;,
   -0.613065;-0.294164;-0.733225;,
   -0.671227;-0.111929;-0.732752;,
   0.300491;-0.590181;-0.749261;,
   0.615620;-0.070993;-0.784839;,
   -0.411868;-0.527569;-0.742991;,
   -0.000802;-0.847824;-0.530277;,
   -0.660097;0.106920;-0.743533;,
   0.593395;0.017371;-0.804724;,
   0.601605;0.245703;-0.760066;,
   -0.611888;0.285312;-0.737692;,
   -0.512055;0.432440;-0.742156;,
   0.345509;0.566880;-0.747844;,
   -0.146405;0.666035;-0.731412;,
   0.101495;0.678003;-0.728018;,
   0.146405;0.666035;-0.731412;,
   -0.345509;0.566880;-0.747844;,
   -0.101495;0.678003;-0.728018;,
   0.512055;0.432440;-0.742156;,
   -0.601605;0.245703;-0.760066;,
   0.611888;0.285312;-0.737692;,
   0.660097;0.106920;-0.743533;,
   -0.593395;0.017371;-0.804724;,
   -0.615620;-0.070993;-0.784839;,
   0.671227;-0.111929;-0.732752;,
   -0.659696;-0.133227;-0.739630;,
   0.653084;-0.184372;-0.734499;,
   -0.675844;0.098560;-0.730425;,
   0.650020;0.035177;-0.759102;,
   0.613065;-0.294164;-0.733225;,
   -0.300491;-0.590181;-0.749261;,
   0.411868;-0.527569;-0.742991;,
   0.000802;-0.847824;-0.530277;,
   0.141978;0.987099;0.074016;,
   -0.187728;0.971333;-0.145844;,
   0.330342;0.930661;-0.157303;,
   -0.328021;0.939358;0.100041;,
   -0.695917;0.717679;-0.025238;,
   -0.187728;0.971333;-0.145844;,
   -0.785845;0.610650;0.097751;,
   -0.927015;0.372189;0.046025;,
   -0.969682;0.244031;-0.012873;,
   -0.981719;-0.189981;0.011652;,
   -0.688337;0.317275;0.652326;,
   -0.966768;-0.253712;0.031457;,
   -0.715242;-0.697671;-0.041036;,
   -0.949382;0.148201;0.276966;,
   -0.661696;-0.740823;0.115498;,
   -0.045345;-0.998834;-0.016590;,
   0.142666;-0.986624;0.078868;,
   -0.022130;-0.928038;0.371827;,
   -0.755906;-0.576104;0.310984;,
   -0.049034;-0.998476;-0.025330;,
   -0.965534;-0.199711;0.166910;,
   -0.812413;-0.570124;0.122244;,
   -0.741252;-0.669866;-0.042719;,
   0.004218;-0.997952;-0.063831;,
   -0.970138;-0.190994;0.149508;,
   -0.612058;-0.790629;0.017047;,
   0.060131;-0.998176;-0.005335;,
   -0.058643;-0.995907;-0.068779;,
   -0.946741;-0.320762;0.028171;,
   -0.472273;-0.877757;-0.080624;,
   -0.000802;-0.847824;-0.530277;,
   -0.411868;-0.527569;-0.742991;,
   -0.894901;-0.443560;-0.049065;,
   -0.613065;-0.294164;-0.733225;,
   -0.675971;-0.002520;-0.736924;,
   -0.966364;-0.207731;-0.151616;,
   -0.650020;0.035177;-0.759102;,
   -0.653084;-0.184372;-0.734499;,
   -0.987097;-0.092915;-0.130407;,
   -0.968337;-0.063156;0.241525;,
   -0.993658;-0.058627;-0.095954;,
   -0.671227;-0.111929;-0.732752;,
   -0.979013;0.006562;0.203692;,
   -0.980059;0.170702;-0.101707;,
   -0.660097;0.106920;-0.743533;,
   -0.611888;0.285312;-0.737692;,
   -0.878753;0.462577;-0.117541;,
   -0.512055;0.432440;-0.742156;,
   -0.641348;0.760486;-0.101652;,
   -0.146405;0.666035;-0.731412;,
   -0.876966;0.471482;0.092923;,
   -0.203229;0.976364;-0.073564;,
   -0.646934;0.761953;-0.030088;,
   0.142472;0.987104;-0.072993;,
   0.101495;0.678003;-0.728018;,
   0.345509;0.566880;-0.747844;,
   0.653443;0.748324;-0.114123;,
   0.601605;0.245703;-0.760066;,
   0.107526;0.992844;0.051947;,
   -0.201160;0.976953;0.071397;,
   -0.207488;0.902615;0.377140;,
   0.602426;0.798059;0.013604;,
   -0.627653;0.730151;0.270056;,
   0.093932;0.904928;0.415068;,
   -0.563939;0.679140;0.469832;,
   -0.117053;0.763725;0.634841;,
   -0.815594;0.333923;0.472548;,
   -0.940230;0.253382;0.227519;,
   -0.382628;0.538013;0.751091;,
   -0.841735;0.008881;0.539818;,
   -0.459776;0.209129;0.863059;,
   -0.942405;0.002174;0.334466;,
   -0.144621;0.648867;0.747032;,
   -0.082112;0.356292;0.930760;,
   -0.069879;0.545987;0.834875;,
   0.032355;0.548958;0.835223;,
   0.086472;0.333462;0.938790;,
   0.227295;0.592825;0.772590;,
   0.433316;0.515667;0.739138;,
   0.551542;0.194807;0.811080;,
   0.720601;0.359905;0.592623;,
   0.788858;0.614212;-0.021142;,
   0.330342;0.930661;-0.157303;,
   0.763837;0.642526;-0.060940;,
   0.961833;0.268172;-0.054422;,
   0.974083;0.221685;-0.044919;,
   0.960170;0.152062;0.234417;,
   0.974388;-0.185152;-0.127621;,
   0.987599;-0.138834;-0.073297;,
   0.608411;-0.784094;-0.122610;,
   0.975396;-0.191436;0.109336;,
   0.689890;-0.723592;-0.021615;,
   0.142666;-0.986624;0.078868;,
   -0.045345;-0.998834;-0.016590;,
   0.690426;-0.665655;0.283223;,
   -0.022130;-0.928038;0.371827;,
   0.620885;-0.778506;0.091821;,
   -0.049034;-0.998476;-0.025330;,
   0.965660;-0.242438;0.093404;,
   0.655509;-0.745295;-0.121833;,
   0.004218;-0.997952;-0.063831;,
   0.609311;-0.788908;0.079780;,
   0.060131;-0.998176;-0.005335;,
   0.443167;-0.893916;-0.067220;,
   -0.058643;-0.995907;-0.068779;,
   -0.000802;-0.847824;-0.530277;,
   0.300491;-0.590181;-0.749261;,
   0.587897;-0.347995;-0.730258;,
   0.861615;-0.505388;0.046933;,
   0.609311;-0.788908;0.079780;,
