xof 0303txt 0032
template ColorRGBA {
 <35ff44e0-6c7c-11cf-8f52-0040333594a3>
 FLOAT red;
 FLOAT green;
 FLOAT blue;
 FLOAT alpha;
}

template ColorRGB {
 <d3e16e81-7835-11cf-8f52-0040333594a3>
 FLOAT red;
 FLOAT green;
 FLOAT blue;
}

template Material {
 <3d82ab4d-62da-11cf-ab39-0020af71e433>
 ColorRGBA faceColor;
 FLOAT power;
 ColorRGB specularColor;
 ColorRGB emissiveColor;
 [...]
}

template TextureFilename {
 <a42790e1-7810-11cf-8f52-0040333594a3>
 STRING filename;
}

template Frame {
 <3d82ab46-62da-11cf-ab39-0020af71e433>
 [...]
}

template Matrix4x4 {
 <f6f23f45-7686-11cf-8f52-0040333594a3>
 array FLOAT matrix[16];
}

template FrameTransformMatrix {
 <f6f23f41-7686-11cf-8f52-0040333594a3>
 Matrix4x4 frameMatrix;
}

template Vector {
 <3d82ab5e-62da-11cf-ab39-0020af71e433>
 FLOAT x;
 FLOAT y;
 FLOAT z;
}

template MeshFace {
 <3d82ab5f-62da-11cf-ab39-0020af71e433>
 DWORD nFaceVertexIndices;
 array DWORD faceVertexIndices[nFaceVertexIndices];
}

template Mesh {
 <3d82ab44-62da-11cf-ab39-0020af71e433>
 DWORD nVertices;
 array Vector vertices[nVertices];
 DWORD nFaces;
 array MeshFace faces[nFaces];
 [...]
}

template MeshNormals {
 <f6f23f43-7686-11cf-8f52-0040333594a3>
 DWORD nNormals;
 array Vector normals[nNormals];
 DWORD nFaceNormals;
 array MeshFace faceNormals[nFaceNormals];
}

template MeshMaterialList {
 <f6f23f42-7686-11cf-8f52-0040333594a3>
 DWORD nMaterials;
 DWORD nFaceIndexes;
 array DWORD faceIndexes[nFaceIndexes];
 [Material <3d82ab4d-62da-11cf-ab39-0020af71e433>]
}

template Coords2d {
 <f6f23f44-7686-11cf-8f52-0040333594a3>
 FLOAT u;
 FLOAT v;
}

template MeshTextureCoords {
 <f6f23f40-7686-11cf-8f52-0040333594a3>
 DWORD nTextureCoords;
 array Coords2d textureCoords[nTextureCoords];
}

template XSkinMeshHeader {
 <3cf169ce-ff7c-44ab-93c0-f78f62d172e2>
 WORD nMaxSkinWeightsPerVertex;
 WORD nMaxSkinWeightsPerFace;
 WORD nBones;
}

template SkinWeights {
 <6f0d123b-bad2-4167-a0d0-80224f25fabb>
 STRING transformNodeName;
 DWORD nWeights;
 array DWORD vertexIndices[nWeights];
 array FLOAT weights[nWeights];
 Matrix4x4 matrixOffset;
}

template AnimTicksPerSecond {
 <9e415a43-7ba6-4a73-8743-b73d47e88476>
 DWORD AnimTicksPerSecond;
}

template Animation {
 <3d82ab4f-62da-11cf-ab39-0020af71e433>
 [...]
}

template AnimationSet {
 <3d82ab50-62da-11cf-ab39-0020af71e433>
 [Animation <3d82ab4f-62da-11cf-ab39-0020af71e433>]
}

template FloatKeys {
 <10dd46a9-775b-11cf-8f52-0040333594a3>
 DWORD nValues;
 array FLOAT values[nValues];
}

template TimedFloatKeys {
 <f406b180-7b3b-11cf-8f52-0040333594a3>
 DWORD time;
 FloatKeys tfkeys;
}

template AnimationKey {
 <10dd46a8-775b-11cf-8f52-0040333594a3>
 DWORD keyType;
 DWORD nKeys;
 array TimedFloatKeys keys[nKeys];
}


Material Material__72176_250 {
 1.000000;1.000000;1.000000;1.000000;;
 43.219280;
 0.020000;0.020000;0.020000;;
 0.000000;0.000000;0.000000;;

 TextureFilename {
  "11700071_C_CatSlipper_D.dds";
 }
}

Material Standard_7_266 {
 1.000000;1.000000;1.000000;1.000000;;
 43.219280;
 0.020000;0.020000;0.020000;;
 0.000000;0.000000;0.000000;;

 TextureFilename {
  "F_Skin_body_D.dds";
 }
}

Frame Scene_Root {
 

 FrameTransformMatrix {
  0.393701,0.000000,0.000000,0.000000,0.000000,-0.000000,-0.393701,0.000000,0.000000,0.393701,-0.000000,0.000000,0.000000,0.000000,0.000000,1.000000;;
 }

 Frame Bip01 {
  

  FrameTransformMatrix {
   0.000001,0.997564,-0.069757,0.000000,-1.000000,0.000001,-0.000000,0.000000,0.000000,0.069757,0.997564,0.000000,0.000000,1.527915,43.145398,1.000000;;
  }

  Frame Bip01_Footsteps {
   

   FrameTransformMatrix {
    0.000002,-1.000000,0.000000,0.000000,0.997564,0.000002,0.069757,0.000000,-0.069757,-0.000000,0.997564,0.000000,3.011114,0.000004,-43.060326,1.000000;;
   }
  }

  Frame Bip01_Pelvis {
   

   FrameTransformMatrix {
    0.000001,-0.000000,1.000000,0.000000,-1.000000,0.000001,0.000001,0.000000,-0.000001,-1.000000,-0.000000,0.000000,0.000000,0.000000,0.000000,1.000000;;
   }

   Frame Bip01_Spine {
    

    FrameTransformMatrix {
     0.999999,-0.001017,0.000001,0.000000,0.001017,0.999999,0.000004,0.000000,-0.000001,-0.000004,1.000000,0.000000,3.648819,0.087648,0.000006,1.000000;;
    }

    Frame Bip01_Spine1 {
     

     FrameTransformMatrix {
      0.993338,0.115232,-0.000000,0.000000,-0.115232,0.993339,0.000000,0.000000,0.000000,-0.000000,1.000000,0.000000,8.606411,0.007721,-0.000000,1.000000;;
     }

     Frame Bip01_Spine2 {
      

      FrameTransformMatrix {
       0.993176,0.116629,-0.000000,0.000000,-0.116629,0.993176,0.000000,0.000000,0.000000,-0.000000,1.000000,0.000000,9.761890,0.009832,-0.000000,1.000000;;
      }

      Frame Bip01_Neck {
       

       FrameTransformMatrix {
        0.967538,-0.252726,0.000001,0.000000,0.252726,0.967538,0.000000,0.000000,-0.000001,0.000000,1.000000,0.000000,12.207958,-0.363331,0.000003,1.000000;;
       }

       Frame Bip01_Head {
        

        FrameTransformMatrix {
         0.995689,0.092758,-0.000000,0.000000,-0.092758,0.995689,0.000000,0.000000,0.000000,-0.000000,1.000000,0.000000,3.164185,0.777052,-0.000000,1.000000;;
        }

        Frame Bip01_HeadNub {
         

         FrameTransformMatrix {
          1.000000,0.000000,-0.000000,0.000000,-0.000000,1.000000,0.000000,0.000000,0.000000,-0.000000,1.000000,0.000000,54.433946,0.000000,-0.000001,1.000000;;
         }
        }
       }

       Frame Bip01_L_Clavicle {
        

        FrameTransformMatrix {
         -0.352692,0.012017,0.935662,0.000000,0.252031,-0.961746,0.107353,0.000000,0.901159,0.273679,0.336172,0.000000,-2.653053,0.600207,3.128576,1.000000;;
        }

        Frame Bip01_L_UpperArm {
         

         FrameTransformMatrix {
          0.866962,-0.069581,-0.493494,0.000000,-0.053550,0.971468,-0.231048,0.000000,0.495490,0.226737,0.838499,0.000000,7.154713,-0.000003,-0.000000,1.000000;;
         }

         Frame Bip01_L_Forearm {
          

          FrameTransformMatrix {
           0.999999,0.001452,0.000000,0.000000,-0.001452,0.999999,-0.000000,0.000000,0.000000,0.000000,1.000000,0.000000,16.099011,0.000001,0.000000,1.000000;;
          }

          Frame Bip01_L_Hand {
           

           FrameTransformMatrix {
            0.999148,-0.032013,0.026073,0.000000,-0.027134,-0.033162,0.999081,0.000000,-0.031119,-0.998937,-0.034003,0.000000,12.943914,0.000001,0.000000,1.000000;;
           }

           Frame Bip01_L_Finger0 {
            

            FrameTransformMatrix {
             0.981800,-0.074643,-0.174631,0.000000,-0.174833,0.003875,-0.984590,0.000000,0.074170,0.997202,-0.009246,0.000000,4.322175,-4.277770,-6.136324,1.000000;;
            }

            Frame Bip01_L_Finger01 {
             

             FrameTransformMatrix {
              0.999998,-0.002208,0.000000,0.000000,0.002208,0.999998,-0.000000,0.000000,0.000000,0.000000,1.000000,0.000000,6.608994,-0.000007,0.000004,1.000000;;
             }
            }
           }

           Frame Bip01_L_Finger1 {
            

            FrameTransformMatrix {
             0.992189,-0.112543,-0.053813,0.000000,0.105735,0.987610,-0.115963,0.000000,0.066197,0.109367,0.991794,0.000000,11.958144,2.024227,-4.583302,1.000000;;
            }

            Frame Bip01_L_Finger11 {
             

             FrameTransformMatrix {
              0.990427,-0.138034,0.000000,0.000000,0.138034,0.990427,0.000000,0.000000,-0.000000,-0.000000,1.000000,0.000000,4.403211,0.000000,0.000000,1.000000;;
             }
            }
           }

           Frame Bip01_L_Finger2 {
            

            FrameTransformMatrix {
             0.993599,-0.109862,-0.026287,0.000000,0.110777,0.993181,0.036322,0.000000,0.022117,-0.039001,0.998994,0.000000,11.784317,2.239700,-1.185587,1.000000;;
            }

            Frame Bip01_L_Finger21 {
             

             FrameTransformMatrix {
              0.983065,-0.183259,-0.000000,0.000000,0.183259,0.983065,0.000000,0.000000,0.000000,-0.000000,1.000000,0.000000,4.551600,0.000008,0.000000,1.000000;;
             }
            }
           }

           Frame Bip01_L_Finger3 {
            

            FrameTransformMatrix {
             0.975448,-0.219970,-0.010652,0.000000,0.220151,0.972699,0.073417,0.000000,-0.005789,-0.073960,0.997244,0.000000,11.642550,1.682323,2.134612,1.000000;;
            }

            Frame Bip01_L_Finger31 {
             

             FrameTransformMatrix {
              0.988456,-0.151510,-0.000000,0.000000,0.151510,0.988456,0.000000,0.000000,0.000000,-0.000000,1.000000,0.000000,3.923152,0.000000,0.000000,1.000000;;
             }
            }
           }

           Frame Bip01_L_Finger4 {
            

            FrameTransformMatrix {
             0.965148,-0.260236,0.027674,0.000000,0.255937,0.960666,0.107777,0.000000,-0.054633,-0.096938,0.993789,0.000000,11.592446,1.297138,4.984823,1.000000;;
            }

            Frame Bip01_L_Finger41 {
             

             FrameTransformMatrix {
              0.950845,-0.309668,-0.000000,0.000000,0.309667,0.950845,-0.000000,0.000000,0.000000,0.000000,1.000000,0.000000,3.433453,0.000008,0.000000,1.000000;;
             }
            }
           }

           Frame Weapon_Hand_L_Point {
            

            FrameTransformMatrix {
             0.031765,-0.100532,0.994427,0.000000,0.997954,-0.052045,-0.037139,0.000000,0.055489,0.993572,0.098673,0.000000,11.053598,-2.077042,-0.434262,1.000000;;
            }
           }
          }
         }

         Frame Bip01_L_ForeTwist {
          

          FrameTransformMatrix {
           0.999999,0.001452,0.000000,0.000000,-0.001452,0.999935,0.011342,0.000000,0.000016,-0.011342,0.999936,0.000000,16.099011,0.000001,0.000000,1.000000;;
          }

          Frame Bip01_L_ForeTwist1 {
           

           FrameTransformMatrix {
            1.000000,0.000000,-0.000000,0.000000,-0.000000,0.999936,0.011342,0.000000,0.000000,-0.011342,0.999936,0.000000,6.471960,0.000000,-0.000008,1.000000;;
           }
          }
         }
        }
       }

       Frame Bip01_R_Clavicle {
        

        FrameTransformMatrix {
         -0.352692,0.012011,-0.935662,0.000000,0.252031,-0.961747,-0.107348,0.000000,-0.901159,-0.273677,0.336173,0.000000,-2.653076,0.600190,-3.128585,1.000000;;
        }

        Frame Bip01_R_UpperArm {
         

         FrameTransformMatrix {
          0.866961,-0.069581,0.493494,0.000000,-0.053550,0.971467,0.231048,0.000000,-0.495490,-0.226737,0.838499,0.000000,7.154707,0.000002,0.000000,1.000000;;
         }

         Frame Bip01_R_Forearm {
          

          FrameTransformMatrix {
           0.999999,0.001452,-0.000000,0.000000,-0.001452,0.999999,-0.000000,0.000000,0.000000,0.000000,1.000000,0.000000,16.098979,0.000001,0.000000,1.000000;;
          }

          Frame Bip01_R_Hand {
           

           FrameTransformMatrix {
            0.999147,-0.032013,-0.026073,0.000000,-0.027134,-0.033162,-0.999082,0.000000,0.031119,0.998937,-0.034003,0.000000,12.943894,0.000000,-0.000004,1.000000;;
           }

           Frame Bip01_R_Finger0 {
            

            FrameTransformMatrix {
             0.981800,-0.074643,0.174632,0.000000,-0.174833,0.003875,0.984591,0.000000,-0.074170,-0.997203,-0.009246,0.000000,4.322171,-4.277775,6.136324,1.000000;;
            }

            Frame Bip01_R_Finger01 {
             

             FrameTransformMatrix {
              0.999997,-0.002208,-0.000000,0.000000,0.002208,0.999998,0.000000,0.000000,0.000000,-0.000000,1.000000,0.000000,6.608988,-0.000005,-0.000000,1.000000;;
             }
            }
           }

           Frame Bip01_R_Finger1 {
            

            FrameTransformMatrix {
             0.992188,-0.112543,0.053813,0.000000,0.105735,0.987610,0.115963,0.000000,-0.066197,-0.109367,0.991795,0.000000,11.958153,2.024223,4.583302,1.000000;;
            }

            Frame Bip01_R_Finger11 {
             

             FrameTransformMatrix {
              0.990427,-0.138034,0.000000,0.000000,0.138034,0.990428,-0.000000,0.000000,-0.000000,0.000000,1.000000,0.000000,4.403206,0.000004,-0.000002,1.000000;;
             }
            }
           }

           Frame Bip01_R_Finger2 {
            

            FrameTransformMatrix {
             0.993599,-0.109862,0.026287,0.000000,0.110777,0.993182,-0.036322,0.000000,-0.022117,0.039001,0.998994,0.000000,11.784312,2.239693,1.185587,1.000000;;
            }

            Frame Bip01_R_Finger21 {
             

             FrameTransformMatrix {
              0.983064,-0.183259,0.000000,0.000000,0.183259,0.983065,0.000000,0.000000,-0.000000,-0.000000,1.000000,0.000000,4.551596,-0.000015,-0.000000,1.000000;;
             }
            }
           }

           Frame Bip01_R_Finger3 {
            

            FrameTransformMatrix {
             0.975448,-0.219970,0.010652,0.000000,0.220151,0.972699,-0.073417,0.000000,0.005789,0.073960,0.997245,0.000000,11.642551,1.682320,-2.134613,1.000000;;
            }

            Frame Bip01_R_Finger31 {
             

             FrameTransformMatrix {
              0.988455,-0.151510,0.000000,0.000000,0.151510,0.988456,0.000000,0.000000,-0.000000,-0.000000,1.000000,0.000000,3.923155,0.000015,-0.000000,1.000000;;
             }
            }
           }

           Frame Bip01_R_Finger4 {
            

            FrameTransformMatrix {
             0.965148,-0.260236,-0.027674,0.000000,0.255937,0.960667,-0.107777,0.000000,0.054633,0.096938,0.993790,0.000000,11.592437,1.297139,-4.984824,1.000000;;
            }

            Frame Bip01_R_Finger41 {
             

             FrameTransformMatrix {
              0.950845,-0.309668,-0.000000,0.000000,0.309668,0.950845,0.000000,0.000000,-0.000000,-0.000000,1.000000,0.000000,3.433451,0.000011,0.000001,1.000000;;
             }
            }
           }

           Frame Weapon_Hand_R_Point {
            

            FrameTransformMatrix {
             -0.066572,0.102286,0.992525,0.000000,0.996237,-0.048502,0.071820,0.000000,0.055486,0.993572,-0.098672,0.000000,11.053572,-2.077049,0.434246,1.000000;;
            }
           }
          }
         }

         Frame Bip01_R_ForeTwist {
          

          FrameTransformMatrix {
           0.999999,0.001452,-0.000000,0.000000,-0.001452,0.999935,-0.011342,0.000000,-0.000016,0.011342,0.999936,0.000000,16.098979,0.000001,0.000000,1.000000;;
          }

          Frame Bip01_R_ForeTwist1 {
           

           FrameTransformMatrix {
            1.000000,0.000000,-0.000000,0.000000,-0.000000,0.999936,-0.011342,0.000000,-0.000000,0.011342,0.999936,0.000000,6.471956,0.000000,-0.000008,1.000000;;
           }
          }
         }
        }
       }
      }
     }

     Frame Weapon_Back_R_Point {
      

      FrameTransformMatrix {
       -0.126066,-0.986694,0.102681,0.000000,-0.473971,0.150837,0.867525,0.000000,-0.871469,0.060697,-0.486680,0.000000,22.106290,8.777389,-28.850067,1.000000;;
      }
     }

     Frame Weapon_Back_B_Point {
      

      FrameTransformMatrix {
       -0.020807,-0.996061,0.086193,0.000000,0.646766,0.052332,0.760891,0.000000,-0.762405,0.071578,0.643130,0.000000,6.591152,15.335430,3.548436,1.000000;;
      }
     }
    }
   }

   Frame Bip01_L_Thigh {
    

    FrameTransformMatrix {
     -0.996421,0.067699,0.050614,0.000000,0.067412,0.997698,-0.007358,0.000000,-0.050996,-0.003919,-0.998692,0.000000,-0.000008,-0.000013,7.749222,1.000000;;
    }

    Frame Bip01_L_Calf {
     

     FrameTransformMatrix {
      0.999628,0.027315,-0.000000,0.000000,-0.027315,0.999627,-0.000000,0.000000,0.000000,0.000000,1.000001,0.000000,20.567846,0.000000,-0.000001,1.000000;;
     }

     Frame Bip01_L_Foot {
      

      FrameTransformMatrix {
       0.985298,-0.163264,0.050339,0.000000,0.162268,0.986472,0.023295,0.000000,-0.053461,-0.014784,0.998461,0.000000,13.299996,-0.000000,-0.000000,1.000000;;
      }

      Frame Bip01_L_Toe0 {
       

       FrameTransformMatrix {
        -0.000000,-1.000000,-0.000000,0.000000,1.000001,-0.000000,-0.000000,0.000000,0.000000,-0.000000,1.000001,0.000000,9.715666,-7.950623,-0.000002,1.000000;;
       }
      }
     }

     Frame L_Calf_Point01 {
      

      FrameTransformMatrix {
       0.985106,-0.164333,0.050615,0.000000,0.163331,0.986295,0.023365,0.000000,-0.053761,-0.014750,0.998446,0.000000,12.278660,-0.074271,-1.656631,1.000000;;
      }
     }
    }
   }

   Frame Bip01_R_Thigh {
    

    FrameTransformMatrix {
     -0.996421,0.067700,-0.050617,0.000000,0.067413,0.997698,0.007361,0.000000,0.050999,0.003922,-0.998691,0.000000,0.000011,0.000009,-7.749222,1.000000;;
    }

    Frame Bip01_R_Calf {
     

     FrameTransformMatrix {
      0.999627,0.027315,-0.000000,0.000000,-0.027315,0.999627,-0.000000,0.000000,0.000000,0.000000,1.000000,0.000000,20.567826,-0.000000,0.000001,1.000000;;
     }

     Frame Bip01_R_Foot {
      

      FrameTransformMatrix {
       0.985298,-0.163264,-0.050339,0.000000,0.162268,0.986472,-0.023295,0.000000,0.053461,0.014784,0.998461,0.000000,13.299989,-0.000001,-0.000000,1.000000;;
      }

      Frame Bip01_R_Toe0 {
       

       FrameTransformMatrix {
        -0.000000,-1.000000,0.000000,0.000000,1.000000,-0.000000,-0.000000,0.000000,0.000000,0.000000,1.000000,0.000000,9.715659,-7.950623,-0.000000,1.000000;;
       }
      }
     }

     Frame R_Calf_Point01 {
      

      FrameTransformMatrix {
       0.985277,-0.163296,-0.050628,0.000000,0.162299,0.986468,-0.023257,0.000000,0.053740,0.014697,0.998447,0.000000,12.277331,-0.074044,1.630356,1.000000;;
      }
     }
    }
   }

   Frame Weapon_Side_R_Point {
    

    FrameTransformMatrix {
     0.375118,-0.025884,-0.926616,0.000000,-0.398265,0.898149,-0.186316,0.000000,0.837061,0.438929,0.326603,0.000000,4.754982,-9.728017,-14.996736,1.000000;;
    }
   }

   Frame Weapon_Side_L_Point {
    

    FrameTransformMatrix {
     -0.396963,0.013947,-0.917728,0.000000,-0.396286,0.899279,0.185080,0.000000,0.827875,0.437153,-0.351454,0.000000,4.843651,-9.796758,15.171016,1.000000;;
    }
   }
  }

  Frame EFF_Lock_D {
   

   FrameTransformMatrix {
    0.997581,0.000000,0.069521,0.000000,-0.000000,1.000000,0.000000,0.000000,-0.069521,-0.000000,0.997580,0.000000,1.485519,0.000002,-43.146867,1.000000;;
   }
  }

  Frame Move_Link_D {
   

   FrameTransformMatrix {
    0.997564,-0.000000,0.069757,0.000000,0.000000,1.000000,-0.000000,0.000000,-0.069757,0.000000,0.997564,0.000000,0.598068,0.000001,-8.552654,1.000000;;
   }

   Frame EFF_Move_D {
    

    FrameTransformMatrix {
     1.000000,0.000001,-0.000000,0.000000,-0.000001,1.000000,0.000000,0.000000,0.000000,-0.000000,1.000000,0.000000,-1.706174,0.013154,-34.571846,1.000000;;
    }
   }
  }

  Frame SATA9NI_Bone01 {
   

   FrameTransformMatrix {
    0.043110,-0.000337,-0.999070,0.000000,0.999070,-0.000001,0.043110,0.000000,-0.000016,-1.000000,0.000337,0.000000,-1.034301,0.013151,-0.145493,1.000000;;
   }
  }

  Frame SATA9NI_Lock_Dummy01 {
   

   FrameTransformMatrix {
    0.000001,-1.000000,0.000000,0.000000,0.997564,0.000001,0.069757,0.000000,-0.069757,-0.000000,0.997564,0.000000,1.485519,0.000002,-43.146867,1.000000;;
   }
  }

  Frame SATA9NI_Link_Point02 {
   

   FrameTransformMatrix {
    -0.997564,-0.000001,-0.069757,0.000000,0.069757,0.000000,-0.997564,0.000000,0.000001,-1.000000,-0.000000,0.000000,0.647019,0.000002,-39.109933,1.000000;;
   }
  }
 }

 Frame SH {
  

  FrameTransformMatrix {
   1.000000,0.000000,0.000000,0.000000,0.000000,1.000000,0.000000,0.000000,0.000000,0.000000,1.000000,0.000000,0.000000,0.000000,0.000000,1.000000;;
  }
 }

 Frame SH_Skin {
  

  FrameTransformMatrix {
   1.000000,0.000000,0.000000,0.000000,0.000000,1.000000,0.000000,0.000000,0.000000,0.000000,1.000000,0.000000,0.000000,0.000000,0.000000,1.000000;;
  }
 }
}

Frame SH_ {
 

 FrameTransformMatrix {
  0.393701,0.000000,0.000000,0.000000,0.000000,-0.000000,-0.393701,0.000000,0.000000,0.393701,-0.000000,0.000000,0.000000,0.000000,0.000000,1.000000;;
 }

 Mesh SH_ {
  338;
  3.056929;-2.165626;0.023077;,
  17.135646;2.730862;0.023067;,
  16.947005;-2.165678;0.023053;,
  -17.135643;2.730864;0.023087;,
  -3.056930;-2.165622;0.023097;,
  -16.947003;-2.165676;0.023073;,
  2.783136;-7.078245;0.023078;,
  16.947005;-2.165678;0.023053;,
  15.853995;-7.080861;0.023083;,
  -16.947003;-2.165676;0.023073;,
  -2.783136;-7.078242;0.023098;,
  -15.853992;-7.080858;0.023102;,
  17.135646;2.730862;0.023067;,
  3.056929;-2.165626;0.023077;,
  2.510935;2.732598;0.023043;,
  16.947005;-2.165678;0.023053;,
  2.783136;-7.078245;0.023078;,
  3.056929;-2.165626;0.023077;,
  -2.783136;-7.078242;0.023098;,
  -16.947003;-2.165676;0.023073;,
  -3.056930;-2.165622;0.023097;,
  -3.056930;-2.165622;0.023097;,
  -17.135643;2.730864;0.023087;,
  -2.510937;2.732602;0.023064;,
  2.259923;5.835763;0.023076;,
  15.391387;9.103502;0.023078;,
  16.796214;5.825190;0.023072;,
  17.135646;2.730862;0.023067;,
  2.259923;5.835763;0.023076;,
  16.796214;5.825190;0.023072;,
  -15.391386;9.103503;0.023099;,
  -2.259926;5.835767;0.023097;,
  -16.796211;5.825192;0.023093;,
  -2.259926;5.835767;0.023097;,
  -17.135643;2.730864;0.023087;,
  -16.796211;5.825192;0.023093;,
  2.259923;5.835763;0.023076;,
  17.135646;2.730862;0.023067;,
  2.510935;2.732598;0.023043;,
  15.853995;-7.080861;0.023083;,
  4.522083;-9.858945;0.023065;,
  2.783136;-7.078245;0.023078;,
  -15.853992;-7.080858;0.023102;,
  -2.783136;-7.078242;0.023098;,
  -4.522082;-9.858943;0.023085;,
  15.391387;9.103502;0.023078;,
  2.259923;5.835763;0.023076;,
  3.537418;9.308051;0.023081;,
  -17.135643;2.730864;0.023087;,
  -2.259926;5.835767;0.023097;,
  -2.510937;2.732602;0.023064;,
  15.853995;-7.080861;0.023083;,
  9.095765;-11.146305;0.023063;,
  4.522083;-9.858945;0.023065;,
  -15.853992;-7.080858;0.023102;,
  -4.522082;-9.858943;0.023085;,
  -9.095763;-11.146303;0.023082;,
  -2.259926;5.835767;0.023097;,
  -15.391386;9.103503;0.023099;,
  -3.537421;9.308055;0.023102;,
  3.537418;9.308051;0.023081;,
  11.919626;11.226911;0.023077;,
  15.391387;9.103502;0.023078;,
  -11.919624;11.226914;0.023097;,
  -3.537421;9.308055;0.023102;,
  -15.391386;9.103503;0.023099;,
  15.853995;-7.080861;0.023083;,
  13.884334;-9.859267;0.023061;,
  9.095765;-11.146305;0.023063;,
  -15.853992;-7.080858;0.023102;,
  -9.095763;-11.146303;0.023082;,
  -13.884331;-9.859266;0.023081;,
  11.919626;11.226911;0.023077;,
  3.537418;9.308051;0.023081;,
  6.679946;11.225443;0.023078;,
  -3.537421;9.308055;0.023102;,
  -11.919624;11.226914;0.023097;,
  -6.679947;11.225446;0.023099;,
  6.512638;5.576635;11.829092;,
  5.103968;3.779873;11.013722;,
  6.798662;4.222186;11.720810;,
  4.965925;6.005489;11.268418;,
  6.366942;8.335607;10.462556;,
  3.573362;3.746076;12.310562;,
  2.502738;2.859004;11.514358;,
  3.603288;2.548121;9.781396;,
  1.813482;3.635718;12.868338;,
  1.363837;3.265461;10.819528;,
  1.527940;2.614272;7.953177;,
  3.648012;5.548496;12.481818;,
  1.441395;4.985736;13.395314;,
  1.040462;4.778290;10.627218;,
  2.503984;5.364879;11.092157;,
  1.164187;4.878936;7.909585;,
  3.257635;5.757051;9.886742;,
  1.594945;6.092064;7.629928;,
  0.792704;3.100237;4.722742;,
  0.885417;2.477291;4.828463;,
  1.063712;2.634904;2.341305;,
  0.810887;5.872491;4.768607;,
  1.014304;5.872577;2.363521;,
  1.975897;8.407917;7.358320;,
  6.526595;9.948464;8.371732;,
  6.486848;11.366035;7.076438;,
  2.489824;9.771644;4.804574;,
  6.467042;12.271930;4.790734;,
  2.601841;9.959539;2.394256;,
  6.556716;12.290170;2.395320;,
  -5.103970;3.779876;11.013738;,
  -6.512638;5.576639;11.829107;,
  -6.798662;4.222188;11.720824;,
  -4.965926;6.005492;11.268434;,
  -6.366944;8.335611;10.462573;,
  -3.573363;3.746078;12.310575;,
  -2.502739;2.859008;11.514374;,
  -3.603289;2.548125;9.781413;,
  -1.813483;3.635722;12.868354;,
  -1.363839;3.265464;10.819544;,
  -1.527942;2.614275;7.953194;,
  -3.648013;5.548499;12.481830;,
  -1.441397;4.985739;13.395327;,
  -2.503987;5.364883;11.092173;,
  -1.040465;4.778294;10.627235;,
  -3.257637;5.757054;9.886759;,
  -1.164190;4.878941;7.909603;,
  -1.594948;6.092069;7.629946;,
  -0.792707;3.100241;4.722762;,
  -0.885419;2.477295;4.828482;,
  -1.063714;2.634908;2.341325;,
  -0.810891;5.872495;4.768626;,
  -1.014308;5.872582;2.363541;,
  -1.975901;8.407921;7.358338;,
  -6.526596;9.948468;8.371749;,
  -6.486850;11.366038;7.076455;,
  -2.489827;9.771647;4.804593;,
  -6.467045;12.271934;4.790752;,
  -2.601845;9.959544;2.394276;,
  -6.556717;12.290174;2.395339;,
  17.543899;-2.117592;4.394520;,
  18.120816;2.676884;2.399122;,
  18.014179;2.457742;4.863289;,
  0.885417;2.477291;4.828463;,
  17.531982;-2.166859;2.446121;,
  1.561307;-2.119408;4.394318;,
  1.063712;2.634904;2.341305;,
  2.201693;-2.166739;2.447799;,
  1.834474;-7.246733;2.446956;,
  16.663933;-7.176926;4.394300;,
  16.606454;-7.249522;2.446881;,
  14.206339;-10.217333;2.446028;,
  1.527737;-7.165371;4.394400;,
  14.435294;-10.091693;4.394504;,
  3.759992;-10.097502;4.394685;,
  4.226149;-10.226499;2.446360;,
  9.079624;-11.371647;4.394595;,
  9.134070;-11.601439;2.446193;,
  -18.120811;2.676886;2.399141;,
  -17.543896;-2.117590;4.394538;,
  -18.014176;2.457744;4.863308;,
  -0.885419;2.477295;4.828482;,
  -17.531979;-2.166857;2.446140;,
  -1.561308;-2.119405;4.394337;,
  -1.063714;2.634908;2.341325;,
  -2.201694;-2.166736;2.447819;,
  -1.834474;-7.246730;2.446975;,
  -16.663930;-7.176924;4.394317;,
  -16.606453;-7.249521;2.446899;,
  -14.206334;-10.217330;2.446046;,
  -1.527737;-7.165368;4.394417;,
  -3.759992;-10.097500;4.394703;,
  -4.226149;-10.226498;2.446379;,
  -14.435291;-10.091691;4.394523;,
  -9.079620;-11.371645;4.394613;,
  -9.134067;-11.601437;2.446212;,
  9.185550;5.578555;12.180735;,
  6.798662;4.222186;11.720810;,
  9.189371;4.223743;12.074147;,
  11.631086;4.225300;11.729397;,
  6.512638;5.576635;11.829092;,
  11.790359;5.580475;11.834286;,
  9.190467;8.335071;10.803343;,
  6.366942;8.335607;10.462556;,
  6.526595;9.948464;8.371732;,
  13.155235;3.778740;11.091663;,
  12.031878;9.946134;8.301674;,
  6.486848;11.366035;7.076438;,
  12.099192;8.334534;10.446042;,
  12.060214;11.366675;7.044070;,
  6.467042;12.271930;4.790734;,
  16.476826;8.014853;7.475515;,
  12.067148;12.276491;4.792371;,
  6.556716;12.290170;2.395320;,
  11.984750;12.290486;2.396231;,
  16.457653;9.774306;4.789990;,
  16.249954;9.756141;2.378743;,
  17.767418;5.898451;2.375804;,
  18.064987;5.867348;4.769394;,
  18.120816;2.676884;2.399122;,
  16.728742;5.945176;7.751116;,
  18.152714;3.235872;4.788780;,
  18.014179;2.457742;4.863289;,
  16.748102;2.606191;7.978199;,
  17.127114;4.847082;7.987534;,
  17.251869;4.778290;10.627218;,
  15.040998;5.748516;9.903017;,
  16.928498;3.265461;10.819526;,
  14.691560;2.547183;9.778484;,
  15.788350;5.364879;11.092158;,
  16.850938;4.985736;13.395311;,
  13.284286;6.000206;11.349066;,
  14.652646;5.549739;12.483400;,
  14.725523;3.746648;12.315103;,
  16.478854;3.635719;12.868338;,
  15.789597;2.859005;11.514358;,
  -6.798662;4.222188;11.720824;,
  -9.185552;5.578558;12.180750;,
  -9.189371;4.223746;12.074163;,
  -11.631085;4.225303;11.729413;,
  -6.512638;5.576639;11.829107;,
  -11.790359;5.580478;11.834304;,
  -13.155235;3.778742;11.091681;,
  -9.190468;8.335075;10.803360;,
  -6.366944;8.335611;10.462573;,
  -6.526596;9.948468;8.371749;,
  -12.031878;9.946137;8.301691;,
  -6.486850;11.366038;7.076455;,
  -12.099192;8.334538;10.446058;,
  -12.060214;11.366678;7.044087;,
  -6.467045;12.271934;4.790752;,
  -16.476822;8.014854;7.475533;,
  -12.067147;12.276494;4.792389;,
  -6.556717;12.290174;2.395339;,
  -11.984750;12.290488;2.396250;,
  -16.457650;9.774307;4.790009;,
  -16.249950;9.756142;2.378762;,
  -17.767414;5.898453;2.375824;,
  -18.064984;5.867350;4.769412;,
  -18.120811;2.676886;2.399141;,
  -16.728741;5.945178;7.751134;,
  -18.152710;3.235874;4.788799;,
  -18.014176;2.457744;4.863308;,
  -16.748098;2.606192;7.978216;,
  -17.127109;4.847084;7.987551;,
  -17.251866;4.778292;10.627234;,
  -15.040997;5.748518;9.903034;,
  -16.928493;3.265463;10.819541;,
  -14.691558;2.547184;9.778500;,
  -15.788346;5.364880;11.092170;,
  -16.850934;4.985739;13.395326;,
  -15.789595;2.859007;11.514374;,
  -16.478851;3.635721;12.868354;,
  -14.652645;5.549741;12.483416;,
  -14.725522;3.746650;12.315118;,
  -13.284286;6.000208;11.349082;,
  -9.095763;-11.146303;0.023082;,
  -4.226149;-10.226498;2.446379;,
  -9.134067;-11.601437;2.446212;,
  -14.206334;-10.217330;2.446046;,
  -4.522082;-9.858943;0.023085;,
  -13.884331;-9.859266;0.023081;,
  -1.834474;-7.246730;2.446975;,
  -16.606453;-7.249521;2.446899;,
  -2.783136;-7.078242;0.023098;,
  -15.853992;-7.080858;0.023102;,
  -2.201694;-2.166736;2.447819;,
  -17.531979;-2.166857;2.446140;,
  -3.056930;-2.165622;0.023097;,
  -16.947003;-2.165676;0.023073;,
  -1.063714;2.634908;2.341325;,
  -18.120811;2.676886;2.399141;,
  -2.510937;2.732602;0.023064;,
  -17.135643;2.730864;0.023087;,
  -2.259926;5.835767;0.023097;,
  -17.767414;5.898453;2.375824;,
  -1.014308;5.872582;2.363541;,
  -16.796211;5.825192;0.023093;,
  -2.601845;9.959544;2.394276;,
  -16.249950;9.756142;2.378762;,
  -3.537421;9.308055;0.023102;,
  -15.391386;9.103503;0.023099;,
  -6.556717;12.290174;2.395339;,
  -11.919624;11.226914;0.023097;,
  -6.679947;11.225446;0.023099;,
  -11.984750;12.290488;2.396250;,
  9.095765;-11.146305;0.023063;,
  14.206339;-10.217333;2.446028;,
  9.134070;-11.601439;2.446193;,
  4.226149;-10.226499;2.446360;,
  13.884334;-9.859267;0.023061;,
  4.522083;-9.858945;0.023065;,
  16.606454;-7.249522;2.446881;,
  1.834474;-7.246733;2.446956;,
  15.853995;-7.080861;0.023083;,
  2.783136;-7.078245;0.023078;,
  17.531982;-2.166859;2.446121;,
  2.201693;-2.166739;2.447799;,
  16.947005;-2.165678;0.023053;,
  3.056929;-2.165626;0.023077;,
  18.120816;2.676884;2.399122;,
  1.063712;2.634904;2.341305;,
  17.135646;2.730862;0.023067;,
  2.510935;2.732598;0.023043;,
  17.767418;5.898451;2.375804;,
  2.259923;5.835763;0.023076;,
  16.796214;5.825190;0.023072;,
  1.014304;5.872577;2.363521;,
  16.249954;9.756141;2.378743;,
  2.601841;9.959539;2.394256;,
  15.391387;9.103502;0.023078;,
  3.537418;9.308051;0.023081;,
  11.919626;11.226911;0.023077;,
  6.556716;12.290170;2.395320;,
  11.984750;12.290486;2.396231;,
  6.679946;11.225443;0.023078;,
  16.748102;2.606191;7.978199;,
  9.146344;3.899814;5.651981;,
  18.014179;2.457742;4.863289;,
  0.885417;2.477291;4.828463;,
  14.691560;2.547183;9.778484;,
  1.527940;2.614272;7.953177;,
  13.155235;3.778740;11.091663;,
  3.603288;2.548121;9.781396;,
  11.631086;4.225300;11.729397;,
  5.103968;3.779873;11.013722;,
  9.189371;4.223743;12.074147;,
  6.798662;4.222186;11.720810;,
  -16.748098;2.606192;7.978216;,
  -18.014176;2.457744;4.863308;,
  -9.146344;3.899817;5.652000;,
  -0.885419;2.477295;4.828482;,
  -14.691558;2.547184;9.778500;,
  -1.527942;2.614275;7.953194;,
  -13.155235;3.778742;11.091681;,
  -3.603289;2.548125;9.781413;,
  -11.631085;4.225303;11.729413;,
  -5.103970;3.779876;11.013738;,
  -9.189371;4.223746;12.074163;,
  -6.798662;4.222188;11.720824;;
  364;
  3;0,1,2;,
  3;3,4,5;,
  3;6,7,8;,
  3;9,10,11;,
  3;12,13,14;,
  3;15,16,17;,
  3;18,19,20;,
  3;21,22,23;,
  3;24,25,26;,
  3;27,28,29;,
  3;30,31,32;,
  3;33,34,35;,
  3;36,37,38;,
  3;39,40,41;,
  3;42,43,44;,
  3;45,46,47;,
  3;48,49,50;,
  3;51,52,53;,
  3;54,55,56;,
  3;57,58,59;,
  3;60,61,62;,
  3;63,64,65;,
  3;66,67,68;,
  3;69,70,71;,
  3;72,73,74;,
  3;75,76,77;,
  3;78,79,80;,
  3;79,78,81;,
  3;81,78,82;,
  3;81,83,79;,
  3;84,79,83;,
  3;79,84,85;,
  3;86,84,83;,
  3;87,85,84;,
  3;86,87,84;,
  3;85,87,88;,
  3;89,86,83;,
  3;83,81,89;,
  3;90,87,86;,
  3;86,89,90;,
  3;87,90,91;,
  3;91,88,87;,
  3;89,92,90;,
  3;92,91,90;,
  3;81,92,89;,
  3;88,91,93;,
  3;92,93,91;,
  3;92,81,94;,
  3;93,92,94;,
  3;81,95,94;,
  3;93,94,95;,
  3;95,81,82;,
  3;96,88,93;,
  3;88,96,97;,
  3;98,97,96;,
  3;93,99,96;,
  3;99,98,96;,
  3;99,93,95;,
  3;98,99,100;,
  3;99,95,101;,
  3;82,101,95;,
  3;101,82,102;,
  3;101,102,103;,
  3;99,101,104;,
  3;103,104,101;,
  3;104,100,99;,
  3;104,103,105;,
  3;100,104,106;,
  3;107,104,105;,
  3;104,107,106;,
  3;108,109,110;,
  3;109,108,111;,
  3;111,112,109;,
  3;113,111,108;,
  3;108,114,113;,
  3;114,108,115;,
  3;116,113,114;,
  3;115,117,114;,
  3;116,114,117;,
  3;117,115,118;,
  3;116,119,113;,
  3;111,113,119;,
  3;119,116,120;,
  3;117,120,116;,
  3;119,120,121;,
  3;121,111,119;,
  3;120,117,122;,
  3;121,120,122;,
  3;118,122,117;,
  3;111,121,123;,
  3;124,121,122;,
  3;121,124,123;,
  3;122,118,124;,
  3;125,111,123;,
  3;124,125,123;,
  3;111,125,112;,
  3;118,126,124;,
  3;126,118,127;,
  3;128,126,127;,
  3;129,124,126;,
  3;128,129,126;,
  3;124,129,125;,
  3;129,128,130;,
  3;129,131,125;,
  3;131,112,125;,
  3;112,131,132;,
  3;131,133,132;,
  3;129,134,131;,
  3;134,133,131;,
  3;130,134,129;,
  3;133,134,135;,
  3;134,130,136;,
  3;134,137,135;,
  3;137,134,136;,
  3;138,139,140;,
  3;141,138,140;,
  3;139,138,142;,
  3;138,141,143;,
  3;144,143,141;,
  3;143,144,145;,
  3;146,143,145;,
  3;147,142,138;,
  3;143,147,138;,
  3;142,147,148;,
  3;147,149,148;,
  3;147,143,150;,
  3;143,146,150;,
  3;149,147,151;,
  3;146,152,150;,
  3;152,147,150;,
  3;147,152,151;,
  3;152,146,153;,
  3;154,151,152;,
  3;153,154,152;,
  3;154,149,151;,
  3;154,153,155;,
  3;149,154,155;,
  3;156,157,158;,
  3;157,159,158;,
  3;157,156,160;,
  3;159,157,161;,
  3;161,162,159;,
  3;162,161,163;,
  3;161,164,163;,
  3;160,165,157;,
  3;165,161,157;,
  3;165,160,166;,
  3;167,165,166;,
  3;164,161,168;,
  3;161,165,168;,
  3;169,164,168;,
  3;165,169,168;,
  3;164,169,170;,
  3;169,165,171;,
  3;165,167,171;,
  3;172,170,169;,
  3;172,169,171;,
  3;167,172,171;,
  3;170,172,173;,
  3;172,167,173;,
  3;174,175,176;,
  3;177,174,176;,
  3;175,174,178;,
  3;174,177,179;,
  3;180,178,174;,
  3;179,180,174;,
  3;178,180,181;,
  3;180,182,181;,
  3;183,179,177;,
  3;180,184,182;,
  3;184,185,182;,
  3;180,179,186;,
  3;186,184,180;,
  3;185,184,187;,
  3;187,188,185;,
  3;186,189,184;,
  3;189,187,184;,
  3;188,187,190;,
  3;190,191,188;,
  3;191,190,192;,
  3;187,193,190;,
  3;193,192,190;,
  3;193,187,189;,
  3;192,193,194;,
  3;193,195,194;,
  3;195,193,196;,
  3;189,196,193;,
  3;196,197,195;,
  3;198,196,189;,
  3;189,186,198;,
  3;197,196,199;,
  3;199,200,197;,
  3;199,201,200;,
  3;196,202,199;,
  3;201,199,202;,
  3;202,196,198;,
  3;203,201,202;,
  3;202,198,204;,
  3;201,203,205;,
  3;205,206,201;,
  3;202,207,203;,
  3;207,202,204;,
  3;207,208,203;,
  3;208,205,203;,
  3;209,207,204;,
  3;198,209,204;,
  3;209,198,186;,
  3;209,186,179;,
  3;179,183,209;,
  3;207,209,210;,
  3;210,208,207;,
  3;211,209,183;,
  3;209,211,210;,
  3;210,212,208;,
  3;212,210,211;,
  3;205,208,212;,
  3;212,211,213;,
  3;212,213,205;,
  3;183,213,211;,
  3;206,205,213;,
  3;213,183,206;,
  3;214,215,216;,
  3;215,217,216;,
  3;215,214,218;,
  3;217,215,219;,
  3;219,220,217;,
  3;218,221,215;,
  3;221,219,215;,
  3;221,218,222;,
  3;221,222,223;,
  3;221,223,224;,
  3;225,224,223;,
  3;219,221,226;,
  3;226,221,224;,
  3;224,225,227;,
  3;228,227,225;,
  3;229,226,224;,
  3;229,224,227;,
  3;227,228,230;,
  3;231,230,228;,
  3;230,231,232;,
  3;233,227,230;,
  3;232,233,230;,
  3;227,233,229;,
  3;233,232,234;,
  3;235,233,234;,
  3;233,235,236;,
  3;229,233,236;,
  3;237,236,235;,
  3;238,229,236;,
  3;226,229,238;,
  3;236,237,239;,
  3;239,237,240;,
  3;241,239,240;,
  3;242,236,239;,
  3;239,241,242;,
  3;236,242,238;,
  3;241,243,242;,
  3;242,244,238;,
  3;243,241,245;,
  3;246,245,241;,
  3;247,242,243;,
  3;242,247,244;,
  3;245,248,243;,
  3;247,243,248;,
  3;245,246,249;,
  3;220,249,246;,
  3;248,245,250;,
  3;250,245,249;,
  3;250,251,248;,
  3;251,247,248;,
  3;250,249,252;,
  3;251,250,252;,
  3;249,220,252;,
  3;253,247,251;,
  3;252,253,251;,
  3;253,252,220;,
  3;247,253,244;,
  3;220,219,253;,
  3;253,238,244;,
  3;253,219,226;,
  3;238,253,226;,
  3;254,255,256;,
  3;257,254,256;,
  3;255,254,258;,
  3;254,257,259;,
  3;258,260,255;,
  3;261,259,257;,
  3;260,258,262;,
  3;259,261,263;,
  3;262,264,260;,
  3;265,263,261;,
  3;264,262,266;,
  3;263,265,267;,
  3;266,268,264;,
  3;269,267,265;,
  3;268,266,270;,
  3;267,269,271;,
  3;272,268,270;,
  3;273,271,269;,
  3;268,272,274;,
  3;271,273,275;,
  3;272,276,274;,
  3;277,275,273;,
  3;276,272,278;,
  3;275,277,279;,
  3;278,280,276;,
  3;277,281,279;,
  3;280,278,282;,
  3;281,280,282;,
  3;281,277,283;,
  3;280,281,283;,
  3;284,285,286;,
  3;287,284,286;,
  3;285,284,288;,
  3;284,287,289;,
  3;288,290,285;,
  3;291,289,287;,
  3;290,288,292;,
  3;289,291,293;,
  3;292,294,290;,
  3;295,293,291;,
  3;294,292,296;,
  3;293,295,297;,
  3;296,298,294;,
  3;299,297,295;,
  3;298,296,300;,
  3;297,299,301;,
  3;300,302,298;,
  3;299,303,301;,
  3;302,300,304;,
  3;303,299,305;,
  3;304,306,302;,
  3;307,303,305;,
  3;306,304,308;,
  3;303,307,309;,
  3;310,306,308;,
  3;311,309,307;,
  3;306,310,312;,
  3;310,311,312;,
  3;309,311,313;,
  3;311,310,313;,
  3;314,315,316;,
  3;316,315,317;,
  3;315,314,318;,
  3;315,319,317;,
  3;320,315,318;,
  3;315,321,319;,
  3;322,315,320;,
  3;323,321,315;,
  3;324,315,322;,
  3;325,323,315;,
  3;315,324,325;,
  3;326,327,328;,
  3;327,329,328;,
  3;328,330,326;,
  3;328,329,331;,
  3;332,330,328;,
  3;328,331,333;,
  3;334,332,328;,
  3;335,328,333;,
  3;328,336,334;,
  3;337,328,335;,
  3;336,328,337;;

  MeshNormals {
   338;
   -0.258434;-0.025558;-0.965691;,
   0.206057;0.009054;-0.978498;,
   0.277931;-0.035852;-0.959932;,
   -0.206057;0.009054;-0.978498;,
   0.258434;-0.025558;-0.965691;,
   -0.277931;-0.035852;-0.959932;,
   -0.267035;-0.022941;-0.963414;,
   0.277931;-0.035852;-0.959932;,
   0.209443;-0.065383;-0.975633;,
   -0.277931;-0.035852;-0.959932;,
   0.267035;-0.022941;-0.963414;,
   -0.209443;-0.065383;-0.975633;,
   0.206057;0.009054;-0.978498;,
   -0.258434;-0.025558;-0.965691;,
   -0.316161;-0.031491;-0.948183;,
   0.277931;-0.035852;-0.959932;,
   -0.267035;-0.022941;-0.963414;,
   -0.258434;-0.025558;-0.965691;,
   0.267035;-0.022941;-0.963414;,
   -0.277931;-0.035852;-0.959932;,
   0.258434;-0.025558;-0.965691;,
   0.258434;-0.025558;-0.965691;,
   -0.206057;0.009054;-0.978498;,
   0.316161;-0.031491;-0.948183;,
   -0.189984;0.035664;-0.981139;,
   0.191082;0.172507;-0.966297;,
   0.343202;0.109481;-0.932859;,
   0.206057;0.009054;-0.978498;,
   -0.189984;0.035664;-0.981139;,
   0.343202;0.109481;-0.932859;,
   -0.191082;0.172507;-0.966297;,
   0.189984;0.035664;-0.981139;,
   -0.343202;0.109481;-0.932859;,
   0.189984;0.035664;-0.981139;,
   -0.206057;0.009054;-0.978498;,
   -0.343202;0.109481;-0.932859;,
   -0.189984;0.035664;-0.981139;,
   0.206057;0.009054;-0.978498;,
   -0.316161;-0.031491;-0.948183;,
   0.209443;-0.065383;-0.975633;,
   -0.250022;-0.308761;-0.917690;,
   -0.267035;-0.022941;-0.963414;,
   -0.209443;-0.065383;-0.975633;,
   0.267035;-0.022941;-0.963414;,
   0.250022;-0.308761;-0.917690;,
   0.191082;0.172507;-0.966297;,
   -0.189984;0.035664;-0.981139;,
   -0.174120;0.188910;-0.966434;,
   -0.206057;0.009054;-0.978498;,
   0.189984;0.035664;-0.981139;,
   0.316161;-0.031491;-0.948183;,
   0.209443;-0.065383;-0.975633;,
   0.000182;-0.410583;-0.911823;,
   -0.250022;-0.308761;-0.917690;,
   -0.209443;-0.065383;-0.975633;,
   0.250022;-0.308761;-0.917690;,
   -0.000182;-0.410583;-0.911823;,
   0.189984;0.035664;-0.981139;,
   -0.191082;0.172507;-0.966297;,
   0.174120;0.188910;-0.966434;,
   -0.174120;0.188910;-0.966434;,
   0.086612;0.343567;-0.935126;,
   0.191082;0.172507;-0.966297;,
   -0.086612;0.343567;-0.935126;,
   0.174120;0.188910;-0.966434;,
   -0.191082;0.172507;-0.966297;,
   0.209443;-0.065383;-0.975633;,
   0.379935;-0.494682;-0.781626;,
   0.000182;-0.410583;-0.911823;,
   -0.209443;-0.065383;-0.975633;,
   -0.000182;-0.410583;-0.911823;,
   -0.379935;-0.494682;-0.781626;,
   0.086612;0.343567;-0.935126;,
   -0.174120;0.188910;-0.966434;,
   -0.121234;0.529585;-0.839549;,
   0.174120;0.188910;-0.966434;,
   -0.086612;0.343567;-0.935126;,
