xof 0303txt 0032
template ColorRGBA {
 <35ff44e0-6c7c-11cf-8f52-0040333594a3>
 FLOAT red;
 FLOAT green;
 FLOAT blue;
 FLOAT alpha;
}

template ColorRGB {
 <d3e16e81-7835-11cf-8f52-0040333594a3>
 FLOAT red;
 FLOAT green;
 FLOAT blue;
}

template Material {
 <3d82ab4d-62da-11cf-ab39-0020af71e433>
 ColorRGBA faceColor;
 FLOAT power;
 ColorRGB specularColor;
 ColorRGB emissiveColor;
 [...]
}

template TextureFilename {
 <a42790e1-7810-11cf-8f52-0040333594a3>
 STRING filename;
}

template Frame {
 <3d82ab46-62da-11cf-ab39-0020af71e433>
 [...]
}

template Matrix4x4 {
 <f6f23f45-7686-11cf-8f52-0040333594a3>
 array FLOAT matrix[16];
}

template FrameTransformMatrix {
 <f6f23f41-7686-11cf-8f52-0040333594a3>
 Matrix4x4 frameMatrix;
}

template Vector {
 <3d82ab5e-62da-11cf-ab39-0020af71e433>
 FLOAT x;
 FLOAT y;
 FLOAT z;
}

template MeshFace {
 <3d82ab5f-62da-11cf-ab39-0020af71e433>
 DWORD nFaceVertexIndices;
 array DWORD faceVertexIndices[nFaceVertexIndices];
}

template Mesh {
 <3d82ab44-62da-11cf-ab39-0020af71e433>
 DWORD nVertices;
 array Vector vertices[nVertices];
 DWORD nFaces;
 array MeshFace faces[nFaces];
 [...]
}

template MeshNormals {
 <f6f23f43-7686-11cf-8f52-0040333594a3>
 DWORD nNormals;
 array Vector normals[nNormals];
 DWORD nFaceNormals;
 array MeshFace faceNormals[nFaceNormals];
}

template MeshMaterialList {
 <f6f23f42-7686-11cf-8f52-0040333594a3>
 DWORD nMaterials;
 DWORD nFaceIndexes;
 array DWORD faceIndexes[nFaceIndexes];
 [Material <3d82ab4d-62da-11cf-ab39-0020af71e433>]
}

template Coords2d {
 <f6f23f44-7686-11cf-8f52-0040333594a3>
 FLOAT u;
 FLOAT v;
}

template MeshTextureCoords {
 <f6f23f40-7686-11cf-8f52-0040333594a3>
 DWORD nTextureCoords;
 array Coords2d textureCoords[nTextureCoords];
}

template XSkinMeshHeader {
 <3cf169ce-ff7c-44ab-93c0-f78f62d172e2>
 WORD nMaxSkinWeightsPerVertex;
 WORD nMaxSkinWeightsPerFace;
 WORD nBones;
}

template SkinWeights {
 <6f0d123b-bad2-4167-a0d0-80224f25fabb>
 STRING transformNodeName;
 DWORD nWeights;
 array DWORD vertexIndices[nWeights];
 array FLOAT weights[nWeights];
 Matrix4x4 matrixOffset;
}

template AnimTicksPerSecond {
 <9e415a43-7ba6-4a73-8743-b73d47e88476>
 DWORD AnimTicksPerSecond;
}

template Animation {
 <3d82ab4f-62da-11cf-ab39-0020af71e433>
 [...]
}

template AnimationSet {
 <3d82ab50-62da-11cf-ab39-0020af71e433>
 [Animation <3d82ab4f-62da-11cf-ab39-0020af71e433>]
}

template FloatKeys {
 <10dd46a9-775b-11cf-8f52-0040333594a3>
 DWORD nValues;
 array FLOAT values[nValues];
}

template TimedFloatKeys {
 <f406b180-7b3b-11cf-8f52-0040333594a3>
 DWORD time;
 FloatKeys tfkeys;
}

template AnimationKey {
 <10dd46a8-775b-11cf-8f52-0040333594a3>
 DWORD keyType;
 DWORD nKeys;
 array TimedFloatKeys keys[nKeys];
}


Material SH_E_156 {
 1.000000;1.000000;1.000000;1.000000;;
 43.219280;
 0.020000;0.020000;0.020000;;
 0.000000;0.000000;0.000000;;

 TextureFilename {
  "01700006_F_PrestigiousSchool_D.dds";
 }
}

Material SH_E_176 {
 1.000000;1.000000;1.000000;1.000000;;
 43.219280;
 0.020000;0.020000;0.020000;;
 0.000000;0.000000;0.000000;;

 TextureFilename {
  "01700006_F_PrestigiousSchool_D.dds";
 }
}

Frame Scene_Root {
 

 FrameTransformMatrix {
  0.393701,0.000000,0.000000,0.000000,0.000000,-0.000000,-0.393701,0.000000,0.000000,0.393701,-0.000000,0.000000,0.000000,0.000000,0.000000,1.000000;;
 }

 Frame Bip01 {
  

  FrameTransformMatrix {
   0.000001,0.997564,-0.069757,0.000000,-1.000000,0.000001,-0.000000,0.000000,0.000000,0.069757,0.997564,0.000000,0.013153,1.995826,45.297594,1.000000;;
  }

  Frame Bip01_Footsteps {
   

   FrameTransformMatrix {
    0.000002,-1.000000,0.000000,0.000000,0.997564,0.000002,0.069757,0.000000,-0.069757,-0.000000,0.997564,0.000000,3.162072,0.000004,-45.219082,1.000000;;
   }
  }

  Frame Bip01_Pelvis {
   

   FrameTransformMatrix {
    0.000001,-0.000000,1.000000,0.000000,-1.000000,0.000001,0.000001,0.000000,-0.000001,-1.000000,-0.000000,0.000000,0.000000,0.000000,0.000000,1.000000;;
   }

   Frame Bip01_Spine {
    

    FrameTransformMatrix {
     0.998707,-0.050824,0.000001,0.000000,0.050824,0.998707,0.000004,0.000000,-0.000002,-0.000004,1.000000,0.000000,3.672928,-0.256298,0.000005,1.000000;;
    }

    Frame Bip01_Spine1 {
     

     FrameTransformMatrix {
      0.996899,0.078688,-0.000000,0.000000,-0.078688,0.996900,0.000000,0.000000,0.000000,-0.000000,1.000000,0.000000,5.748703,0.004558,-0.000000,1.000000;;
     }

     Frame Bip01_Spine2 {
      

      FrameTransformMatrix {
       0.983435,0.181259,-0.000001,0.000000,-0.181259,0.983435,0.000000,0.000000,0.000001,0.000000,1.000000,0.000000,5.739044,0.013319,-0.000000,1.000000;;
      }

      Frame Bip01_Neck {
       

       FrameTransformMatrix {
        0.967683,-0.252167,0.000001,0.000000,0.252167,0.967684,0.000000,0.000000,-0.000001,0.000000,1.000000,0.000000,17.185214,0.674538,0.000002,1.000000;;
       }

       Frame Bip01_Head {
        

        FrameTransformMatrix {
         0.993567,0.113247,-0.000000,0.000000,-0.113247,0.993567,0.000000,0.000000,0.000000,0.000000,1.000000,0.000000,4.018593,0.785324,-0.013147,1.000000;;
        }

        Frame Bip01_HeadNub {
         

         FrameTransformMatrix {
          1.000000,0.000000,-0.000000,0.000000,-0.000000,1.000000,0.000000,0.000000,0.000000,-0.000000,1.000000,0.000000,51.565376,0.000000,-0.000001,1.000000;;
         }
        }
       }

       Frame Bip01_L_Clavicle {
        

        FrameTransformMatrix {
         -0.307849,-0.008913,0.951393,0.000000,0.252271,-0.964930,0.072590,0.000000,0.917381,0.262355,0.299301,0.000000,-1.842415,0.188780,3.177583,1.000000;;
        }

        Frame Bip01_L_UpperArm {
         

         FrameTransformMatrix {
          0.835931,-0.092037,-0.541063,0.000000,-0.025557,0.978242,-0.205888,0.000000,0.548240,0.185936,0.815390,0.000000,7.100723,0.000002,0.000000,1.000000;;
         }

         Frame Bip01_L_Forearm {
          

          FrameTransformMatrix {
           0.999999,0.001452,0.000000,0.000000,-0.001452,0.999999,0.000000,0.000000,-0.000000,-0.000000,1.000000,0.000000,15.525933,-0.000000,-0.000000,1.000000;;
          }

          Frame Bip01_L_Hand {
           

           FrameTransformMatrix {
            0.999650,-0.022704,0.013559,0.000000,-0.014317,-0.033570,0.999334,0.000000,-0.022233,-0.999179,-0.033883,0.000000,13.317232,-0.000000,-0.000004,1.000000;;
           }

           Frame Weapon_Hand_L_Point {
            

            FrameTransformMatrix {
             0.039464,-0.100056,0.994199,0.000000,0.998799,-0.024994,-0.042162,0.000000,0.029067,0.994668,0.098950,0.000000,11.464720,-1.377155,-0.147705,1.000000;;
            }
           }
          }
         }
        }
       }

       Frame Bip01_R_Clavicle {
        

        FrameTransformMatrix {
         -0.307849,-0.008918,-0.951393,0.000000,0.252271,-0.964931,-0.072584,0.000000,-0.917381,-0.262354,0.299303,0.000000,-1.842430,0.188762,-3.177591,1.000000;;
        }

        Frame Bip01_R_UpperArm {
         

         FrameTransformMatrix {
          0.835931,-0.092037,0.541063,0.000000,-0.025557,0.978243,0.205888,0.000000,-0.548240,-0.185936,0.815390,0.000000,7.100724,0.000000,-0.000008,1.000000;;
         }

         Frame Bip01_R_Forearm {
          

          FrameTransformMatrix {
           0.999999,0.001452,0.000000,0.000000,-0.001452,0.999999,-0.000000,0.000000,0.000000,0.000000,1.000000,0.000000,15.525947,0.000001,0.000011,1.000000;;
          }

          Frame Bip01_R_Hand {
           

           FrameTransformMatrix {
            0.999651,-0.022704,-0.013559,0.000000,-0.014317,-0.033570,-0.999334,0.000000,0.022233,0.999179,-0.033883,0.000000,13.317218,0.000001,-0.000008,1.000000;;
           }

           Frame Weapon_Hand_R_Point {
            

            FrameTransformMatrix {
             -0.074295,0.100867,0.992123,0.000000,0.996813,-0.021483,0.076830,0.000000,0.029064,0.994668,-0.098949,0.000000,11.482888,-1.359406,0.123647,1.000000;;
            }
           }
          }
         }
        }
       }
      }
     }

     Frame Weapon_Back_B_Point {
      

      FrameTransformMatrix {
       0.040356,-0.997590,0.056439,0.000000,0.641885,0.069172,0.763674,0.000000,-0.765738,0.005408,0.643130,0.000000,6.044247,14.009638,3.010172,1.000000;;
      }
     }

     Frame Weapon_Back_R_Point {
      

      FrameTransformMatrix {
       -0.040305,-0.993897,0.102682,0.000000,-0.485235,0.109303,0.867525,0.000000,-0.873454,-0.014859,-0.486679,0.000000,22.008533,10.240378,-28.863229,1.000000;;
      }
     }
    }
   }

   Frame Bip01_L_Thigh {
    

    FrameTransformMatrix {
     -0.997054,0.052079,0.056308,0.000000,0.051814,0.998638,-0.006171,0.000000,-0.056553,-0.003235,-0.998395,0.000000,-0.000008,-0.000013,7.749222,1.000000;;
    }

    Frame Bip01_L_Calf {
     

     FrameTransformMatrix {
      0.999628,0.027315,-0.000000,0.000000,-0.027315,0.999627,-0.000000,0.000000,0.000000,0.000000,1.000001,0.000000,22.080997,-0.000001,-0.000001,1.000000;;
     }

     Frame Bip01_L_Foot {
      

      FrameTransformMatrix {
       0.987419,-0.147824,0.056152,0.000000,0.146658,0.988887,0.024354,0.000000,-0.059128,-0.015813,0.998126,0.000000,14.997725,-0.000000,-0.000000,1.000000;;
      }

      Frame Bip01_L_Toe0 {
       

       FrameTransformMatrix {
        -0.000000,-1.000000,-0.000000,0.000000,1.000001,-0.000000,-0.000000,0.000000,0.000000,-0.000000,1.000001,0.000000,8.640074,-6.144477,0.000003,1.000000;;
       }
      }
     }

     Frame L_Calf_Point01 {
      

      FrameTransformMatrix {
       0.987262,-0.148883,0.056111,0.000000,0.147715,0.988728,0.024430,0.000000,-0.059116,-0.015831,0.998126,0.000000,12.996126,0.544282,-1.375640,1.000000;;
      }
     }
    }
   }

   Frame Bip01_R_Thigh {
    

    FrameTransformMatrix {
     -0.997054,0.052080,-0.056311,0.000000,0.051814,0.998638,0.006174,0.000000,0.056556,0.003239,-0.998394,0.000000,0.000019,0.000009,-7.749223,1.000000;;
    }

    Frame Bip01_R_Calf {
     

     FrameTransformMatrix {
      0.999627,0.027315,-0.000000,0.000000,-0.027315,0.999627,-0.000000,0.000000,0.000000,0.000000,1.000000,0.000000,22.080987,0.000001,-0.000002,1.000000;;
     }

     Frame Bip01_R_Foot {
      

      FrameTransformMatrix {
       0.987418,-0.147824,-0.056152,0.000000,0.146659,0.988887,-0.024354,0.000000,0.059128,0.015813,0.998125,0.000000,14.997715,-0.000000,0.000002,1.000000;;
      }

      Frame Bip01_R_Toe0 {
       

       FrameTransformMatrix {
        -0.000000,-1.000000,-0.000000,0.000000,1.000001,-0.000000,-0.000000,0.000000,0.000000,-0.000000,1.000000,0.000000,8.640070,-6.144477,-0.000000,1.000000;;
       }
      }
     }

     Frame R_Calf_Point01 {
      

      FrameTransformMatrix {
       0.987417,-0.147843,-0.056125,0.000000,0.146681,0.988885,-0.024316,0.000000,0.059096,0.015778,0.998128,0.000000,12.995924,0.544308,1.372128,1.000000;;
      }
     }
    }
   }

   Frame Weapon_Side_L_Point {
    

    FrameTransformMatrix {
     -0.395956,-0.031511,-0.917728,0.000000,-0.496462,0.848098,0.185080,0.000000,0.772492,0.528901,-0.351454,0.000000,3.514835,-8.649693,15.920971,1.000000;;
    }
   }

   Frame Weapon_Side_R_Point {
    

    FrameTransformMatrix {
     0.375618,0.017156,-0.926615,0.000000,-0.498300,0.846749,-0.186317,0.000000,0.781414,0.531716,0.326603,0.000000,3.401981,-8.603473,-15.780378,1.000000;;
    }
   }
  }

  Frame EFF_Lock_D {
   

   FrameTransformMatrix {
    0.997581,0.000000,0.069521,0.000000,-0.000000,1.000000,0.000000,0.000000,-0.069521,-0.000000,0.997580,0.000000,1.168878,0.013154,-45.326448,1.000000;;
   }
  }

  Frame Move_Link_D {
   

   FrameTransformMatrix {
    0.997564,-0.000000,0.069757,0.000000,0.000000,1.000000,-0.000000,0.000000,-0.069757,0.000000,0.997564,0.000000,0.748200,0.000001,-10.699589,1.000000;;
   }

   Frame EFF_Move_D {
    

    FrameTransformMatrix {
     1.000000,0.000001,-0.000000,0.000000,-0.000001,1.000000,-0.000000,0.000000,0.000000,0.000000,1.000000,0.000000,-1.706174,0.013154,-34.571846,1.000000;;
    }
   }
  }

  Frame SATA9NI_Link_Point02 {
   

   FrameTransformMatrix {
    -0.997564,-0.000001,-0.069756,0.000000,0.069756,0.000000,-0.997564,0.000000,0.000001,-1.000000,-0.000000,0.000000,0.434390,0.010963,-41.792848,1.000000;;
   }
  }

  Frame SATA9NI_Lock_Dummy01 {
   

   FrameTransformMatrix {
    0.000001,-1.000000,0.000000,0.000000,0.997564,0.000001,0.069757,0.000000,-0.069757,-0.000000,0.997564,0.000000,1.168831,0.013159,-45.326448,1.000000;;
   }
  }
 }

 Frame SH {
  

  FrameTransformMatrix {
   1.000000,0.000000,0.000000,0.000000,0.000000,1.000000,0.000000,0.000000,0.000000,0.000000,1.000000,0.000000,0.000000,-0.000000,0.000000,1.000000;;
  }
 }

 Frame SH_Stocking {
  

  FrameTransformMatrix {
   1.000000,0.000000,0.000000,0.000000,0.000000,1.000000,0.000000,0.000000,0.000000,0.000000,1.000000,0.000000,0.000000,-0.000000,0.000000,1.000000;;
  }
 }
}

Frame SH_ {
 

 FrameTransformMatrix {
  0.393701,0.000000,0.000000,0.000000,0.000000,-0.000000,-0.393701,0.000000,0.000000,0.393701,-0.000000,0.000000,0.000000,0.000000,0.000000,1.000000;;
 }

 Mesh SH_ {
  382;
  -14.715835;-3.651693;5.850950;,
  -9.761403;1.727718;4.138995;,
  -14.648947;-0.097644;5.956532;,
  4.354977;1.899125;0.004797;,
  15.071573;-3.804712;0.851467;,
  4.750724;-3.802956;0.868877;,
  -14.077067;1.320884;6.658174;,
  4.873396;-3.802956;0.005102;,
  -14.209154;2.501516;6.104879;,
  15.008883;-3.805017;0.005024;,
  14.552070;-6.269351;0.005100;,
  15.416984;1.909041;0.005025;,
  4.826780;-6.012934;0.005100;,
  4.342844;4.554164;0.005027;,
  6.036464;-8.367753;0.004947;,
  15.233987;4.637730;0.005026;,
  9.741760;-9.382034;0.004947;,
  13.142469;-8.344593;0.004947;,
  14.498840;6.687541;0.005103;,
  5.278825;6.829341;0.005104;,
  12.650053;8.347608;0.005065;,
  7.143870;8.488417;0.005066;,
  9.902480;8.943353;0.005028;,
  -9.902482;8.943352;0.005041;,
  -7.143872;8.488416;0.005079;,
  -12.650054;8.347606;0.005079;,
  -5.278828;6.829340;0.005118;,
  -14.498840;6.687540;0.005117;,
  -4.342847;4.554164;0.005042;,
  -15.233986;4.637729;0.005041;,
  -15.416984;1.909042;0.005041;,
  -4.354980;1.899126;0.004813;,
  -15.071573;-3.804712;0.851483;,
  -4.750726;-3.802955;0.868893;,
  -4.873398;-3.802956;0.005119;,
  -15.008883;-3.805017;0.005041;,
  -14.552070;-6.269351;0.005117;,
  -4.826782;-6.012933;0.005117;,
  -6.036465;-8.367753;0.004964;,
  -9.741762;-9.382034;0.004964;,
  -13.142469;-8.344593;0.004964;,
  -9.737934;-9.226472;5.120918;,
  -6.438944;-7.779257;5.122079;,
  -9.601190;-8.742028;8.593634;,
  -6.175872;-7.290598;8.592370;,
  -9.508736;-8.677292;11.304079;,
  -5.049398;-4.576865;5.120223;,
  -5.894246;-7.183566;11.152634;,
  -9.386420;-8.763458;14.887854;,
  -5.448470;-7.205471;14.609355;,
  -4.866154;-4.133152;8.590054;,
  -4.577320;-3.963113;10.965467;,
  -4.029203;-3.896535;14.375778;,
  -5.211222;1.020488;10.719253;,
  -4.740686;1.108267;14.154189;,
  -7.385046;3.996834;14.119010;,
  -5.446598;0.902243;8.591009;,
  -5.291614;0.668755;5.286183;,
  -5.839775;3.622916;5.779546;,
  -7.801601;3.610829;10.623778;,
  -10.738950;4.002701;14.296557;,
  -8.013320;3.403219;8.590763;,
  -8.152215;4.605428;6.505550;,
  -10.886790;3.614404;10.675093;,
  -13.722610;1.143685;14.607230;,
  -10.957473;3.421138;8.590550;,
  -11.074889;4.605462;6.513415;,
  -13.679222;3.460286;5.657156;,
  -13.305776;0.907114;8.591173;,
  -14.225066;0.685161;5.289838;,
  -13.344207;1.023848;10.861046;,
  -14.841562;-3.828088;14.913078;,
  -14.385490;-3.989889;11.139530;,
  -13.138687;-7.230495;15.005998;,
  -14.267205;-4.138526;8.591691;,
  -14.408555;-4.588778;5.118808;,
  -12.942214;-7.202318;11.296756;,
  -9.386420;-8.763458;14.887854;,
  -9.508736;-8.677292;11.304079;,
  -12.848102;-7.307274;8.594894;,
  -9.601190;-8.742028;8.593634;,
  -12.858521;-7.787501;5.119757;,
  -9.737934;-9.226472;5.120918;,
  9.601190;-8.742029;8.593618;,
  6.438943;-7.779258;5.122063;,
  9.737934;-9.226472;5.120902;,
  6.175872;-7.290599;8.592354;,
  9.508737;-8.677294;11.304063;,
  5.049398;-4.576866;5.120208;,
  5.894246;-7.183567;11.152619;,
  9.386422;-8.763459;14.887840;,
  5.448470;-7.205473;14.609342;,
  4.866153;-4.133154;8.590038;,
  4.577319;-3.963115;10.965452;,
  4.029202;-3.896536;14.375763;,
  5.211221;1.020487;10.719238;,
  4.740684;1.108267;14.154174;,
  7.385045;3.996834;14.118995;,
  5.446597;0.902242;8.590994;,
  5.291612;0.668754;5.286167;,
  5.839773;3.622915;5.779532;,
  8.013319;3.403218;8.590748;,
  8.152213;4.605427;6.505536;,
  7.801600;3.610829;10.623761;,
  10.738952;4.002701;14.296542;,
  10.957473;3.421138;8.590534;,
  11.074888;4.605461;6.513400;,
  13.679222;3.460286;5.657142;,
  10.886790;3.614403;10.675077;,
  13.722611;1.143685;14.607214;,
  13.305777;0.907113;8.591157;,
  14.225066;0.685160;5.289822;,
  13.344208;1.023848;10.861030;,
  14.841565;-3.828088;14.913064;,
  14.385491;-3.989890;11.139514;,
  13.138689;-7.230497;15.005984;,
  14.267208;-4.138527;8.591675;,
  14.408557;-4.588779;5.118792;,
  12.942217;-7.202319;11.296742;,
  9.386422;-8.763459;14.887840;,
  9.508737;-8.677294;11.304063;,
  12.848105;-7.307274;8.594878;,
  9.601190;-8.742029;8.593618;,
  12.858522;-7.787501;5.119740;,
  9.737934;-9.226472;5.120902;,
  -9.672754;-9.313340;6.892219;,
  -9.734717;-9.749364;3.980790;,
  -6.182260;-8.210678;6.553611;,
  -5.992883;-8.542216;3.940663;,
  -9.736125;-9.627265;1.684866;,
  -4.634983;-6.105042;3.848804;,
  -4.915045;-5.921380;6.149084;,
  -4.809437;-3.665090;5.851025;,
  -5.990322;-8.543447;1.678223;,
  -9.741762;-9.382034;0.004964;,
  -6.036465;-8.367753;0.004964;,
  -4.826782;-6.012933;0.005117;,
  -4.634798;-6.055179;1.712281;,
  -4.750726;-3.802955;0.868893;,
  -4.873398;-3.802956;0.005119;,
  -4.648592;-3.795537;1.697161;,
  -4.564604;-3.752486;3.801354;,
  -4.478386;-0.496792;3.775957;,
  -4.827126;-0.168887;5.956304;,
  -4.382592;-0.652401;1.694387;,
  -4.354980;1.899126;0.004813;,
  -4.384567;2.100876;3.826278;,
  -4.203324;1.926781;1.692657;,
  -4.342847;4.554164;0.005042;,
  -5.296000;2.673612;6.104650;,
  -5.194564;1.490293;6.657943;,
  -4.368144;4.618894;3.738418;,
  -4.184044;4.587846;1.685326;,
  -5.278828;6.829340;0.005118;,
  -5.132278;6.999514;1.728469;,
  -5.189616;6.840351;3.697925;,
  -7.092327;8.681785;1.721100;,
  -7.143872;8.488416;0.005079;,
  -9.902482;8.943352;0.005041;,
  -9.870422;9.161894;1.713731;,
  -7.071997;8.499187;3.770104;,
  -12.711656;8.538010;1.721100;,
  -12.650054;8.347606;0.005079;,
  -14.498840;6.687540;0.005117;,
  -9.871702;9.022091;3.747378;,
  -14.654104;6.849803;1.728468;,
  -12.728590;8.346398;3.770104;,
  -9.828194;8.287048;5.481492;,
  -7.135856;7.884655;5.410224;,
  -12.463348;7.744646;5.410223;,
  -5.777292;6.596150;5.310720;,
  -9.814047;7.717526;5.946647;,
  -7.165339;7.204689;5.890291;,
  -5.150866;4.629822;5.369047;,
  -6.230059;6.164540;5.822922;,
  -5.816688;3.329659;6.440103;,
  -5.493381;2.268918;7.103034;,
  -5.774206;4.617720;5.933844;,
  -7.154922;5.593427;6.505828;,
  -7.231662;4.338765;6.869932;,
  -5.931162;2.849077;7.454091;,
  -5.669816;2.134938;8.088106;,
  -6.074242;2.666290;8.500414;,
  -7.357831;3.855272;7.866878;,
  -7.465102;3.579884;8.956129;,
  -9.557850;4.246212;8.057724;,
  -9.557852;3.919760;9.149223;,
  -11.740526;3.448269;8.956129;,
  -9.650628;4.840880;7.036860;,
  -11.852447;3.718398;7.866878;,
  -13.077050;2.601968;8.598494;,
  -12.026954;4.191403;6.869932;,
  -13.363463;2.771002;7.466535;,
  -13.586747;1.981787;8.187426;,
  -13.833790;2.117801;7.103264;,
  -13.700221;3.187508;6.442037;,
  -14.209154;2.501516;6.104879;,
  -13.973981;4.608637;5.917432;,
  -14.561306;4.591300;5.447240;,
  -14.648947;-0.097644;5.956532;,
  -14.077067;1.320884;6.658174;,
  -15.304842;4.646639;3.738417;,
  -15.387085;2.112350;3.826507;,
  -15.213522;-0.469613;3.776185;,
  -14.715835;-3.651693;5.850950;,
  -15.396728;-0.636645;1.694616;,
  -15.070507;-3.757818;3.801278;,
  -15.565872;1.928818;1.692885;,
  -15.150466;-3.805017;1.697084;,
  -15.416984;1.909042;0.005041;,
  -15.071573;-3.804712;0.851483;,
  -15.233986;4.637729;0.005041;,
  -14.552070;-6.269351;0.005117;,
  -15.008883;-3.805017;0.005041;,
  -15.391267;4.689421;1.685326;,
  -14.575501;6.687716;3.697924;,
  -13.994507;6.476557;5.310721;,
  -13.643618;6.035062;5.801344;,
  -12.432636;7.117925;5.870346;,
  -12.240645;5.492997;6.491000;,
  -9.729149;6.003429;6.652281;,
  -9.672754;-9.313340;6.892219;,
  -12.921292;-8.170218;6.553611;,
  -9.734717;-9.749364;3.980790;,
  -13.093936;-8.511246;3.940663;,
  -9.736125;-9.627265;1.684866;,
  -14.608731;-6.382921;3.848803;,
  -14.338675;-6.184837;6.149084;,
  -14.673576;-6.336393;1.712280;,
  -13.167770;-8.516353;1.678223;,
  -13.142469;-8.344593;0.004964;,
  -9.741762;-9.382034;0.004964;,
  6.182260;-8.210678;6.553596;,
  9.734718;-9.749364;3.980774;,
  9.672754;-9.313341;6.892203;,
  5.992882;-8.542216;3.940647;,
  9.736125;-9.627265;1.684850;,
  4.634982;-6.105042;3.848788;,
  4.915044;-5.921380;6.149069;,
  4.809436;-3.665091;5.851009;,
  5.990321;-8.543447;1.678207;,
  9.741760;-9.382034;0.004947;,
  6.036464;-8.367753;0.004947;,
  4.826780;-6.012934;0.005100;,
  4.634797;-6.055179;1.712264;,
  4.873396;-3.802956;0.005102;,
  4.750724;-3.802956;0.868877;,
  4.648590;-3.795538;1.697145;,
  4.382590;-0.652402;1.694372;,
  4.354977;1.899125;0.004797;,
  4.564602;-3.752487;3.801339;,
  4.478384;-0.496793;3.775942;,
  4.827124;-0.168888;5.956289;,
  4.384564;2.100875;3.826264;,
  4.203322;1.926780;1.692642;,
  4.342844;4.554164;0.005027;,
  5.295998;2.673611;6.104635;,
  5.194563;1.490292;6.657928;,
  4.368140;4.618894;3.738404;,
  4.184040;4.587845;1.685311;,
  5.278825;6.829341;0.005104;,
  5.132275;6.999514;1.728456;,
  5.189612;6.840351;3.697913;,
  7.092325;8.681785;1.721087;,
  7.143870;8.488417;0.005066;,
  9.902480;8.943353;0.005028;,
  9.870421;9.161896;1.713719;,
  7.071994;8.499187;3.770092;,
  12.711654;8.538010;1.721087;,
  12.650053;8.347608;0.005065;,
  14.498840;6.687541;0.005103;,
  9.871699;9.022092;3.747367;,
  14.654104;6.849805;1.728455;,
  12.728588;8.346398;3.770092;,
  9.828193;8.287050;5.481481;,
  7.135853;7.884655;5.410212;,
  12.463347;7.744646;5.410212;,
  5.777289;6.596150;5.310709;,
  9.814045;7.717527;5.946636;,
  7.165336;7.204689;5.890280;,
  5.150864;4.629821;5.369035;,
  6.230056;6.164540;5.822910;,
  5.816687;3.329658;6.440089;,
  5.493379;2.268917;7.103020;,
  5.774203;4.617720;5.933832;,
  7.154920;5.593426;6.505816;,
  7.231660;4.338764;6.869918;,
  9.729147;6.003429;6.652269;,
  9.650627;4.840879;7.036846;,
  12.432635;7.117926;5.870335;,
  12.240643;5.492998;6.490988;,
  13.643616;6.035062;5.801333;,
  13.994506;6.476558;5.310710;,
  13.973979;4.608637;5.917420;,
  12.026954;4.191402;6.869918;,
  14.561306;4.591301;5.447228;,
  9.557849;4.246212;8.057710;,
  13.700221;3.187508;6.442023;,
  11.852447;3.718397;7.866862;,
  13.363463;2.771002;7.466521;,
  13.833792;2.117800;7.103250;,
  13.586749;1.981787;8.187410;,
  13.077050;2.601968;8.598478;,
  11.740526;3.448268;8.956114;,
  9.557851;3.919759;9.149208;,
  7.465102;3.579883;8.956114;,
  7.357830;3.855271;7.866864;,
  6.074242;2.666289;8.500398;,
  5.931161;2.849076;7.454076;,
  5.669814;2.134937;8.088091;,
  14.209154;2.501515;6.104864;,
  14.077067;1.320883;6.658158;,
  14.648947;-0.097644;5.956517;,
  15.304843;4.646640;3.738404;,
  15.387085;2.112350;3.826493;,
  15.213522;-0.469613;3.776170;,
  14.715838;-3.651693;5.850934;,
  15.565872;1.928817;1.692870;,
  15.396728;-0.636645;1.694600;,
  15.070507;-3.757818;3.801262;,
  15.416984;1.909041;0.005025;,
  15.233987;4.637730;0.005026;,
  15.071573;-3.804712;0.851467;,
  15.391270;4.689421;1.685311;,
  14.575501;6.687717;3.697912;,
  15.008883;-3.805017;0.005024;,
  14.552070;-6.269351;0.005100;,
  15.150466;-3.805017;1.697068;,
  14.608733;-6.382921;3.848787;,
  14.338677;-6.184837;6.149069;,
  12.921294;-8.170219;6.553595;,
  9.734718;-9.749364;3.980774;,
  9.672754;-9.313341;6.892203;,
  13.093937;-8.511246;3.940647;,
  9.736125;-9.627265;1.684850;,
  14.673576;-6.336392;1.712264;,
  13.167770;-8.516353;1.678207;,
  13.142469;-8.344593;0.004947;,
  9.741760;-9.382034;0.004947;,
  -14.338675;-6.184837;6.149084;,
  -12.921292;-8.170218;6.553611;,
  -9.672754;-9.313340;6.892219;,
  -6.182260;-8.210678;6.553611;,
  -4.915045;-5.921380;6.149084;,
  -4.809437;-3.665090;5.851025;,
  -4.827126;-0.168887;5.956304;,
  -5.194564;1.490293;6.657943;,
  -5.296000;2.673612;6.104650;,
  -10.009350;2.703970;6.106143;,
  -5.493381;2.268918;7.103034;,
  -13.833790;2.117801;7.103264;,
  -5.669816;2.134938;8.088106;,
  -13.586747;1.981787;8.187426;,
  -6.074242;2.666290;8.500414;,
  -13.077050;2.601968;8.598494;,
  -7.465102;3.579884;8.956129;,
  -11.740526;3.448269;8.956129;,
  -9.557852;3.919760;9.149223;,
  11.740526;3.448268;8.956114;,
  10.009350;2.703969;6.106128;,
  13.077050;2.601968;8.598478;,
  13.586749;1.981787;8.187410;,
  9.557851;3.919759;9.149208;,
  13.833792;2.117800;7.103250;,
  7.465102;3.579883;8.956114;,
  6.074242;2.666289;8.500398;,
  5.669814;2.134937;8.088091;,
  5.493379;2.268917;7.103020;,
  5.295998;2.673611;6.104635;,
  14.209154;2.501515;6.104864;,
  9.761402;1.727717;4.138980;,
  5.194563;1.490292;6.657928;,
  14.077067;1.320883;6.658158;,
  4.827124;-0.168888;5.956289;,
  14.648947;-0.097644;5.956517;,
  4.809436;-3.665091;5.851009;,
  14.715838;-3.651693;5.850934;,
  4.915044;-5.921380;6.149069;,
  14.338677;-6.184837;6.149069;,
  6.182260;-8.210678;6.553596;,
  12.921294;-8.170219;6.553595;,
  9.672754;-9.313341;6.892203;;
  524;
  3;0,1,2;,
  3;3,4,5;,
  3;2,1,6;,
  3;4,7,5;,
  3;6,1,8;,
  3;7,4,9;,
  3;10,7,9;,
  3;4,3,11;,
  3;7,10,12;,
  3;13,11,3;,
  3;10,14,12;,
  3;11,13,15;,
  3;10,16,14;,
  3;10,17,16;,
  3;13,18,15;,
  3;18,13,19;,
  3;19,20,18;,
  3;20,19,21;,
  3;20,21,22;,
  3;23,24,25;,
  3;24,26,25;,
  3;27,25,26;,
  3;26,28,27;,
  3;29,27,28;,
  3;29,28,30;,
  3;31,30,28;,
  3;30,31,32;,
  3;33,32,31;,
  3;33,34,32;,
  3;35,32,34;,
  3;35,34,36;,
  3;37,36,34;,
  3;37,38,36;,
  3;38,39,36;,
  3;39,40,36;,
  3;41,42,43;,
  3;44,43,42;,
  3;43,44,45;,
  3;42,46,44;,
  3;47,45,44;,
  3;45,47,48;,
  3;49,48,47;,
  3;50,44,46;,
  3;44,50,47;,
  3;47,51,49;,
  3;51,47,50;,
  3;52,49,51;,
  3;51,53,52;,
  3;51,50,53;,
  3;54,52,53;,
  3;54,53,55;,
  3;56,53,50;,
  3;50,46,56;,
  3;57,56,46;,
  3;56,57,58;,
  3;59,55,53;,
  3;53,56,59;,
  3;55,59,60;,
  3;56,58,61;,
  3;61,59,56;,
  3;62,61,58;,
  3;63,60,59;,
  3;60,63,64;,
  3;61,65,59;,
  3;63,59,65;,
  3;61,62,65;,
  3;66,65,62;,
  3;66,67,65;,
  3;68,65,67;,
  3;65,68,63;,
  3;69,68,67;,
  3;70,64,63;,
  3;70,63,68;,
  3;64,70,71;,
  3;72,71,70;,
  3;70,68,72;,
  3;71,72,73;,
  3;74,72,68;,
  3;68,69,74;,
  3;75,74,69;,
  3;76,73,72;,
  3;72,74,76;,
  3;73,76,77;,
  3;78,77,76;,
  3;79,76,74;,
  3;76,79,78;,
  3;74,75,79;,
  3;80,78,79;,
  3;81,79,75;,
  3;80,79,82;,
  3;81,82,79;,
  3;83,84,85;,
  3;84,83,86;,
  3;87,86,83;,
  3;86,88,84;,
  3;86,87,89;,
  3;90,89,87;,
  3;89,90,91;,
  3;88,86,92;,
  3;89,92,86;,
  3;91,93,89;,
  3;92,89,93;,
  3;93,91,94;,
  3;94,95,93;,
  3;95,92,93;,
  3;95,94,96;,
  3;97,95,96;,
  3;92,95,98;,
  3;98,88,92;,
  3;88,98,99;,
  3;100,99,98;,
  3;101,100,98;,
  3;100,101,102;,
  3;103,98,95;,
  3;98,103,101;,
  3;95,97,103;,
  3;104,103,97;,
  3;105,102,101;,
  3;103,105,101;,
  3;102,105,106;,
  3;105,107,106;,
  3;103,104,108;,
  3;105,103,108;,
  3;109,108,104;,
  3;107,105,110;,
  3;108,110,105;,
  3;107,110,111;,
  3;108,109,112;,
  3;110,108,112;,
  3;113,112,109;,
  3;112,113,114;,
  3;114,110,112;,
  3;115,114,113;,
  3;116,111,110;,
  3;110,114,116;,
  3;111,116,117;,
  3;114,115,118;,
  3;118,116,114;,
  3;119,118,115;,
  3;118,119,120;,
  3;116,118,121;,
  3;120,121,118;,
  3;121,117,116;,
  3;121,120,122;,
  3;117,121,123;,
  3;124,121,122;,
  3;121,124,123;,
  3;125,126,127;,
  3;128,127,126;,
  3;126,129,128;,
  3;128,130,127;,
  3;131,127,130;,
  3;131,130,132;,
  3;133,128,129;,
  3;129,134,133;,
  3;135,133,134;,
  3;135,136,133;,
  3;133,137,128;,
  3;137,133,136;,
  3;130,128,137;,
  3;138,136,139;,
  3;137,136,140;,
  3;138,140,136;,
  3;137,140,130;,
  3;141,130,140;,
  3;141,132,130;,
  3;141,142,132;,
  3;141,140,142;,
  3;143,132,142;,
  3;144,142,140;,
  3;140,138,144;,
  3;138,145,144;,
  3;142,144,146;,
  3;142,146,143;,
  3;144,145,147;,
  3;147,146,144;,
  3;145,148,147;,
  3;149,143,146;,
  3;150,143,149;,
  3;146,147,151;,
  3;146,151,149;,
  3;152,147,148;,
  3;152,151,147;,
  3;148,153,152;,
  3;154,152,153;,
  3;154,155,152;,
  3;151,152,155;,
  3;154,153,156;,
  3;154,156,155;,
  3;157,156,153;,
  3;157,158,156;,
  3;159,156,158;,
  3;160,155,156;,
  3;156,159,160;,
  3;159,158,161;,
  3;162,161,158;,
  3;162,163,161;,
  3;164,160,159;,
  3;165,161,163;,
  3;164,159,166;,
  3;161,166,159;,
  3;164,167,160;,
  3;164,166,167;,
  3;168,160,167;,
  3;160,168,155;,
  3;169,167,166;,
  3;170,155,168;,
  3;155,170,151;,
  3;167,171,168;,
  3;167,169,171;,
  3;168,172,170;,
  3;172,168,171;,
  3;173,151,170;,
  3;173,149,151;,
  3;170,174,173;,
  3;174,170,172;,
  3;149,173,175;,
  3;149,175,176;,
  3;177,173,174;,
  3;177,175,173;,
  3;174,178,177;,
  3;172,178,174;,
  3;175,177,179;,
  3;178,179,177;,
  3;180,176,175;,
  3;176,180,181;,
  3;182,181,180;,
  3;180,175,183;,
  3;180,183,182;,
  3;179,183,175;,
  3;184,182,183;,
  3;183,185,184;,
  3;183,179,185;,
  3;186,184,185;,
  3;186,185,187;,
  3;188,185,179;,
  3;179,178,188;,
  3;189,187,185;,
  3;187,189,190;,
  3;189,185,191;,
  3;188,191,185;,
  3;192,190,189;,
  3;189,191,192;,
  3;190,192,193;,
  3;194,193,192;,
  3;192,195,194;,
  3;195,192,191;,
  3;196,194,195;,
  3;195,191,197;,
  3;196,195,198;,
  3;197,198,195;,
  3;199,200,196;,
  3;198,201,196;,
  3;196,202,199;,
  3;202,196,201;,
  3;203,199,202;,
  3;199,203,204;,
  3;203,202,205;,
  3;206,204,203;,
  3;207,205,202;,
  3;202,201,207;,
  3;205,208,203;,
  3;206,203,208;,
  3;209,205,207;,
  3;210,205,209;,
  3;208,205,210;,
  3;209,207,211;,
  3;212,210,213;,
  3;210,212,208;,
  3;214,211,207;,
  3;211,214,163;,
  3;214,207,201;,
  3;165,163,214;,
  3;165,214,215;,
  3;201,215,214;,
  3;165,215,161;,
  3;166,161,215;,
  3;166,215,169;,
  3;215,201,216;,
  3;216,169,215;,
  3;198,216,201;,
  3;198,197,216;,
  3;216,217,169;,
  3;217,216,197;,
  3;218,169,217;,
  3;218,171,169;,
  3;217,197,219;,
  3;218,217,219;,
  3;219,197,191;,
  3;191,188,219;,
  3;219,220,218;,
  3;220,219,188;,
  3;171,218,220;,
  3;220,188,178;,
  3;171,220,172;,
  3;178,172,220;,
  3;221,222,223;,
  3;224,223,222;,
  3;223,224,225;,
  3;224,222,226;,
  3;227,226,222;,
  3;227,204,226;,
  3;206,226,204;,
  3;206,208,226;,
  3;228,226,208;,
  3;226,228,224;,
  3;228,208,212;,
  3;229,224,228;,
  3;228,212,229;,
  3;229,225,224;,
  3;230,229,212;,
  3;225,229,231;,
  3;230,231,229;,
  3;232,233,234;,
  3;233,232,235;,
  3;235,236,233;,
  3;232,237,235;,
  3;237,232,238;,
  3;239,237,238;,
  3;236,235,240;,
  3;240,241,236;,
  3;241,240,242;,
  3;240,243,242;,
  3;235,244,240;,
  3;243,240,244;,
  3;244,235,237;,
  3;245,243,246;,
  3;247,243,244;,
  3;243,247,246;,
  3;237,247,244;,
  3;248,246,247;,
  3;248,249,246;,
  3;247,237,250;,
  3;237,239,250;,
  3;251,247,250;,
  3;239,251,250;,
  3;247,251,248;,
  3;251,239,252;,
  3;253,248,251;,
  3;252,253,251;,
  3;254,249,248;,
  3;248,253,254;,
  3;254,255,249;,
  3;253,252,256;,
  3;256,252,257;,
  3;258,254,253;,
  3;256,258,253;,
  3;255,254,259;,
  3;254,258,259;,
  3;259,260,255;,
  3;260,259,261;,
  3;259,262,261;,
  3;262,259,258;,
  3;263,260,261;,
  3;262,263,261;,
  3;260,263,264;,
  3;263,265,264;,
  3;265,263,266;,
  3;263,262,267;,
  3;267,266,263;,
  3;268,265,266;,
  3;265,268,269;,
  3;268,270,269;,
  3;266,267,271;,
  3;270,268,272;,
  3;273,266,271;,
  3;266,273,268;,
  3;267,274,271;,
  3;274,273,271;,
  3;274,267,275;,
  3;262,275,267;,
  3;273,274,276;,
  3;275,262,277;,
  3;258,277,262;,
  3;275,278,274;,
  3;278,276,274;,
  3;277,279,275;,
  3;278,275,279;,
  3;277,258,280;,
  3;258,256,280;,
  3;279,277,281;,
  3;280,281,277;,
  3;282,280,256;,
  3;283,282,256;,
  3;281,280,284;,
  3;280,282,284;,
  3;284,285,281;,
  3;281,285,279;,
  3;286,284,282;,
  3;284,286,285;,
  3;287,279,285;,
  3;279,287,278;,
  3;288,285,286;,
  3;285,288,287;,
  3;287,289,278;,
  3;276,278,289;,
  3;289,287,290;,
  3;288,290,287;,
  3;291,276,289;,
  3;290,291,289;,
  3;276,291,292;,
  3;290,293,291;,
  3;293,292,291;,
  3;294,293,290;,
  3;290,288,294;,
  3;292,293,295;,
  3;296,294,288;,
  3;286,296,288;,
  3;293,294,297;,
  3;297,295,293;,
  3;294,296,298;,
  3;294,299,297;,
  3;299,294,298;,
  3;300,297,299;,
  3;299,301,300;,
  3;301,299,302;,
  3;298,302,299;,
  3;302,298,303;,
  3;296,303,298;,
  3;303,296,304;,
  3;296,305,304;,
  3;305,296,306;,
  3;296,286,306;,
  3;306,307,305;,
  3;282,306,286;,
  3;307,306,308;,
  3;306,282,308;,
  3;308,309,307;,
  3;282,283,308;,
  3;309,308,283;,
  3;297,300,310;,
  3;295,297,310;,
  3;310,311,312;,
  3;310,313,295;,
  3;313,292,295;,
  3;312,314,310;,
  3;313,310,314;,
  3;314,312,315;,
  3;316,315,312;,
  3;317,313,314;,
  3;318,314,315;,
  3;314,318,317;,
  3;315,316,319;,
  3;317,318,320;,
  3;321,317,320;,
  3;320,318,322;,
  3;317,321,323;,
  3;313,317,323;,
  3;270,323,321;,
  3;323,270,272;,
  3;323,324,313;,
  3;324,323,272;,
  3;292,313,324;,
  3;268,324,272;,
  3;324,276,292;,
  3;324,268,273;,
  3;276,324,273;,
  3;325,322,326;,
  3;327,326,322;,
  3;322,318,327;,
  3;315,327,318;,
  3;327,315,319;,
  3;328,327,319;,
  3;316,328,319;,
  3;328,316,329;,
  3;330,328,329;,
  3;331,330,332;,
  3;330,331,333;,
  3;328,330,333;,
  3;334,333,331;,
  3;333,335,328;,
  3;327,328,335;,
  3;326,327,335;,
  3;335,333,336;,
  3;336,326,335;,
  3;333,334,336;,
  3;326,336,337;,
  3;338,336,334;,
  3;336,338,337;,
  3;339,1,0;,
  3;340,1,339;,
  3;341,1,340;,
  3;342,1,341;,
  3;343,1,342;,
  3;344,1,343;,
  3;345,1,344;,
  3;346,1,345;,
  3;347,1,346;,
  3;348,1,347;,
  3;8,1,348;,
  3;349,348,347;,
  3;8,348,350;,
  3;351,348,349;,
  3;350,348,352;,
  3;353,348,351;,
  3;352,348,354;,
  3;355,348,353;,
  3;354,348,356;,
  3;357,348,355;,
  3;356,348,357;,
  3;358,359,360;,
  3;360,359,361;,
  3;362,359,358;,
  3;361,359,363;,
  3;364,359,362;,
  3;365,359,364;,
  3;366,359,365;,
  3;367,359,366;,
  3;368,359,367;,
  3;363,359,369;,
  3;368,370,359;,
  3;359,370,369;,
  3;371,370,368;,
  3;369,370,372;,
  3;373,370,371;,
  3;372,370,374;,
  3;375,370,373;,
  3;374,370,376;,
  3;377,370,375;,
  3;376,370,378;,
  3;379,370,377;,
  3;378,370,380;,
  3;381,370,379;,
  3;380,370,381;;

  MeshNormals {
   382;
   -0.519973;-0.021040;0.853923;,
   -0.001330;0.044051;0.999028;,
   -0.400064;-0.121810;0.908356;,
   -0.667853;-0.120296;-0.734508;,
   0.668757;-0.075964;-0.739590;,
   -0.662813;-0.038587;-0.747790;,
   -0.267768;-0.009680;0.963435;,
   -0.655830;0.247177;-0.713295;,
   -0.440712;-0.481224;0.757758;,
   0.690149;0.100625;-0.716638;,
   0.626846;-0.259736;-0.734575;,
   0.672041;-0.073753;-0.736832;,
   -0.644673;-0.173429;-0.744527;,
   -0.668278;0.079469;-0.739655;,
   -0.378932;-0.552768;-0.742198;,
   0.666029;0.096399;-0.739671;,
   0.002974;-0.845239;-0.534381;,
   0.365650;-0.565035;-0.739618;,
   0.544779;0.380833;-0.747116;,
   -0.541776;0.386630;-0.746321;,
   0.293138;0.597266;-0.746554;,
   -0.276731;0.605224;-0.746408;,
   0.016943;0.662370;-0.748985;,
   -0.016943;0.662370;-0.748985;,
   0.276731;0.605224;-0.746408;,
   -0.293138;0.597266;-0.746554;,
   0.541776;0.386630;-0.746321;,
   -0.544778;0.380833;-0.747116;,
   0.668278;0.079469;-0.739655;,
   -0.666029;0.096399;-0.739671;,
   -0.672041;-0.073753;-0.736832;,
   0.667853;-0.120296;-0.734508;,
   -0.668757;-0.075964;-0.739590;,
   0.662813;-0.038587;-0.747790;,
   0.655830;0.247177;-0.713295;,
   -0.690149;0.100625;-0.716637;,
   -0.626847;-0.259736;-0.734575;,
   0.644673;-0.173429;-0.744527;,
   0.378932;-0.552768;-0.742198;,
   -0.002974;-0.845239;-0.534381;,
   -0.365650;-0.565036;-0.739618;,
   -0.144704;-0.979989;0.136681;,
   0.599408;-0.797237;0.071578;,
   0.096396;-0.991083;0.091988;,
   0.705262;-0.708911;0.007153;,
   -0.000731;-1.000000;0.000138;,
   0.993317;-0.114966;-0.010218;,
   0.658582;-0.749505;-0.067178;,
   0.067093;-0.997359;0.027802;,
   0.721260;-0.691805;-0.034502;,
   0.992197;-0.095025;-0.080724;,
   0.978540;-0.154648;-0.136177;,
   0.990008;-0.063369;-0.125973;,
   0.926309;0.348486;-0.143212;,
   0.892666;0.426021;-0.147154;,
   0.411052;0.897364;-0.160544;,
   0.950326;0.309292;0.034916;,
   0.994889;0.092672;0.040110;,
   0.764572;0.541206;0.350037;,
   0.333305;0.933602;-0.131510;,
   -0.356618;0.926566;-0.119578;,
   0.434789;0.848307;0.302215;,
   0.149275;0.861718;0.484932;,
   -0.544678;0.835045;-0.077623;,
   -0.842892;0.532062;-0.080267;,
   -0.336526;0.881599;0.330957;,
   -0.248353;0.835388;0.490354;,
   -0.730124;0.502637;0.462899;,
   -0.919027;0.359404;0.161920;,
   -0.978941;0.116910;0.167352;,
   -0.929021;0.358253;-0.092602;,
   -0.997057;-0.032085;-0.069623;,
   -0.993197;-0.090497;-0.073279;,
   -0.670564;-0.741723;0.013820;,
   -0.994358;-0.081905;0.067410;,
   -0.970510;-0.233276;0.060772;,
   -0.669598;-0.742461;-0.019752;,
   0.067093;-0.997359;0.027802;,
   -0.000731;-1.000000;0.000138;,
   -0.664219;-0.743654;0.076112;,
   0.096396;-0.991083;0.091988;,
   -0.701115;-0.706048;0.099670;,
   -0.144704;-0.979989;0.136681;,
   -0.096396;-0.991083;0.091988;,
   -0.599408;-0.797237;0.071578;,
   0.144704;-0.979989;0.136681;,
   -0.705262;-0.708911;0.007153;,
   0.000731;-1.000000;0.000138;,
   -0.993317;-0.114966;-0.010218;,
   -0.658582;-0.749505;-0.067178;,
   -0.067093;-0.997359;0.027802;,
   -0.721260;-0.691805;-0.034502;,
   -0.992197;-0.095025;-0.080724;,
   -0.978540;-0.154648;-0.136177;,
   -0.990008;-0.063369;-0.125973;,
   -0.926309;0.348486;-0.143211;,
   -0.892666;0.426021;-0.147154;,
   -0.411052;0.897364;-0.160544;,
   -0.950326;0.309292;0.034916;,
   -0.994889;0.092672;0.040110;,
   -0.764572;0.541206;0.350037;,
   -0.434789;0.848307;0.302215;,
   -0.149275;0.861718;0.484932;,
   -0.333305;0.933602;-0.131510;,
   0.356618;0.926566;-0.119578;,
   0.336526;0.881599;0.330957;,
   0.248353;0.835388;0.490354;,
   0.730124;0.502637;0.462899;,
   0.544678;0.835045;-0.077623;,
   0.842892;0.532062;-0.080267;,
   0.919027;0.359404;0.161920;,
   0.978941;0.116910;0.167352;,
   0.929021;0.358253;-0.092602;,
   0.997057;-0.032085;-0.069623;,
   0.993197;-0.090497;-0.073279;,
   0.670564;-0.741723;0.013820;,
   0.994358;-0.081905;0.067410;,
   0.970510;-0.233276;0.060772;,
   0.669598;-0.742461;-0.019752;,
   -0.067093;-0.997359;0.027802;,
   0.000731;-1.000000;0.000138;,
   0.664219;-0.743653;0.076112;,
   -0.096396;-0.991083;0.091988;,
   0.701115;-0.706048;0.099670;,
   0.144704;-0.979989;0.136681;,
   -0.004850;-0.807780;0.589464;,
   -0.004941;-0.995961;0.089649;,
   0.400861;-0.422312;0.812997;,
   0.575713;-0.816570;0.042038;,
   -0.003983;-0.998400;-0.056414;,
   0.964759;-0.252998;0.072330;,
   0.601582;-0.058549;0.796662;,
   0.540956;0.013692;0.840940;,
   0.570685;-0.818090;-0.071042;,
   -0.002974;-0.845239;-0.534381;,
   0.378932;-0.552768;-0.742198;,
   0.644673;-0.173429;-0.744527;,
   0.944212;-0.326804;-0.040776;,
   0.662813;-0.038587;-0.747790;,
   0.655830;0.247177;-0.713295;,
   0.998852;-0.032841;-0.034867;,
   0.998843;-0.027377;0.039537;,
   0.995823;-0.034164;0.084671;,
   0.456836;-0.099462;0.883973;,
   0.997291;-0.072183;-0.014191;,
   0.667853;-0.120296;-0.734508;,
   0.980784;0.004376;0.195046;,
   0.999608;-0.026839;0.008019;,
   0.668278;0.079469;-0.739655;,
   0.523929;-0.506714;0.684646;,
   0.436601;0.025084;0.899306;,
   0.958027;0.136250;0.252230;,
   0.971008;0.238973;-0.005935;,
   0.541776;0.386630;-0.746321;,
   0.814958;0.579124;-0.021415;,
   0.796302;0.580309;0.170718;,
   0.454780;0.890102;-0.029894;,
   0.276731;0.605224;-0.746408;,
   -0.016943;0.662370;-0.748985;,
   -0.026073;0.999492;0.018340;,
   0.327887;0.921893;0.206404;,
