xof 0303txt 0032
template ColorRGBA {
 <35ff44e0-6c7c-11cf-8f52-0040333594a3>
 FLOAT red;
 FLOAT green;
 FLOAT blue;
 FLOAT alpha;
}

template ColorRGB {
 <d3e16e81-7835-11cf-8f52-0040333594a3>
 FLOAT red;
 FLOAT green;
 FLOAT blue;
}

template Material {
 <3d82ab4d-62da-11cf-ab39-0020af71e433>
 ColorRGBA faceColor;
 FLOAT power;
 ColorRGB specularColor;
 ColorRGB emissiveColor;
 [...]
}

template TextureFilename {
 <a42790e1-7810-11cf-8f52-0040333594a3>
 STRING filename;
}

template Frame {
 <3d82ab46-62da-11cf-ab39-0020af71e433>
 [...]
}

template Matrix4x4 {
 <f6f23f45-7686-11cf-8f52-0040333594a3>
 array FLOAT matrix[16];
}

template FrameTransformMatrix {
 <f6f23f41-7686-11cf-8f52-0040333594a3>
 Matrix4x4 frameMatrix;
}

template Vector {
 <3d82ab5e-62da-11cf-ab39-0020af71e433>
 FLOAT x;
 FLOAT y;
 FLOAT z;
}

template MeshFace {
 <3d82ab5f-62da-11cf-ab39-0020af71e433>
 DWORD nFaceVertexIndices;
 array DWORD faceVertexIndices[nFaceVertexIndices];
}

template Mesh {
 <3d82ab44-62da-11cf-ab39-0020af71e433>
 DWORD nVertices;
 array Vector vertices[nVertices];
 DWORD nFaces;
 array MeshFace faces[nFaces];
 [...]
}

template MeshNormals {
 <f6f23f43-7686-11cf-8f52-0040333594a3>
 DWORD nNormals;
 array Vector normals[nNormals];
 DWORD nFaceNormals;
 array MeshFace faceNormals[nFaceNormals];
}

template MeshMaterialList {
 <f6f23f42-7686-11cf-8f52-0040333594a3>
 DWORD nMaterials;
 DWORD nFaceIndexes;
 array DWORD faceIndexes[nFaceIndexes];
 [Material <3d82ab4d-62da-11cf-ab39-0020af71e433>]
}

template Coords2d {
 <f6f23f44-7686-11cf-8f52-0040333594a3>
 FLOAT u;
 FLOAT v;
}

template MeshTextureCoords {
 <f6f23f40-7686-11cf-8f52-0040333594a3>
 DWORD nTextureCoords;
 array Coords2d textureCoords[nTextureCoords];
}

template XSkinMeshHeader {
 <3cf169ce-ff7c-44ab-93c0-f78f62d172e2>
 WORD nMaxSkinWeightsPerVertex;
 WORD nMaxSkinWeightsPerFace;
 WORD nBones;
}

template SkinWeights {
 <6f0d123b-bad2-4167-a0d0-80224f25fabb>
 STRING transformNodeName;
 DWORD nWeights;
 array DWORD vertexIndices[nWeights];
 array FLOAT weights[nWeights];
 Matrix4x4 matrixOffset;
}

template AnimTicksPerSecond {
 <9e415a43-7ba6-4a73-8743-b73d47e88476>
 DWORD AnimTicksPerSecond;
}

template Animation {
 <3d82ab4f-62da-11cf-ab39-0020af71e433>
 [...]
}

template AnimationSet {
 <3d82ab50-62da-11cf-ab39-0020af71e433>
 [Animation <3d82ab4f-62da-11cf-ab39-0020af71e433>]
}

template FloatKeys {
 <10dd46a9-775b-11cf-8f52-0040333594a3>
 DWORD nValues;
 array FLOAT values[nValues];
}

template TimedFloatKeys {
 <f406b180-7b3b-11cf-8f52-0040333594a3>
 DWORD time;
 FloatKeys tfkeys;
}

template AnimationKey {
 <10dd46a8-775b-11cf-8f52-0040333594a3>
 DWORD keyType;
 DWORD nKeys;
 array TimedFloatKeys keys[nKeys];
}


Material _11500216_M_LightBlueSkinnyPants_171 {
 1.000000;1.000000;1.000000;1.000000;;
 43.219280;
 0.020000;0.020000;0.020000;;
 0.000000;0.000000;0.000000;;

 TextureFilename {
  "11500216_m_lightblueskinnypants_d.dds";
 }
}

Frame Scene_Root {
 

 FrameTransformMatrix {
  0.393701,0.000000,0.000000,0.000000,0.000000,-0.000000,-0.393701,0.000000,0.000000,0.393701,-0.000000,0.000000,0.000000,0.000000,0.000000,1.000000;;
 }

 Frame Bip01 {
  

  FrameTransformMatrix {
   0.000001,0.997564,-0.069757,0.000000,-1.000000,0.000001,-0.000000,0.000000,0.000000,0.069757,0.997564,0.000000,0.000000,1.527915,43.145398,1.000000;;
  }

  Frame Bip01_Footsteps {
   

   FrameTransformMatrix {
    0.000002,-1.000000,0.000000,0.000000,0.997564,0.000002,0.069757,0.000000,-0.069757,-0.000000,0.997564,0.000000,3.011114,0.000004,-43.060326,1.000000;;
   }
  }

  Frame Bip01_Pelvis {
   

   FrameTransformMatrix {
    0.000001,-0.000000,1.000000,0.000000,-1.000000,0.000001,0.000001,0.000000,-0.000001,-1.000000,-0.000000,0.000000,0.000000,0.000000,0.000000,1.000000;;
   }

   Frame Bip01_Spine {
    

    FrameTransformMatrix {
     0.999999,-0.001017,0.000001,0.000000,0.001017,0.999999,0.000004,0.000000,-0.000001,-0.000004,1.000000,0.000000,3.648819,0.087648,0.000006,1.000000;;
    }

    Frame Bip01_Spine1 {
     

     FrameTransformMatrix {
      0.993338,0.115232,-0.000000,0.000000,-0.115232,0.993339,0.000000,0.000000,0.000000,-0.000000,1.000000,0.000000,8.606411,0.007721,-0.000000,1.000000;;
     }

     Frame Bip01_Spine2 {
      

      FrameTransformMatrix {
       0.993176,0.116629,-0.000000,0.000000,-0.116629,0.993176,0.000000,0.000000,0.000000,-0.000000,1.000000,0.000000,9.761890,0.009832,-0.000000,1.000000;;
      }

      Frame Bip01_Neck {
       

       FrameTransformMatrix {
        0.967538,-0.252726,0.000001,0.000000,0.252726,0.967538,0.000000,0.000000,-0.000001,0.000000,1.000000,0.000000,12.207958,-0.363331,0.000003,1.000000;;
       }

       Frame Bip01_Head {
        

        FrameTransformMatrix {
         0.995689,0.092758,-0.000000,0.000000,-0.092758,0.995689,0.000000,0.000000,0.000000,-0.000000,1.000000,0.000000,3.164185,0.777052,-0.000000,1.000000;;
        }

        Frame Bip01_HeadNub {
         

         FrameTransformMatrix {
          1.000000,0.000000,-0.000000,0.000000,-0.000000,1.000000,0.000000,0.000000,0.000000,-0.000000,1.000000,0.000000,54.433946,0.000000,-0.000001,1.000000;;
         }
        }

        Frame Tail_Point02 {
         

         FrameTransformMatrix {
          0.000001,-0.000000,1.000000,0.000000,-0.999999,-0.001053,0.000001,0.000000,0.001053,-0.999999,-0.000000,0.000000,19.123322,-15.099806,19.392770,1.000000;;
         }
        }

        Frame Tail_Point01 {
         

         FrameTransformMatrix {
          0.000001,-0.000000,1.000000,0.000000,-0.999999,-0.001053,0.000001,0.000000,0.001053,-0.999999,-0.000000,0.000000,12.513458,-23.171248,4.274388,1.000000;;
         }
        }

        Frame Tail_Point04 {
         

         FrameTransformMatrix {
          0.000001,-0.000000,1.000000,0.000000,-0.999999,-0.001053,0.000001,0.000000,0.001053,-0.999999,-0.000000,0.000000,19.123818,-15.099856,-19.392981,1.000000;;
         }
        }

        Frame Tail_Point03 {
         

         FrameTransformMatrix {
          0.000001,-0.000000,1.000000,0.000000,-0.999999,-0.001053,0.000001,0.000000,0.001053,-0.999999,-0.000000,0.000000,12.513306,-23.171251,-4.273971,1.000000;;
         }
        }

        Frame Tail_Point05 {
         

         FrameTransformMatrix {
          0.000001,-0.000000,1.000000,0.000000,-0.999999,-0.001053,0.000001,0.000000,0.001053,-0.999999,-0.000000,0.000000,18.363640,-22.216832,9.580283,1.000000;;
         }
        }

        Frame Tail_Point06 {
         

         FrameTransformMatrix {
          0.000001,-0.000000,1.000000,0.000000,-0.999999,-0.001053,0.000001,0.000000,0.001053,-0.999999,-0.000000,0.000000,8.652519,-18.881099,13.965821,1.000000;;
         }
        }

        Frame Tail_Point07 {
         

         FrameTransformMatrix {
          0.000001,-0.000000,1.000000,0.000000,-0.999999,-0.001053,0.000001,0.000000,0.001053,-0.999999,-0.000000,0.000000,9.050392,-18.880720,-14.099013,1.000000;;
         }
        }

        Frame Tail_Point08 {
         

         FrameTransformMatrix {
          0.000001,-0.000000,1.000000,0.000000,-0.999999,-0.001053,0.000001,0.000000,0.001053,-0.999999,-0.000000,0.000000,18.363618,-22.216854,-9.579970,1.000000;;
         }
        }
       }

       Frame Bip01_L_Clavicle {
        

        FrameTransformMatrix {
         -0.352692,0.012017,0.935662,0.000000,0.252031,-0.961746,0.107353,0.000000,0.901159,0.273679,0.336172,0.000000,-2.653053,0.600207,3.128576,1.000000;;
        }

        Frame Bip01_L_UpperArm {
         

         FrameTransformMatrix {
          0.866962,-0.069581,-0.493494,0.000000,-0.053550,0.971468,-0.231048,0.000000,0.495490,0.226737,0.838499,0.000000,7.154713,-0.000003,-0.000000,1.000000;;
         }

         Frame Bip01_L_Forearm {
          

          FrameTransformMatrix {
           0.999999,0.001452,0.000000,0.000000,-0.001452,0.999999,-0.000000,0.000000,0.000000,0.000000,1.000000,0.000000,16.099011,0.000001,0.000000,1.000000;;
          }

          Frame Bip01_L_Hand {
           

           FrameTransformMatrix {
            0.999148,-0.032013,0.026073,0.000000,-0.027134,-0.033162,0.999081,0.000000,-0.031119,-0.998937,-0.034003,0.000000,12.943914,0.000001,0.000000,1.000000;;
           }

           Frame Weapon_Hand_L_Point {
            

            FrameTransformMatrix {
             0.031765,-0.100532,0.994427,0.000000,0.997954,-0.052045,-0.037139,0.000000,0.055489,0.993572,0.098673,0.000000,11.053598,-2.077042,-0.434262,1.000000;;
            }
           }
          }
         }
        }
       }

       Frame Bip01_R_Clavicle {
        

        FrameTransformMatrix {
         -0.352692,0.012011,-0.935662,0.000000,0.252031,-0.961747,-0.107348,0.000000,-0.901159,-0.273677,0.336173,0.000000,-2.653076,0.600190,-3.128585,1.000000;;
        }

        Frame Bip01_R_UpperArm {
         

         FrameTransformMatrix {
          0.866961,-0.069581,0.493494,0.000000,-0.053550,0.971467,0.231048,0.000000,-0.495490,-0.226737,0.838499,0.000000,7.154707,0.000002,0.000000,1.000000;;
         }

         Frame Bip01_R_Forearm {
          

          FrameTransformMatrix {
           0.999999,0.001452,-0.000000,0.000000,-0.001452,0.999999,-0.000000,0.000000,0.000000,0.000000,1.000000,0.000000,16.098979,0.000001,0.000000,1.000000;;
          }

          Frame Bip01_R_Hand {
           

           FrameTransformMatrix {
            0.999147,-0.032013,-0.026073,0.000000,-0.027134,-0.033162,-0.999082,0.000000,0.031119,0.998937,-0.034003,0.000000,12.943894,0.000000,-0.000004,1.000000;;
           }

           Frame Weapon_Hand_R_Point {
            

            FrameTransformMatrix {
             -0.066572,0.102286,0.992525,0.000000,0.996237,-0.048502,0.071820,0.000000,0.055486,0.993572,-0.098672,0.000000,11.053572,-2.077049,0.434246,1.000000;;
            }
           }
          }
         }
        }
       }
      }
     }

     Frame Weapon_Back_R_Point {
      

      FrameTransformMatrix {
       -0.126066,-0.986694,0.102681,0.000000,-0.473971,0.150837,0.867525,0.000000,-0.871469,0.060697,-0.486680,0.000000,22.106290,8.777389,-28.850067,1.000000;;
      }
     }

     Frame Weapon_Back_B_Point {
      

      FrameTransformMatrix {
       -0.020807,-0.996061,0.086193,0.000000,0.646766,0.052332,0.760891,0.000000,-0.762405,0.071578,0.643130,0.000000,6.591152,15.335430,3.548436,1.000000;;
      }
     }
    }
   }

   Frame Bip01_L_Thigh {
    

    FrameTransformMatrix {
     -0.996421,0.067699,0.050614,0.000000,0.067412,0.997698,-0.007358,0.000000,-0.050996,-0.003919,-0.998692,0.000000,-0.000008,-0.000013,7.749222,1.000000;;
    }

    Frame Bip01_L_Calf {
     

     FrameTransformMatrix {
      0.999628,0.027315,-0.000000,0.000000,-0.027315,0.999627,-0.000000,0.000000,0.000000,0.000000,1.000001,0.000000,20.567846,0.000000,-0.000001,1.000000;;
     }

     Frame Bip01_L_Foot {
      

      FrameTransformMatrix {
       0.985298,-0.163264,0.050339,0.000000,0.162268,0.986472,0.023295,0.000000,-0.053461,-0.014784,0.998461,0.000000,13.299996,-0.000000,-0.000000,1.000000;;
      }
     }

     Frame L_Calf_Point01 {
      

      FrameTransformMatrix {
       0.985106,-0.164333,0.050615,0.000000,0.163331,0.986295,0.023365,0.000000,-0.053761,-0.014750,0.998446,0.000000,12.278660,-0.074271,-1.656631,1.000000;;
      }
     }
    }
   }

   Frame Bip01_R_Thigh {
    

    FrameTransformMatrix {
     -0.996421,0.067700,-0.050617,0.000000,0.067413,0.997698,0.007361,0.000000,0.050999,0.003922,-0.998691,0.000000,0.000011,0.000009,-7.749222,1.000000;;
    }

    Frame Bip01_R_Calf {
     

     FrameTransformMatrix {
      0.999627,0.027315,-0.000000,0.000000,-0.027315,0.999627,-0.000000,0.000000,0.000000,0.000000,1.000000,0.000000,20.567826,-0.000000,0.000001,1.000000;;
     }

     Frame Bip01_R_Foot {
      

      FrameTransformMatrix {
       0.985298,-0.163264,-0.050339,0.000000,0.162268,0.986472,-0.023295,0.000000,0.053461,0.014784,0.998461,0.000000,13.299989,-0.000001,-0.000000,1.000000;;
      }
     }

     Frame R_Calf_Point01 {
      

      FrameTransformMatrix {
       0.985277,-0.163296,-0.050628,0.000000,0.162299,0.986468,-0.023257,0.000000,0.053740,0.014697,0.998447,0.000000,12.277331,-0.074044,1.630356,1.000000;;
      }
     }
    }
   }

   Frame Weapon_Side_R_Point {
    

    FrameTransformMatrix {
     0.375118,-0.025884,-0.926616,0.000000,-0.398265,0.898149,-0.186316,0.000000,0.837061,0.438929,0.326603,0.000000,4.754982,-9.728017,-14.996736,1.000000;;
    }
   }

   Frame Weapon_Side_L_Point {
    

    FrameTransformMatrix {
     -0.396963,0.013947,-0.917728,0.000000,-0.396286,0.899279,0.185080,0.000000,0.827875,0.437153,-0.351454,0.000000,4.843651,-9.796758,15.171016,1.000000;;
    }
   }
  }

  Frame EFF_Lock_D {
   

   FrameTransformMatrix {
    0.997581,0.000000,0.069521,0.000000,-0.000000,1.000000,0.000000,0.000000,-0.069521,-0.000000,0.997580,0.000000,1.485519,0.000002,-43.146867,1.000000;;
   }

   Frame Extra_Point01 {
    

    FrameTransformMatrix {
     0.000001,-1.000000,-0.000000,0.000000,1.000000,0.000001,0.000237,0.000000,-0.000237,-0.000000,1.000000,0.000000,4.648524,0.000004,9.329006,1.000000;;
    }
   }
  }

  Frame Move_Link_D {
   

   FrameTransformMatrix {
    0.997564,-0.000000,0.069757,0.000000,0.000000,1.000000,-0.000000,0.000000,-0.069757,0.000000,0.997564,0.000000,0.598068,0.000001,-8.552654,1.000000;;
   }

   Frame EFF_Move_D {
    

    FrameTransformMatrix {
     1.000000,0.000001,-0.000000,0.000000,-0.000001,1.000000,0.000000,0.000000,0.000000,-0.000000,1.000000,0.000000,-1.706174,0.013154,-34.571846,1.000000;;
    }
   }
  }

  Frame SATA9NI_Bone01 {
   

   FrameTransformMatrix {
    0.043110,-0.000337,-0.999070,0.000000,0.999070,-0.000001,0.043110,0.000000,-0.000016,-1.000000,0.000337,0.000000,-1.034301,0.013151,-0.145493,1.000000;;
   }
  }

  Frame SATA9NI_Lock_Dummy01 {
   

   FrameTransformMatrix {
    0.000001,-1.000000,0.000000,0.000000,0.997564,0.000001,0.069757,0.000000,-0.069757,-0.000000,0.997564,0.000000,1.485519,0.000002,-43.146867,1.000000;;
   }
  }

  Frame SATA9NI_Link_Point02 {
   

   FrameTransformMatrix {
    -0.997564,-0.000001,-0.069757,0.000000,0.069757,0.000000,-0.997564,0.000000,0.000001,-1.000000,-0.000000,0.000000,0.647019,0.000002,-39.109933,1.000000;;
   }
  }
 }

 Frame PA {
  

  FrameTransformMatrix {
   1.000000,0.000000,0.000000,0.000000,0.000000,1.000000,0.000000,0.000000,0.000000,0.000000,1.000000,0.000000,0.000000,0.000001,0.000000,1.000000;;
  }
 }
}

Frame PA_ {
 

 FrameTransformMatrix {
  0.393701,0.000000,0.000000,0.000000,0.000000,-0.000000,-0.393701,0.000000,0.000000,0.393701,-0.000000,0.000000,0.000000,0.000000,0.000000,1.000000;;
 }

 Mesh PA_ {
  551;
  -13.766357;-8.658243;15.082808;,
  -9.106300;-10.119637;15.621846;,
  -13.860382;-8.704410;15.799446;,
  -13.860382;-8.704410;15.799446;,
  -15.737501;-4.237220;14.954590;,
  -13.766357;-8.658243;15.082808;,
  -4.522310;-8.675042;14.606546;,
  -2.463693;-4.233373;14.958650;,
  -4.346880;-8.728508;15.305779;,
  -9.106300;-10.119637;15.621846;,
  -13.766357;-8.658243;15.082808;,
  -9.133385;-10.029373;14.911474;,
  -9.133385;-10.029373;14.911474;,
  -4.346880;-8.728508;15.305779;,
  -9.106300;-10.119637;15.621846;,
  -15.737501;-4.237220;14.954590;,
  -13.860382;-8.704410;15.799446;,
  -15.910328;-4.197290;15.666541;,
  -14.945952;1.079772;15.332274;,
  -11.291728;3.977117;14.278578;,
  -14.798522;0.907810;14.632101;,
  -15.430938;-4.175550;14.935238;,
  -13.766357;-8.658243;15.082808;,
  -15.737501;-4.237220;14.954590;,
  -2.463693;-4.233373;14.958650;,
  -4.522310;-8.675042;14.606546;,
  -2.691934;-4.274732;14.271654;,
  -13.766357;-8.658243;15.082808;,
  -15.430938;-4.175550;14.935238;,
  -13.551427;-8.391069;15.057490;,
  -6.710624;4.252053;14.741989;,
  -3.522406;0.841942;14.043571;,
  -6.817099;3.953272;14.062629;,
  -4.346880;-8.728508;15.305779;,
  -9.133385;-10.029373;14.911474;,
  -4.522310;-8.675042;14.606546;,
  -15.378875;-2.272176;14.831422;,
  -15.430938;-4.175550;14.935238;,
  -15.737501;-4.237220;14.954590;,
  -11.342403;4.273433;14.965832;,
  -6.817099;3.953272;14.062629;,
  -11.291728;3.977117;14.278578;,
  -15.543224;-2.188496;15.539298;,
  -14.798522;0.907810;14.632101;,
  -15.378875;-2.272176;14.831422;,
  -15.543224;-2.188496;15.539298;,
  -15.737501;-4.237220;14.954590;,
  -15.910328;-4.197290;15.666541;,
  -15.737501;-4.237220;14.954590;,
  -15.543224;-2.188496;15.539298;,
  -15.378875;-2.272176;14.831422;,
  -2.924675;-1.436830;14.832870;,
  -2.691934;-4.274732;14.271654;,
  -3.140362;-1.511894;14.148496;,
  -15.430938;-4.175550;14.935238;,
  -15.378875;-2.272176;14.831422;,
  -15.093235;-2.325134;14.819254;,
  -3.522406;0.841942;14.043571;,
  -6.710624;4.252053;14.741989;,
  -3.330160;1.023046;14.722235;,
  -14.798522;0.907810;14.632101;,
  -15.543224;-2.188496;15.539298;,
  -14.945952;1.079772;15.332274;,
  -3.522406;0.841942;14.043571;,
  -2.924675;-1.436830;14.832870;,
  -3.140362;-1.511894;14.148496;,
  -15.378875;-2.272176;14.831422;,
  -14.535610;0.730322;14.627741;,
  -15.093235;-2.325134;14.819254;,
  -2.691934;-4.274732;14.271654;,
  -2.924675;-1.436830;14.832870;,
  -2.463693;-4.233373;14.958650;,
  -2.924675;-1.436830;14.832870;,
  -3.522406;0.841942;14.043571;,
  -3.330160;1.023046;14.722235;,
  -14.535610;0.730322;14.627741;,
  -15.378875;-2.272176;14.831422;,
  -14.798522;0.907810;14.632101;,
  -11.291728;3.977117;14.278578;,
  -14.945952;1.079772;15.332274;,
  -11.342403;4.273433;14.965832;,
  9.106302;-10.119638;15.621834;,
  13.766362;-8.658245;15.082794;,
  13.860386;-8.704413;15.799430;,
  -13.551427;-8.391069;15.057490;,
  -9.133385;-10.029373;14.911474;,
  -13.766357;-8.658243;15.082808;,
  15.737502;-4.237221;14.954574;,
  13.860386;-8.704413;15.799430;,
  13.766362;-8.658245;15.082794;,
  -6.817099;3.953272;14.062629;,
  -11.342403;4.273433;14.965832;,
  -6.710624;4.252053;14.741989;,
  13.766362;-8.658245;15.082794;,
  9.106302;-10.119638;15.621834;,
  9.133386;-10.029375;14.911459;,
  4.346880;-8.728510;15.305766;,
  9.133386;-10.029375;14.911459;,
  9.106302;-10.119638;15.621834;,
  2.463692;-4.233375;14.958637;,
  4.522310;-8.675044;14.606533;,
  4.346880;-8.728510;15.305766;,
  -14.798522;0.907810;14.632101;,
  -11.191506;3.656961;14.290658;,
  -14.535610;0.730322;14.627741;,
  13.860386;-8.704413;15.799430;,
  15.737502;-4.237221;14.954574;,
  15.910331;-4.197291;15.666526;,
  4.522310;-8.675044;14.606533;,
  2.463692;-4.233375;14.958637;,
  2.691933;-4.274734;14.271640;,
  9.133386;-10.029375;14.911459;,
  4.346880;-8.728510;15.305766;,
  4.522310;-8.675044;14.606533;,
  -9.133385;-10.029373;14.911474;,
  -13.551427;-8.391069;15.057490;,
  -9.133798;-9.698464;14.894118;,
  11.291729;3.977116;14.278563;,
  14.945955;1.079771;15.332261;,
  14.798526;0.907810;14.632086;,
  -11.191506;3.656961;14.290658;,
  -14.798522;0.907810;14.632101;,
  -11.291728;3.977117;14.278578;,
  3.522404;0.841941;14.043558;,
  6.710623;4.252052;14.741974;,
  6.817098;3.953271;14.062614;,
  6.817098;3.953271;14.062614;,
  11.342403;4.273433;14.965821;,
  11.291729;3.977116;14.278563;,
  2.691933;-4.274734;14.271640;,
  2.924674;-1.436831;14.832859;,
  3.140361;-1.511895;14.148483;,
  6.710623;4.252052;14.741974;,
  3.522404;0.841941;14.043558;,
  3.330159;1.023045;14.722222;,
  14.798526;0.907810;14.632086;,
  15.543227;-2.188497;15.539283;,
  15.378878;-2.272177;14.831406;,
  2.924674;-1.436831;14.832859;,
  2.691933;-4.274734;14.271640;,
  2.463692;-4.233375;14.958637;,
  15.543227;-2.188497;15.539283;,
  15.737502;-4.237221;14.954574;,
  15.378878;-2.272177;14.831406;,
  15.737502;-4.237221;14.954574;,
  15.543227;-2.188497;15.539283;,
  15.910331;-4.197291;15.666526;,
  2.924674;-1.436831;14.832859;,
  3.522404;0.841941;14.043558;,
  3.140361;-1.511895;14.148483;,
  3.522404;0.841941;14.043558;,
  2.924674;-1.436831;14.832859;,
  3.330159;1.023045;14.722222;,
  15.543227;-2.188497;15.539283;,
  14.798526;0.907810;14.632086;,
  14.945955;1.079771;15.332261;,
  14.945955;1.079771;15.332261;,
  11.291729;3.977116;14.278563;,
  11.342403;4.273433;14.965821;,
  13.766362;-8.658245;15.082794;,
  15.430941;-4.175552;14.935222;,
  15.737502;-4.237221;14.954574;,
  11.342403;4.273433;14.965821;,
  6.817098;3.953271;14.062614;,
  6.710623;4.252052;14.741974;,
  15.430941;-4.175552;14.935222;,
  13.766362;-8.658245;15.082794;,
  13.551430;-8.391070;15.057475;,
  9.133386;-10.029375;14.911459;,
  13.551430;-8.391070;15.057475;,
  13.766362;-8.658245;15.082794;,
  15.430941;-4.175552;14.935222;,
  15.378878;-2.272177;14.831406;,
  15.737502;-4.237221;14.954574;,
  -9.133798;-9.698464;14.894118;,
  -4.522310;-8.675042;14.606546;,
  -9.133385;-10.029373;14.911474;,
  15.378878;-2.272177;14.831406;,
  15.430941;-4.175552;14.935222;,
  15.093237;-2.325135;14.819240;,
  -11.291728;3.977117;14.278578;,
  -6.924894;3.634223;14.084741;,
  -11.191506;3.656961;14.290658;,
  14.535613;0.730321;14.627725;,
  15.378878;-2.272177;14.831406;,
  15.093237;-2.325135;14.819240;,
  15.378878;-2.272177;14.831406;,
  14.535613;0.730321;14.627725;,
  14.798526;0.907810;14.632086;,
  13.551430;-8.391070;15.057475;,
  9.133386;-10.029375;14.911459;,
  9.133799;-9.698467;14.894104;,
  11.191507;3.656960;14.290643;,
  14.798526;0.907810;14.632086;,
  14.535613;0.730321;14.627725;,
  -4.522310;-8.675042;14.606546;,
  -9.133798;-9.698464;14.894118;,
  -4.737044;-8.407086;14.603360;,
  -6.924894;3.634223;14.084741;,
  -11.291728;3.977117;14.278578;,
  -6.817099;3.953272;14.062629;,
  14.798526;0.907810;14.632086;,
  11.191507;3.656960;14.290643;,
  11.291729;3.977116;14.278563;,
  4.522310;-8.675044;14.606533;,
  9.133799;-9.698467;14.894104;,
  9.133386;-10.029375;14.911459;,
  9.133799;-9.698467;14.894104;,
  4.522310;-8.675044;14.606533;,
  4.737044;-8.407088;14.603347;,
  6.924894;3.634222;14.084726;,
  11.291729;3.977116;14.278563;,
  11.191507;3.656960;14.290643;,
  -4.737044;-8.407086;14.603360;,
  -2.691934;-4.274732;14.271654;,
  -4.522310;-8.675042;14.606546;,
  -6.817099;3.953272;14.062629;,
  -3.783636;0.667516;14.066568;,
  -6.924894;3.634223;14.084741;,
  11.291729;3.977116;14.278563;,
  6.924894;3.634222;14.084726;,
  6.817098;3.953271;14.062614;,
  -2.691934;-4.274732;14.271654;,
  -4.737044;-8.407086;14.603360;,
  -2.991771;-4.211318;14.284040;,
  -3.783636;0.667516;14.066568;,
  -6.817099;3.953272;14.062629;,
  -3.522406;0.841942;14.043571;,
  2.691933;-4.274734;14.271640;,
  4.737044;-8.407088;14.603347;,
  4.522310;-8.675044;14.606533;,
  3.783635;0.667514;14.066555;,
  6.817098;3.953271;14.062614;,
  6.924894;3.634222;14.084726;,
  4.737044;-8.407088;14.603347;,
  2.691933;-4.274734;14.271640;,
  2.991770;-4.211320;14.284029;,
  -2.991771;-4.211318;14.284040;,
  -3.140362;-1.511894;14.148496;,
  -2.691934;-4.274732;14.271654;,
  -3.140362;-1.511894;14.148496;,
  -3.783636;0.667516;14.066568;,
  -3.522406;0.841942;14.043571;,
  -3.140362;-1.511894;14.148496;,
  -2.991771;-4.211318;14.284040;,
  -3.425380;-1.539771;14.164957;,
  -3.783636;0.667516;14.066568;,
  -3.140362;-1.511894;14.148496;,
  -3.425380;-1.539771;14.164957;,
  6.817098;3.953271;14.062614;,
  3.783635;0.667514;14.066555;,
  3.522404;0.841941;14.043558;,
  3.140361;-1.511895;14.148483;,
  2.991770;-4.211320;14.284029;,
  2.691933;-4.274734;14.271640;,
  2.991770;-4.211320;14.284029;,
  3.140361;-1.511895;14.148483;,
  3.425378;-1.539772;14.164944;,
  3.783635;0.667514;14.066555;,
  3.140361;-1.511895;14.148483;,
  3.522404;0.841941;14.043558;,
  3.140361;-1.511895;14.148483;,
  3.783635;0.667514;14.066555;,
  3.425378;-1.539772;14.164944;,
  -15.910328;-4.197290;15.666541;,
  -15.089477;-1.931446;19.459766;,
  -15.543224;-2.188496;15.539298;,
  -15.384742;-3.642024;19.855864;,
  -13.860382;-8.704410;15.799446;,
  -14.781723;-1.716846;22.603374;,
  -13.291988;-7.537524;20.372442;,
  -9.106300;-10.119637;15.621846;,
  -15.088318;-3.164890;22.918968;,
  -14.743150;-1.662422;23.328718;,
  -14.668408;-1.395553;26.677053;,
  -14.941664;-2.607259;27.593142;,
  -14.628845;-1.339566;27.423005;,
  -14.376179;-0.926151;32.859334;,
  -14.711242;-2.388907;32.971405;,
  -14.702299;-0.529837;36.798496;,
  -12.653426;-5.607432;32.911363;,
  -12.624375;-5.273331;37.176803;,
  -12.922567;-5.614114;27.839101;,
  -8.569177;-6.730074;32.629440;,
  -12.935673;-6.408706;23.490067;,
  -8.793308;-6.662816;27.676570;,
  -8.775125;-7.428818;23.414810;,
  -8.929682;-8.884410;20.218216;,
  -4.379562;-5.618632;27.235706;,
  -4.388040;-7.663906;19.612674;,
  -4.346880;-8.728508;15.305779;,
  -4.578816;-6.409172;22.902426;,
  -2.619766;-3.713504;18.760280;,
  -2.463693;-4.233373;14.958650;,
  -2.924675;-1.436830;14.832870;,
  -3.096838;-1.052586;18.288395;,
  -3.184114;-0.679681;21.586888;,
  -2.745240;-3.231831;22.090019;,
  -3.062772;-0.521094;22.880342;,
  -2.937291;-0.272669;24.951101;,
  -2.459136;-2.707098;26.736171;,
  -2.848590;-0.094247;26.439323;,
  -2.372542;0.379525;31.798173;,
  -1.831066;-2.433640;31.977853;,
  -1.592097;0.687340;34.804803;,
  -4.030789;-5.757246;32.357014;,
  -1.494357;-2.615463;34.972323;,
  -1.245516;0.678489;36.658509;,
  -8.248016;-6.416378;37.201613;,
  -3.699600;-5.867491;36.742947;,
  -1.313111;-2.794783;36.731181;,
  -1.058528;0.662040;38.045514;,
  -1.068305;-2.841020;38.427174;,
  -3.594237;-5.933551;38.288182;,
  -0.000000;-2.659709;38.726195;,
  -0.000001;0.674099;38.114208;,
  1.058526;0.662041;38.045514;,
  0.000000;-6.363902;40.363936;,
  1.068304;-2.841020;38.427178;,
  1.313110;-2.794782;36.731181;,
  1.245514;0.678489;36.658509;,
  1.494355;-2.615462;34.972323;,
  1.592095;0.687340;34.804803;,
  3.699599;-5.867489;36.742947;,
  1.831063;-2.433639;31.977853;,
  2.372539;0.379525;31.798173;,
  4.030788;-5.757244;32.357014;,
  2.459134;-2.707097;26.736170;,
  2.848587;-0.094247;26.439322;,
  2.937289;-0.272669;24.951099;,
  4.379560;-5.618630;27.235706;,
  2.745239;-3.231832;22.090011;,
  3.062770;-0.521094;22.880341;,
  3.184111;-0.679681;21.586885;,
  4.578816;-6.409174;22.902418;,
  2.619765;-3.713506;18.760269;,
  3.096837;-1.052587;18.288384;,
  2.924674;-1.436831;14.832859;,
  2.463692;-4.233375;14.958637;,
  4.346880;-8.728510;15.305766;,
  4.388040;-7.663908;19.612661;,
  9.106302;-10.119638;15.621834;,
  8.929685;-8.884412;20.218203;,
  8.775126;-7.428818;23.414798;,
  13.291992;-7.537526;20.372429;,
  13.860386;-8.704413;15.799430;,
  8.793307;-6.662814;27.676566;,
  12.935676;-6.408707;23.490058;,
  8.569177;-6.730072;32.629440;,
  12.922568;-5.614112;27.839098;,
  15.088320;-3.164890;22.918960;,
  15.384746;-3.642025;19.855850;,
  15.910331;-4.197291;15.666526;,
  15.089480;-1.931447;19.459754;,
  15.543227;-2.188497;15.539283;,
  14.781723;-1.716845;22.603371;,
  14.743152;-1.662421;23.328710;,
  14.668408;-1.395552;26.677051;,
  14.941664;-2.607257;27.593142;,
  14.628845;-1.339565;27.423005;,
  14.376179;-0.926150;32.859334;,
  12.653426;-5.607429;32.911363;,
  14.711243;-2.388905;32.971402;,
  14.702301;-0.529835;36.798496;,
  12.624375;-5.273329;37.176803;,
  12.635256;-5.193279;40.051744;,
  14.399714;-0.132577;40.826093;,
  8.248016;-6.416376;37.201613;,
  3.594237;-5.933550;38.288182;,
  8.157822;-6.330622;38.674723;,
  1.544530;-6.730958;40.268794;,
  5.050316;-7.251966;40.357430;,
  8.705373;-6.977530;41.187021;,
  12.574152;-5.114728;42.872822;,
  13.570141;0.352612;45.666211;,
  5.750722;-7.709194;43.425814;,
  8.982416;-7.013368;43.783226;,
  12.191422;-4.552013;46.248310;,
  11.163643;-3.325884;49.258989;,
  12.581575;0.631785;48.631066;,
  11.627921;1.239879;52.076234;,
  10.269234;-2.393765;52.330387;,
  6.972385;-4.172340;52.417245;,
  8.818510;-6.408962;46.522573;,
  7.437241;-5.358403;49.303878;,
  5.972648;-7.149610;46.549187;,
  3.585892;-6.102776;49.348141;,
  3.660461;-4.934042;52.451334;,
  0.000000;-5.099498;52.436192;,
  2.193621;-7.665008;43.035248;,
  2.927082;-7.348740;46.340771;,
  0.000000;-7.095788;46.035654;,
  0.000001;-7.291160;42.843904;,
  0.000000;-6.312908;49.377789;,
  -1.544529;-6.730959;40.268794;,
  -3.585892;-6.102776;49.348141;,
  -3.660461;-4.934042;52.451334;,
  -6.972385;-4.172340;52.417245;,
  -2.927081;-7.348740;46.340771;,
  -7.437241;-5.358404;49.303878;,
  -2.193620;-7.665009;43.035248;,
  -5.972647;-7.149610;46.549187;,
  -5.050316;-7.251966;40.357430;,
  -5.750722;-7.709194;43.425814;,
  -8.157822;-6.330623;38.674723;,
  -8.705372;-6.977532;41.187021;,
  -12.635254;-5.193281;40.051744;,
  -14.399714;-0.132578;40.826093;,
  -12.574152;-5.114730;42.872822;,
  -13.570141;0.352611;45.666205;,
  -8.982415;-7.013370;43.783226;,
  -12.191422;-4.552013;46.248310;,
  -8.818510;-6.408963;46.522573;,
  -11.163643;-3.325884;49.258989;,
  -12.581575;0.631784;48.631066;,
  -10.269234;-2.393766;52.330387;,
  -11.627921;1.239878;52.076234;,
  -15.543224;-2.188496;15.539298;,
  -14.554165;1.169811;18.741646;,
  -14.945952;1.079772;15.332274;,
  -15.089477;-1.931446;19.459766;,
  -11.342403;4.273433;14.965832;,
  -14.117949;1.418149;21.920128;,
  -14.781723;-1.716846;22.603374;,
  -14.743150;-1.662422;23.328718;,
  -11.182387;4.338638;17.993806;,
  -6.661250;4.330551;17.753138;,
  -6.710624;4.252053;14.741989;,
  -11.036586;4.630169;21.006885;,
  -3.492302;1.153159;17.897230;,
  -3.330160;1.023046;14.722235;,
  -2.924675;-1.436830;14.832870;,
  -3.096838;-1.052586;18.288395;,
  -6.487753;4.611220;20.716496;,
  -3.533695;1.353212;21.186126;,
  -3.184114;-0.679681;21.586888;,
  -3.062772;-0.521094;22.880342;,
  -6.248910;5.258326;23.431789;,
  -3.320286;1.677275;23.521290;,
  -2.937291;-0.272669;24.951101;,
  -2.848590;-0.094247;26.439323;,
  -3.150995;1.934599;26.208824;,
  -2.372542;0.379525;31.798173;,
  -2.780854;2.500857;31.662682;,
  -1.592097;0.687340;34.804803;,
  -6.227260;5.585757;25.984965;,
  -10.935444;5.305358;23.728027;,
  -5.866575;6.451224;31.704211;,
  -13.950363;1.788467;24.269837;,
  -14.668408;-1.395553;26.677053;,
  -14.628845;-1.339566;27.423005;,
  -13.812821;1.967326;26.979184;,
  -14.376179;-0.926151;32.859334;,
  -10.678756;5.603876;26.280714;,
  -13.522566;2.800411;32.573811;,
  -14.702299;-0.529837;36.798496;,
  -10.106311;6.489316;31.978112;,
  -13.129338;3.419705;36.478883;,
  -14.399714;-0.132578;40.826093;,
  -9.561463;7.017228;35.851443;,
  -12.706920;4.284025;40.238278;,
  -13.570141;0.352611;45.666205;,
  -5.416989;6.885115;35.196522;,
  -9.240369;7.564273;39.269408;,
  -11.940414;5.138653;44.607872;,
  -10.883448;5.489483;47.898819;,
  -12.581575;0.631784;48.631066;,
  -11.627921;1.239878;52.076234;,
  -9.921481;5.834721;51.472995;,
  -7.778689;8.204285;46.989610;,
  -4.847300;8.339822;50.597510;,
  -8.563755;7.999586;43.365789;,
  -4.321990;8.879345;46.628518;,
  -3.763888;8.284689;43.173222;,
  -0.000001;9.449110;46.390384;,
  -0.000001;9.452683;50.186557;,
  4.847299;8.339822;50.597510;,
  -0.000000;9.003883;42.997827;,
  4.321989;8.879346;46.628518;,
  7.778688;8.204286;46.989610;,
  9.921479;5.834721;51.472995;,
  3.763886;8.284689;43.173222;,
  -0.000001;7.759790;40.302861;,
  8.563755;7.999586;43.365789;,
  -3.009901;7.169410;40.306278;,
  -4.623091;6.973902;37.556730;,
  -1.737539;5.254450;38.581792;,
  -2.393935;4.746446;36.996723;,
  -2.843045;4.352184;34.894509;,
  -1.245516;0.678489;36.658509;,
  -1.058528;0.662040;38.045514;,
  -0.000001;0.674099;38.114208;,
  -0.000001;5.153140;38.566003;,
  1.737537;5.254450;38.581792;,
  1.058526;0.662041;38.045514;,
  3.009899;7.169410;40.306278;,
  2.393933;4.746446;36.996723;,
  1.245514;0.678489;36.658509;,
  4.623089;6.973902;37.556730;,
  2.843042;4.352184;34.894509;,
  1.592095;0.687340;34.804803;,
  5.416986;6.885115;35.196522;,
  2.780851;2.500857;31.662682;,
  2.372539;0.379525;31.798173;,
  9.240368;7.564273;39.269408;,
  11.940414;5.138654;44.607875;,
  9.561462;7.017227;35.851443;,
  10.883446;5.489484;47.898819;,
  11.627921;1.239879;52.076234;,
  12.581575;0.631785;48.631066;,
  13.570141;0.352612;45.666211;,
  12.706918;4.284026;40.238278;,
  14.399714;-0.132577;40.826093;,
  13.129338;3.419705;36.478883;,
  14.702301;-0.529835;36.798496;,
  13.522566;2.800411;32.573811;,
  14.376179;-0.926150;32.859334;,
  10.106309;6.489315;31.978112;,
  5.866572;6.451223;31.704211;,
  10.678754;5.603876;26.280712;,
  6.227258;5.585756;25.984965;,
  3.150992;1.934599;26.208824;,
  2.848587;-0.094247;26.439322;,
  3.320284;1.677274;23.521285;,
  2.937289;-0.272669;24.951099;,
  3.062770;-0.521094;22.880341;,
  6.248908;5.258325;23.431786;,
  3.533693;1.353212;21.186118;,
  3.184111;-0.679681;21.586885;,
  3.096837;-1.052587;18.288384;,
  3.492301;1.153158;17.897219;,
  2.924674;-1.436831;14.832859;,
  3.330159;1.023045;14.722222;,
  6.710623;4.252052;14.741974;,
  6.661249;4.330550;17.753125;,
  11.342403;4.273433;14.965821;,
  6.487752;4.611220;20.716488;,
  11.182388;4.338637;17.993794;,
  11.036586;4.630169;21.006878;,
  10.935444;5.305358;23.728024;,
  13.812821;1.967327;26.979184;,
  14.628845;-1.339565;27.423005;,
  13.950365;1.788467;24.269830;,
  14.668408;-1.395552;26.677051;,
  14.743152;-1.662421;23.328710;,
  14.117950;1.418149;21.920120;,
  14.781723;-1.716845;22.603371;,
  15.089480;-1.931447;19.459754;,
  14.554168;1.169811;18.741632;,
  15.543227;-2.188497;15.539283;,
  14.945955;1.079771;15.332261;;
  538;
  3;0,1,2;,
  3;3,4,5;,
  3;6,7,8;,
  3;9,10,11;,
  3;12,13,14;,
  3;15,16,17;,
  3;18,19,20;,
  3;21,22,23;,
  3;24,25,26;,
  3;27,28,29;,
  3;30,31,32;,
  3;33,34,35;,
  3;36,37,38;,
  3;39,40,41;,
  3;42,43,44;,
  3;45,46,47;,
  3;48,49,50;,
  3;51,52,53;,
  3;54,55,56;,
  3;57,58,59;,
  3;60,61,62;,
  3;63,64,65;,
  3;66,67,68;,
  3;69,70,71;,
  3;72,73,74;,
  3;75,76,77;,
  3;78,79,80;,
  3;81,82,83;,
  3;84,85,86;,
  3;87,88,89;,
  3;90,91,92;,
  3;93,94,95;,
  3;96,97,98;,
  3;99,100,101;,
  3;102,103,104;,
  3;105,106,107;,
  3;108,109,110;,
  3;111,112,113;,
  3;114,115,116;,
  3;117,118,119;,
  3;120,121,122;,
  3;123,124,125;,
  3;126,127,128;,
  3;129,130,131;,
  3;132,133,134;,
  3;135,136,137;,
  3;138,139,140;,
  3;141,142,143;,
  3;144,145,146;,
  3;147,148,149;,
  3;150,151,152;,
  3;153,154,155;,
  3;156,157,158;,
  3;159,160,161;,
  3;162,163,164;,
  3;165,166,167;,
  3;168,169,170;,
  3;171,172,173;,
  3;174,175,176;,
  3;177,178,179;,
  3;180,181,182;,
  3;183,184,185;,
  3;186,187,188;,
  3;189,190,191;,
  3;192,193,194;,
  3;195,196,197;,
  3;198,199,200;,
  3;201,202,203;,
  3;204,205,206;,
  3;207,208,209;,
  3;210,211,212;,
  3;213,214,215;,
  3;216,217,218;,
  3;219,220,221;,
  3;222,223,224;,
  3;225,226,227;,
  3;228,229,230;,
  3;231,232,233;,
  3;234,235,236;,
  3;237,238,239;,
  3;240,241,242;,
  3;243,244,245;,
  3;246,247,248;,
  3;249,250,251;,
  3;252,253,254;,
  3;255,256,257;,
  3;258,259,260;,
  3;261,262,263;,
  3;264,265,266;,
  3;265,264,267;,
  3;268,267,264;,
  3;267,269,265;,
  3;267,268,270;,
  3;271,270,268;,
  3;269,267,272;,
  3;270,272,267;,
  3;272,273,269;,
  3;272,274,273;,
  3;274,272,275;,
  3;274,275,276;,
  3;275,277,276;,
  3;277,275,278;,
  3;277,278,279;,
  3;275,280,278;,
  3;278,281,279;,
  3;281,278,280;,
  3;280,275,282;,
  3;272,282,275;,
  3;283,281,280;,
  3;282,283,280;,
  3;282,272,284;,
  3;272,270,284;,
  3;284,285,282;,
  3;283,282,285;,
  3;270,286,284;,
  3;285,284,286;,
  3;286,270,287;,
  3;270,271,287;,
  3;286,288,285;,
  3;271,289,287;,
  3;289,271,290;,
  3;287,291,286;,
  3;291,287,289;,
  3;288,286,291;,
  3;290,292,289;,
  3;292,290,293;,
  3;294,292,293;,
  3;292,294,295;,
  3;296,292,295;,
  3;292,296,297;,
  3;297,289,292;,
  3;298,297,296;,
  3;289,297,291;,
  3;299,297,298;,
  3;300,291,297;,
  3;297,299,300;,
  3;301,300,299;,
  3;291,300,288;,
  3;302,300,301;,
  3;300,302,303;,
  3;303,288,300;,
  3;304,303,302;,
  3;288,303,305;,
  3;305,285,288;,
  3;285,305,283;,
  3;304,306,303;,
  3;306,305,303;,
  3;307,306,304;,
  3;305,308,283;,
  3;281,283,308;,
  3;305,306,309;,
  3;308,305,309;,
  3;306,307,310;,
  3;306,310,309;,
  3;311,310,307;,
  3;312,309,310;,
  3;310,311,312;,
  3;309,312,313;,
  3;313,308,309;,
  3;311,314,312;,
  3;314,311,315;,
  3;316,314,315;,
  3;317,312,314;,
  3;314,316,318;,
  3;318,317,314;,
  3;316,319,318;,
  3;319,316,320;,
  3;320,321,319;,
  3;321,320,322;,
  3;323,318,319;,
  3;321,323,319;,
  3;322,324,321;,
  3;322,325,324;,
  3;321,326,323;,
  3;326,321,324;,
  3;325,327,324;,
  3;327,325,328;,
  3;328,329,327;,
  3;330,324,327;,
  3;324,330,326;,
  3;329,331,327;,
  3;331,329,332;,
  3;332,333,331;,
  3;327,334,330;,
  3;334,327,331;,
  3;333,335,331;,
  3;335,333,336;,
  3;337,335,336;,
  3;335,337,338;,
  3;339,335,338;,
  3;335,339,340;,
  3;340,331,335;,
  3;331,340,334;,
  3;341,340,339;,
  3;342,334,340;,
  3;340,341,342;,
  3;334,342,343;,
  3;343,330,334;,
  3;341,344,342;,
  3;344,343,342;,
  3;344,341,345;,
  3;330,343,346;,
  3;346,326,330;,
  3;347,346,343;,
  3;343,344,347;,
  3;326,346,348;,
  3;346,347,349;,
  3;349,348,346;,
  3;344,350,347;,
  3;350,349,347;,
  3;345,351,344;,
  3;350,344,351;,
  3;351,345,352;,
  3;353,352,354;,
  3;352,353,351;,
  3;355,351,353;,
  3;351,355,350;,
  3;350,355,356;,
  3;357,350,356;,
  3;350,357,358;,
  3;357,359,358;,
  3;349,350,358;,
  3;360,358,359;,
  3;358,361,349;,
  3;348,349,361;,
  3;358,360,362;,
  3;361,358,362;,
  3;360,363,362;,
  3;362,364,361;,
  3;364,362,363;,
  3;364,348,361;,
  3;363,365,364;,
  3;365,363,366;,
  3;348,364,367;,
  3;365,367,364;,
  3;367,326,348;,
  3;326,367,323;,
  3;367,368,323;,
  3;318,323,368;,
  3;368,367,369;,
  3;367,365,369;,
  3;370,318,368;,
  3;317,318,370;,
  3;369,371,368;,
  3;370,368,371;,
  3;365,372,369;,
  3;371,369,372;,
  3;372,365,373;,
  3;373,365,366;,
  3;374,373,366;,
  3;372,375,371;,
  3;372,373,376;,
  3;375,372,376;,
  3;373,374,377;,
  3;377,376,373;,
  3;374,378,377;,
  3;378,374,379;,
  3;380,378,379;,
  3;378,380,381;,
  3;382,378,381;,
  3;378,383,377;,
  3;376,377,383;,
  3;378,382,384;,
  3;383,378,384;,
  3;385,376,383;,
  3;385,383,384;,
  3;376,385,375;,
  3;382,386,384;,
  3;385,384,386;,
  3;386,382,387;,
  3;388,386,387;,
  3;385,389,375;,
  3;389,371,375;,
  3;371,389,370;,
  3;386,390,385;,
  3;389,385,390;,
  3;386,391,390;,
  3;391,389,390;,
  3;392,370,389;,
  3;389,391,392;,
  3;370,392,317;,
  3;391,386,393;,
  3;386,388,393;,
  3;392,394,317;,
  3;312,317,394;,
  3;394,313,312;,
  3;388,395,393;,
  3;395,388,396;,
  3;395,391,393;,
  3;397,395,396;,
  3;391,395,398;,
  3;395,397,399;,
  3;400,391,398;,
  3;391,400,392;,
  3;394,392,400;,
  3;395,401,398;,
  3;401,400,398;,
  3;401,395,399;,
  3;400,402,394;,
  3;394,402,313;,
  3;402,400,403;,
  3;400,401,403;,
  3;402,404,313;,
  3;308,313,404;,
  3;403,405,402;,
  3;404,402,405;,
  3;406,308,404;,
  3;405,406,404;,
  3;308,406,281;,
  3;406,279,281;,
  3;279,406,407;,
  3;408,407,406;,
  3;406,405,408;,
  3;408,409,407;,
  3;405,410,408;,
  3;405,403,410;,
  3;401,410,403;,
  3;409,408,411;,
  3;411,408,410;,
  3;410,401,412;,
  3;410,412,411;,
  3;401,399,412;,
  3;412,413,411;,
  3;413,412,399;,
  3;413,409,411;,
  3;397,413,399;,
  3;409,413,414;,
  3;413,397,415;,
  3;413,416,414;,
  3;416,413,415;,
  3;417,418,419;,
  3;418,417,420;,
  3;418,421,419;,
  3;420,422,418;,
  3;422,420,423;,
  3;424,422,423;,
  3;421,418,425;,
  3;422,425,418;,
  3;426,421,425;,
  3;421,426,427;,
  3;425,422,428;,
  3;429,427,426;,
  3;427,429,430;,
  3;429,431,430;,
  3;431,429,432;,
  3;433,429,426;,
  3;425,433,426;,
  3;433,425,428;,
  3;434,432,429;,
  3;429,433,434;,
  3;432,434,435;,
  3;434,436,435;,
  3;437,434,433;,
  3;428,437,433;,
  3;436,434,438;,
  3;434,437,438;,
  3;436,438,439;,
  3;438,440,439;,
  3;440,438,441;,
  3;437,441,438;,
  3;441,442,440;,
  3;442,441,443;,
  3;444,442,443;,
  3;441,437,445;,
  3;445,443,441;,
  3;446,445,437;,
  3;437,428,446;,
  3;443,445,447;,
  3;428,448,446;,
  3;448,428,422;,
  3;422,424,448;,
  3;449,448,424;,
  3;450,448,449;,
  3;448,450,451;,
  3;451,446,448;,
  3;452,451,450;,
  3;446,451,453;,
  3;445,446,453;,
  3;453,447,445;,
  3;451,452,454;,
