xof 0303txt 0032
template ColorRGBA {
 <35ff44e0-6c7c-11cf-8f52-0040333594a3>
 FLOAT red;
 FLOAT green;
 FLOAT blue;
 FLOAT alpha;
}

template ColorRGB {
 <d3e16e81-7835-11cf-8f52-0040333594a3>
 FLOAT red;
 FLOAT green;
 FLOAT blue;
}

template Material {
 <3d82ab4d-62da-11cf-ab39-0020af71e433>
 ColorRGBA faceColor;
 FLOAT power;
 ColorRGB specularColor;
 ColorRGB emissiveColor;
 [...]
}

template TextureFilename {
 <a42790e1-7810-11cf-8f52-0040333594a3>
 STRING filename;
}

template Frame {
 <3d82ab46-62da-11cf-ab39-0020af71e433>
 [...]
}

template Matrix4x4 {
 <f6f23f45-7686-11cf-8f52-0040333594a3>
 array FLOAT matrix[16];
}

template FrameTransformMatrix {
 <f6f23f41-7686-11cf-8f52-0040333594a3>
 Matrix4x4 frameMatrix;
}

template Vector {
 <3d82ab5e-62da-11cf-ab39-0020af71e433>
 FLOAT x;
 FLOAT y;
 FLOAT z;
}

template MeshFace {
 <3d82ab5f-62da-11cf-ab39-0020af71e433>
 DWORD nFaceVertexIndices;
 array DWORD faceVertexIndices[nFaceVertexIndices];
}

template Mesh {
 <3d82ab44-62da-11cf-ab39-0020af71e433>
 DWORD nVertices;
 array Vector vertices[nVertices];
 DWORD nFaces;
 array MeshFace faces[nFaces];
 [...]
}

template MeshNormals {
 <f6f23f43-7686-11cf-8f52-0040333594a3>
 DWORD nNormals;
 array Vector normals[nNormals];
 DWORD nFaceNormals;
 array MeshFace faceNormals[nFaceNormals];
}

template MeshMaterialList {
 <f6f23f42-7686-11cf-8f52-0040333594a3>
 DWORD nMaterials;
 DWORD nFaceIndexes;
 array DWORD faceIndexes[nFaceIndexes];
 [Material <3d82ab4d-62da-11cf-ab39-0020af71e433>]
}

template Coords2d {
 <f6f23f44-7686-11cf-8f52-0040333594a3>
 FLOAT u;
 FLOAT v;
}

template MeshTextureCoords {
 <f6f23f40-7686-11cf-8f52-0040333594a3>
 DWORD nTextureCoords;
 array Coords2d textureCoords[nTextureCoords];
}

template XSkinMeshHeader {
 <3cf169ce-ff7c-44ab-93c0-f78f62d172e2>
 WORD nMaxSkinWeightsPerVertex;
 WORD nMaxSkinWeightsPerFace;
 WORD nBones;
}

template SkinWeights {
 <6f0d123b-bad2-4167-a0d0-80224f25fabb>
 STRING transformNodeName;
 DWORD nWeights;
 array DWORD vertexIndices[nWeights];
 array FLOAT weights[nWeights];
 Matrix4x4 matrixOffset;
}

template AnimTicksPerSecond {
 <9e415a43-7ba6-4a73-8743-b73d47e88476>
 DWORD AnimTicksPerSecond;
}

template Animation {
 <3d82ab4f-62da-11cf-ab39-0020af71e433>
 [...]
}

template AnimationSet {
 <3d82ab50-62da-11cf-ab39-0020af71e433>
 [Animation <3d82ab4f-62da-11cf-ab39-0020af71e433>]
}

template FloatKeys {
 <10dd46a9-775b-11cf-8f52-0040333594a3>
 DWORD nValues;
 array FLOAT values[nValues];
}

template TimedFloatKeys {
 <f406b180-7b3b-11cf-8f52-0040333594a3>
 DWORD time;
 FloatKeys tfkeys;
}

template AnimationKey {
 <10dd46a8-775b-11cf-8f52-0040333594a3>
 DWORD keyType;
 DWORD nKeys;
 array TimedFloatKeys keys[nKeys];
}


Material Standard_13aa_162 {
 1.000000;1.000000;1.000000;1.000000;;
 43.219280;
 0.020000;0.020000;0.020000;;
 0.000000;0.000000;0.000000;;

 TextureFilename {
  "F_Skin_body_D.dds";
 }
}

Material _11500237_F_BlackHotpants_182 {
 1.000000;1.000000;1.000000;1.000000;;
 43.219280;
 0.020000;0.020000;0.020000;;
 0.000000;0.000000;0.000000;;

 TextureFilename {
  "11500237_f_blackhotpants_d.dds";
 }
}

Frame Scene_Root {
 

 FrameTransformMatrix {
  0.393701,0.000000,0.000000,0.000000,0.000000,-0.000000,-0.393701,0.000000,0.000000,0.393701,-0.000000,0.000000,0.000000,0.000000,0.000000,1.000000;;
 }

 Frame Bip01 {
  

  FrameTransformMatrix {
   0.000001,0.997564,-0.069757,0.000000,-1.000000,0.000001,-0.000000,0.000000,0.000000,0.069757,0.997564,0.000000,0.013153,1.995826,45.297594,1.000000;;
  }

  Frame Bip01_Footsteps {
   

   FrameTransformMatrix {
    0.000002,-1.000000,0.000000,0.000000,0.997564,0.000002,0.069757,0.000000,-0.069757,-0.000000,0.997564,0.000000,3.158207,0.000004,-45.163821,1.000000;;
   }
  }

  Frame Bip01_Pelvis {
   

   FrameTransformMatrix {
    0.000001,-0.000000,1.000000,0.000000,-1.000000,0.000001,0.000001,0.000000,-0.000001,-1.000000,-0.000000,0.000000,0.000000,0.000000,0.000000,1.000000;;
   }

   Frame Bip01_Spine {
    

    FrameTransformMatrix {
     0.998707,-0.050824,0.000001,0.000000,0.050824,0.998708,0.000004,0.000000,-0.000001,-0.000004,1.000000,0.000000,3.672924,-0.256297,0.000005,1.000000;;
    }

    Frame Bip01_Spine1 {
     

     FrameTransformMatrix {
      0.996899,0.078688,-0.000000,0.000000,-0.078688,0.996900,0.000000,0.000000,0.000000,-0.000000,1.000000,0.000000,5.748703,0.004559,-0.000000,1.000000;;
     }

     Frame Bip01_Spine2 {
      

      FrameTransformMatrix {
       0.983435,0.181259,-0.000001,0.000000,-0.181260,0.983436,0.000000,0.000000,0.000001,0.000000,1.000000,0.000000,5.739044,0.013319,-0.000000,1.000000;;
      }

      Frame Bip01_Neck {
       

       FrameTransformMatrix {
        0.967684,-0.252167,0.000001,0.000000,0.252168,0.967684,0.000000,0.000000,-0.000001,0.000000,1.000000,0.000000,17.185211,0.674539,0.000002,1.000000;;
       }

       Frame Bip01_Head {
        

        FrameTransformMatrix {
         0.993567,0.113247,-0.000000,0.000000,-0.113247,0.993567,0.000000,0.000000,0.000000,0.000000,1.000000,0.000000,4.018600,0.785322,-0.013147,1.000000;;
        }

        Frame Bip01_HeadNub {
         

         FrameTransformMatrix {
          1.000000,0.000000,-0.000000,0.000000,-0.000000,1.000000,0.000000,0.000000,0.000000,-0.000000,1.000000,0.000000,51.565370,0.000000,-0.000001,1.000000;;
         }
        }

        Frame Tail_Point02 {
         

         FrameTransformMatrix {
          0.000001,-0.000000,1.000000,0.000000,-1.000000,-0.001053,0.000001,0.000000,0.001053,-1.000000,-0.000000,0.000000,16.815750,-15.102230,19.392774,1.000000;;
         }
        }

        Frame Tail_Point01 {
         

         FrameTransformMatrix {
          0.000001,-0.000000,1.000000,0.000000,-1.000000,-0.001053,0.000001,0.000000,0.001053,-1.000000,-0.000000,0.000000,10.205887,-23.173664,4.274390,1.000000;;
         }
        }

        Frame Tail_Point04 {
         

         FrameTransformMatrix {
          0.000001,-0.000000,1.000000,0.000000,-1.000000,-0.001053,0.000001,0.000000,0.001053,-1.000000,-0.000000,0.000000,16.816238,-15.102278,-19.392982,1.000000;;
         }
        }

        Frame Tail_Point03 {
         

         FrameTransformMatrix {
          0.000001,-0.000000,1.000000,0.000000,-1.000000,-0.001053,0.000001,0.000000,0.001053,-1.000000,-0.000000,0.000000,10.205734,-23.173675,-4.273971,1.000000;;
         }
        }

        Frame Tail_Point05 {
         

         FrameTransformMatrix {
          0.000001,-0.000000,1.000000,0.000000,-1.000000,-0.001053,0.000001,0.000000,0.001053,-1.000000,-0.000000,0.000000,16.056053,-22.219256,9.580284,1.000000;;
         }
        }

        Frame Tail_Point06 {
         

         FrameTransformMatrix {
          0.000001,-0.000000,1.000000,0.000000,-1.000000,-0.001053,0.000001,0.000000,0.001053,-1.000000,-0.000000,0.000000,6.344940,-18.883522,13.965822,1.000000;;
         }
        }

        Frame Tail_Point07 {
         

         FrameTransformMatrix {
          0.000001,-0.000000,1.000000,0.000000,-1.000000,-0.001053,0.000001,0.000000,0.001053,-1.000000,-0.000000,0.000000,6.742806,-18.883146,-14.099018,1.000000;;
         }
        }

        Frame Tail_Point08 {
         

         FrameTransformMatrix {
          0.000001,-0.000000,1.000000,0.000000,-1.000000,-0.001053,0.000001,0.000000,0.001053,-1.000000,-0.000000,0.000000,16.056030,-22.219278,-9.579971,1.000000;;
         }
        }
       }

       Frame Bip01_L_Clavicle {
        

        FrameTransformMatrix {
         -0.307849,-0.008913,0.951393,0.000000,0.252271,-0.964930,0.072590,0.000000,0.917381,0.262355,0.299302,0.000000,-1.842415,0.188778,3.177583,1.000000;;
        }

        Frame Bip01_L_UpperArm {
         

         FrameTransformMatrix {
          0.835931,-0.092037,-0.541063,0.000000,-0.025557,0.978242,-0.205888,0.000000,0.548240,0.185936,0.815390,0.000000,7.100719,-0.000001,0.000008,1.000000;;
         }

         Frame Bip01_L_Forearm {
          

          FrameTransformMatrix {
           0.999999,0.001452,-0.000000,0.000000,-0.001452,0.999999,-0.000000,0.000000,0.000000,0.000000,1.000000,0.000000,15.525939,0.000000,-0.000008,1.000000;;
          }

          Frame Bip01_L_Hand {
           

           FrameTransformMatrix {
            0.999650,-0.022704,0.013559,0.000000,-0.014317,-0.033570,0.999334,0.000000,-0.022233,-0.999179,-0.033883,0.000000,13.317222,-0.000001,-0.000004,1.000000;;
           }

           Frame Weapon_Hand_L_Point {
            

            FrameTransformMatrix {
             0.039464,-0.100056,0.994199,0.000000,0.998798,-0.024994,-0.042162,0.000000,0.029067,0.994668,0.098950,0.000000,11.464715,-1.377167,-0.147705,1.000000;;
            }
           }
          }
         }
        }
       }

       Frame Bip01_R_Clavicle {
        

        FrameTransformMatrix {
         -0.307849,-0.008918,-0.951394,0.000000,0.252271,-0.964931,-0.072584,0.000000,-0.917381,-0.262354,0.299303,0.000000,-1.842430,0.188762,-3.177590,1.000000;;
        }

        Frame Bip01_R_UpperArm {
         

         FrameTransformMatrix {
          0.835930,-0.092037,0.541063,0.000000,-0.025557,0.978242,0.205888,0.000000,-0.548240,-0.185936,0.815390,0.000000,7.100721,0.000001,-0.000015,1.000000;;
         }

         Frame Bip01_R_Forearm {
          

          FrameTransformMatrix {
           0.999999,0.001452,0.000000,0.000000,-0.001452,0.999999,0.000000,0.000000,0.000000,-0.000000,1.000000,0.000000,15.525955,0.000000,0.000000,1.000000;;
          }

          Frame Bip01_R_Hand {
           

           FrameTransformMatrix {
            0.999650,-0.022704,-0.013559,0.000000,-0.014317,-0.033570,-0.999334,0.000000,0.022233,0.999179,-0.033883,0.000000,13.317234,-0.000000,-0.000008,1.000000;;
           }

           Frame Weapon_Hand_R_Point {
            

            FrameTransformMatrix {
             -0.074295,0.100867,0.992123,0.000000,0.996813,-0.021483,0.076830,0.000000,0.029064,0.994669,-0.098950,0.000000,11.482882,-1.359409,0.123646,1.000000;;
            }
           }
          }
         }
        }
       }
      }
     }

     Frame Weapon_Back_B_Point {
      

      FrameTransformMatrix {
       0.040356,-0.997590,0.056439,0.000000,0.641886,0.069172,0.763674,0.000000,-0.765738,0.005408,0.643130,0.000000,6.044247,14.009643,3.010172,1.000000;;
      }
     }

     Frame Weapon_Back_R_Point {
      

      FrameTransformMatrix {
       -0.040305,-0.993897,0.102682,0.000000,-0.485235,0.109303,0.867525,0.000000,-0.873454,-0.014859,-0.486679,0.000000,22.008560,10.240378,-28.863226,1.000000;;
      }
     }
    }
   }

   Frame Bip01_L_Thigh {
    

    FrameTransformMatrix {
     -0.997055,0.052067,0.056309,0.000000,0.051801,0.998638,-0.006171,0.000000,-0.056553,-0.003236,-0.998394,0.000000,-0.000011,-0.000013,7.749224,1.000000;;
    }

    Frame Bip01_L_Calf {
     

     FrameTransformMatrix {
      0.999627,0.027315,-0.000000,0.000000,-0.027315,0.999627,-0.000000,0.000000,0.000000,0.000000,1.000000,0.000000,22.080971,-0.000000,0.000001,1.000000;;
     }

     Frame L_Calf_Point01 {
      

      FrameTransformMatrix {
       0.987262,-0.148879,0.056111,0.000000,0.147711,0.988729,0.024430,0.000000,-0.059116,-0.015831,0.998126,0.000000,12.996113,0.544429,-1.375637,1.000000;;
      }
     }
    }
   }

   Frame Bip01_R_Thigh {
    

    FrameTransformMatrix {
     -0.997055,0.052067,-0.056311,0.000000,0.051801,0.998639,0.006174,0.000000,0.056556,0.003238,-0.998395,0.000000,0.000011,0.000009,-7.749222,1.000000;;
    }

    Frame Bip01_R_Calf {
     

     FrameTransformMatrix {
      0.999627,0.027315,-0.000000,0.000000,-0.027315,0.999627,-0.000000,0.000000,0.000000,0.000000,1.000001,0.000000,22.080992,-0.000000,-0.000002,1.000000;;
     }

     Frame R_Calf_Point01 {
      

      FrameTransformMatrix {
       0.987418,-0.147839,-0.056125,0.000000,0.146677,0.988886,-0.024316,0.000000,0.059096,0.015778,0.998128,0.000000,12.995920,0.544455,1.372128,1.000000;;
      }
     }
    }
   }

   Frame Weapon_Side_L_Point {
    

    FrameTransformMatrix {
     -0.395956,-0.031511,-0.917728,0.000000,-0.496462,0.848098,0.185080,0.000000,0.772492,0.528901,-0.351454,0.000000,3.514828,-8.649691,15.920971,1.000000;;
    }
   }

   Frame Weapon_Side_R_Point {
    

    FrameTransformMatrix {
     0.375618,0.017156,-0.926615,0.000000,-0.498300,0.846749,-0.186317,0.000000,0.781414,0.531716,0.326603,0.000000,3.401978,-8.603474,-15.780378,1.000000;;
    }
   }
  }

  Frame EFF_Lock_D {
   

   FrameTransformMatrix {
    0.997581,0.000000,0.069521,0.000000,-0.000000,1.000000,0.000000,0.000000,-0.069521,-0.000000,0.997580,0.000000,1.168878,0.013154,-45.326448,1.000000;;
   }

   Frame Extra_Point01 {
    

    FrameTransformMatrix {
     0.000001,-1.000000,-0.000000,0.000000,1.000000,0.000001,0.000237,0.000000,-0.000237,-0.000000,1.000000,0.000000,-0.000002,-0.000001,-0.000004,1.000000;;
    }
   }
  }

  Frame Move_Link_D {
   

   FrameTransformMatrix {
    0.997564,-0.000000,0.069757,0.000000,0.000000,1.000000,-0.000000,0.000000,-0.069757,0.000000,0.997564,0.000000,0.748200,0.000001,-10.699589,1.000000;;
   }

   Frame EFF_Move_D {
    

    FrameTransformMatrix {
     1.000000,0.000001,-0.000000,0.000000,-0.000001,1.000000,0.000000,0.000000,0.000000,-0.000000,1.000000,0.000000,-1.706174,0.013154,-34.571846,1.000000;;
    }
   }
  }

  Frame SATA9NI_Link_Point02 {
   

   FrameTransformMatrix {
    -0.997564,-0.000001,-0.069756,0.000000,0.069756,0.000000,-0.997564,0.000000,0.000001,-1.000000,-0.000000,0.000000,0.434791,0.010962,-41.792867,1.000000;;
   }
  }

  Frame SATA9NI_Bone01 {
   

   FrameTransformMatrix {
    0.035253,-0.000052,-0.999378,0.000000,0.999378,-0.000001,0.035253,0.000000,-0.000003,-1.000000,0.000052,0.000000,-1.034301,0.013151,-0.145496,1.000000;;
   }
  }

  Frame SATA9NI_Lock_Dummy01 {
   

   FrameTransformMatrix {
    0.000001,-1.000000,0.000000,0.000000,0.997564,0.000001,0.069757,0.000000,-0.069757,-0.000000,0.997564,0.000000,1.168831,0.013159,-45.326448,1.000000;;
   }
  }
 }

 Frame PA_Skin {
  

  FrameTransformMatrix {
   1.000000,0.000000,0.000000,0.000000,0.000000,1.000000,0.000000,0.000000,0.000000,0.000000,1.000000,0.000000,0.000000,-0.000001,-0.000000,1.000000;;
  }
 }

 Frame PA {
  

  FrameTransformMatrix {
   1.000000,0.000000,0.000000,0.000000,0.000000,1.000000,0.000000,0.000000,0.000000,0.000000,1.000000,0.000000,0.000000,-0.000018,-0.000000,1.000000;;
  }
 }
}

Frame PA_Skin_ {
 

 FrameTransformMatrix {
  0.393701,0.000000,0.000000,0.000000,0.000000,-0.000000,-0.393701,0.000000,0.000000,0.393701,-0.000000,0.000000,0.000000,0.000000,0.000000,1.000000;;
 }

 Mesh PA_Skin_ {
  130;
  4.271758;-3.713110;14.375778;,
  4.270376;1.347358;19.523837;,
  4.907972;0.984996;14.169184;,
  13.434632;1.051254;14.607230;,
  14.779458;-3.176479;20.497794;,
  14.492342;-3.648408;14.913080;,
  3.582539;-3.218028;20.141734;,
  12.882669;-6.864598;15.005998;,
  5.613348;-6.840944;14.609355;,
  3.718869;1.753497;22.554760;,
  2.921754;-2.877291;23.631485;,
  3.268308;2.445898;24.668579;,
  5.332278;-6.167806;20.600051;,
  9.193193;-7.695894;20.946918;,
  9.335770;-8.313660;14.887854;,
  12.868808;-6.180569;20.886030;,
  9.051374;-7.106893;24.473651;,
  5.120737;-5.656830;24.175274;,
  12.819474;-5.564004;24.381827;,
  8.924422;-6.912622;28.578157;,
  4.662664;-5.479141;28.150752;,
  2.208028;-2.352770;27.647354;,
  2.742136;2.814231;27.100835;,
  2.205296;3.082240;30.148675;,
  1.239857;-1.832646;33.749760;,
  1.668160;3.223364;33.440627;,
  1.729839;-2.005679;30.710934;,
  3.989327;-5.488193;34.358480;,
  4.342608;-5.484821;31.354333;,
  8.695483;-6.863282;35.099088;,
  8.815853;-6.910236;32.127827;,
  13.049830;-5.532928;32.472515;,
  13.069818;-5.412905;35.648416;,
  12.922388;-5.393746;28.674957;,
  15.191966;-1.487095;32.282157;,
  15.390472;-0.876948;35.765248;,
  14.879485;-2.158435;28.353350;,
  14.149907;3.770986;31.419914;,
  14.072923;4.327168;35.118214;,
  10.205938;8.036351;34.296144;,
  13.979976;2.903658;27.748211;,
  10.451624;7.327889;30.555987;,
  4.597225;7.528584;33.503718;,
  10.630159;6.366236;27.101632;,
  5.210956;7.061556;29.965779;,
  1.668160;3.223364;33.440627;,
  2.205296;3.082240;30.148675;,
  2.742136;2.814231;27.100835;,
  5.776964;6.259407;26.811138;,
  3.268308;2.445898;24.668579;,
  6.165366;5.637377;24.389251;,
  3.718869;1.753497;22.554760;,
  10.670534;5.685613;24.619645;,
  6.577295;5.101504;22.114224;,
  4.270376;1.347358;19.523837;,
  13.822366;2.526323;25.139325;,
  10.704737;5.098916;22.252312;,
  7.005311;4.532001;19.148645;,
  4.907972;0.984996;14.169184;,
  7.453808;3.765941;14.135315;,
  10.659734;4.551508;19.271933;,
  10.682753;3.771588;14.306248;,
  13.735085;1.832077;22.851013;,
  13.528722;1.407138;19.842110;,
  14.824576;-2.806995;23.906547;,
  -4.270375;1.347356;19.523822;,
  -4.271755;-3.713112;14.375763;,
  -4.907970;0.984995;14.169170;,
  -3.582537;-3.218030;20.141722;,
  -3.718869;1.753496;22.554749;,
  -5.613345;-6.840948;14.609342;,
  -2.921753;-2.877293;23.631474;,
  -3.268307;2.445897;24.668568;,
  -5.332275;-6.167809;20.600040;,
  -9.193191;-7.695898;20.946906;,
  -9.335768;-8.313663;14.887842;,
  -12.882669;-6.864602;15.005986;,
  -9.051374;-7.106895;24.473640;,
  -12.868809;-6.180572;20.886019;,
  -14.779459;-3.176482;20.497779;,
  -14.492342;-3.648411;14.913066;,
  -13.434632;1.051252;14.607216;,
  -13.528723;1.407136;19.842096;,
  -10.682753;3.771587;14.306234;,
  -14.824579;-2.806997;23.906534;,
  -10.659734;4.551506;19.271920;,
  -7.453807;3.765940;14.135301;,
  -13.735088;1.832075;22.851000;,
  -7.005312;4.532000;19.148634;,
  -4.907970;0.984995;14.169170;,
  -4.270375;1.347356;19.523822;,
  -10.704738;5.098915;22.252298;,
  -6.577296;5.101503;22.114213;,
  -3.718869;1.753496;22.554749;,
  -13.822368;2.526321;25.139312;,
  -10.670536;5.685612;24.619630;,
  -6.165367;5.637377;24.389240;,
  -3.268307;2.445897;24.668568;,
  -5.776965;6.259406;26.811125;,
  -2.742136;2.814230;27.100826;,
  -10.630162;6.366234;27.101619;,
  -5.210956;7.061554;29.965766;,
  -2.205295;3.082239;30.148666;,
  -1.668160;3.223363;33.440618;,
  -4.597226;7.528583;33.503709;,
  -10.451626;7.327887;30.555978;,
  -10.205942;8.036350;34.296131;,
  -14.149910;3.770985;31.419904;,
  -14.072926;4.327167;35.118202;,
  -15.390475;-0.876949;35.765238;,
  -13.979979;2.903656;27.748202;,
  -15.191970;-1.487096;32.282147;,
  -13.069822;-5.412905;35.648403;,
  -14.879486;-2.158436;28.353341;,
  -13.049832;-5.532928;32.472502;,
  -8.695483;-6.863282;35.099075;,
  -12.819475;-5.564006;24.381813;,
  -12.922390;-5.393746;28.674947;,
  -8.924422;-6.912622;28.578147;,
  -8.815853;-6.910236;32.127814;,
  -5.120736;-5.656832;24.175261;,
  -4.662663;-5.479140;28.150742;,
  -4.342606;-5.484821;31.354323;,
  -3.989326;-5.488193;34.358467;,
  -1.729838;-2.005679;30.710925;,
  -1.239855;-1.832646;33.749747;,
  -2.205295;3.082239;30.148666;,
  -1.668160;3.223363;33.440618;,
  -2.208027;-2.352771;27.647341;,
  -2.742136;2.814230;27.100826;;
  196;
  3;0,1,2;,
  3;3,4,5;,
  3;1,0,6;,
  3;4,7,5;,
  3;8,6,0;,
  3;6,9,1;,
  3;9,6,10;,
  3;9,10,11;,
  3;6,8,12;,
  3;12,10,6;,
  3;8,13,12;,
  3;13,8,14;,
  3;7,13,14;,
  3;13,7,15;,
  3;7,4,15;,
  3;16,12,13;,
  3;15,16,13;,
  3;12,16,17;,
  3;10,12,17;,
  3;16,15,18;,
  3;19,17,16;,
  3;18,19,16;,
  3;20,10,17;,
  3;17,19,20;,
  3;10,20,21;,
  3;11,10,21;,
  3;11,21,22;,
  3;21,23,22;,
  3;23,24,25;,
  3;23,21,26;,
  3;24,23,26;,
  3;20,26,21;,
  3;26,27,24;,
  3;27,26,28;,
  3;26,20,28;,
  3;28,29,27;,
  3;20,30,28;,
  3;29,28,30;,
  3;30,20,19;,
  3;31,29,30;,
  3;29,31,32;,
  3;33,30,19;,
  3;30,33,31;,
  3;19,18,33;,
  3;34,32,31;,
  3;32,34,35;,
  3;36,31,33;,
  3;31,36,34;,
  3;18,36,33;,
  3;37,35,34;,
  3;35,37,38;,
  3;37,39,38;,
  3;40,34,36;,
  3;34,40,37;,
  3;39,37,41;,
  3;41,42,39;,
  3;37,43,41;,
  3;43,37,40;,
  3;42,41,44;,
  3;43,44,41;,
  3;44,45,42;,
  3;45,44,46;,
  3;44,47,46;,
  3;47,44,48;,
  3;44,43,48;,
  3;48,49,47;,
  3;49,48,50;,
  3;43,50,48;,
  3;50,51,49;,
  3;50,43,52;,
  3;40,52,43;,
  3;51,50,53;,
  3;52,53,50;,
  3;53,54,51;,
  3;52,40,55;,
  3;40,36,55;,
  3;53,52,56;,
  3;55,56,52;,
  3;54,53,57;,
  3;56,57,53;,
  3;57,58,54;,
  3;58,57,59;,
  3;60,59,57;,
  3;57,56,60;,
  3;59,60,61;,
  3;62,60,56;,
  3;56,55,62;,
  3;63,61,60;,
  3;60,62,63;,
  3;61,63,3;,
  3;4,3,63;,
  3;64,63,62;,
  3;63,64,4;,
  3;55,64,62;,
  3;64,15,4;,
  3;55,36,64;,
  3;15,64,18;,
  3;36,18,64;,
  3;65,66,67;,
  3;66,65,68;,
  3;69,68,65;,
  3;68,70,66;,
  3;68,69,71;,
  3;69,72,71;,
  3;70,68,73;,
  3;71,73,68;,
  3;74,70,73;,
  3;70,74,75;,
  3;74,76,75;,
  3;73,77,74;,
  3;76,74,78;,
  3;77,78,74;,
  3;79,76,78;,
  3;76,79,80;,
  3;79,81,80;,
  3;81,79,82;,
  3;82,83,81;,
  3;78,84,79;,
  3;84,82,79;,
  3;83,82,85;,
  3;85,86,83;,
  3;87,85,82;,
  3;82,84,87;,
  3;86,85,88;,
  3;88,89,86;,
  3;89,88,90;,
  3;91,88,85;,
  3;85,87,91;,
  3;92,90,88;,
  3;88,91,92;,
  3;90,92,93;,
  3;94,91,87;,
  3;94,87,84;,
  3;95,92,91;,
  3;91,94,95;,
  3;96,93,92;,
  3;92,95,96;,
  3;93,96,97;,
  3;98,97,96;,
  3;97,98,99;,
  3;100,96,95;,
  3;96,100,98;,
  3;101,99,98;,
  3;100,101,98;,
  3;99,101,102;,
  3;101,103,102;,
  3;103,101,104;,
  3;105,104,101;,
  3;101,100,105;,
  3;104,105,106;,
  3;107,106,105;,
  3;100,107,105;,
  3;106,107,108;,
  3;107,109,108;,
  3;107,100,110;,
  3;95,110,100;,
  3;110,95,94;,
  3;109,107,111;,
  3;110,111,107;,
  3;111,112,109;,
  3;110,94,113;,
  3;111,110,113;,
  3;94,84,113;,
  3;112,111,114;,
  3;113,114,111;,
  3;114,115,112;,
  3;116,113,84;,
  3;84,78,116;,
  3;78,77,116;,
  3;113,116,117;,
  3;114,113,117;,
  3;118,116,77;,
  3;116,118,117;,
  3;117,119,114;,
  3;119,117,118;,
  3;115,114,119;,
  3;120,118,77;,
  3;77,73,120;,
  3;73,71,120;,
  3;118,120,121;,
  3;71,121,120;,
  3;121,119,118;,
  3;122,115,119;,
  3;119,121,122;,
  3;115,122,123;,
  3;124,123,122;,
  3;121,124,122;,
  3;123,124,125;,
  3;125,126,127;,
  3;126,125,124;,
  3;128,126,124;,
  3;124,121,128;,
  3;126,128,129;,
  3;121,71,128;,
  3;72,129,128;,
  3;72,128,71;;

  MeshNormals {
   130;
   -0.980573;-0.179053;-0.080109;,
   -0.904357;0.388291;-0.177110;,
   -0.900985;0.409186;-0.144196;,
   0.875310;0.478593;-0.069144;,
   0.988969;-0.148116;-0.001347;,
   0.989099;-0.146801;-0.011540;,
   -0.972875;-0.198511;-0.118774;,
   0.648307;-0.757884;0.072861;,
   -0.668667;-0.742863;0.032234;,
   -0.894406;0.367117;-0.255466;,
   -0.954986;-0.265989;-0.131344;,
   -0.879224;0.387271;-0.277466;,
   -0.634069;-0.771574;0.051287;,
   0.004076;-0.990939;0.134251;,
   -0.005245;-0.994678;0.102901;,
   0.635424;-0.764294;0.109960;,
   0.011200;-0.994668;0.102517;,
   -0.585878;-0.809931;0.027552;,
   0.628791;-0.771966;0.093225;,
   0.018664;-0.999685;0.016756;,
   -0.575220;-0.817100;-0.038339;,
   -0.949373;-0.286844;-0.128106;,
   -0.901979;0.365117;-0.230485;,
   -0.920315;0.348899;-0.176888;,
   -0.948105;-0.287073;-0.136696;,
   -0.927035;0.330489;-0.177156;,
   -0.950373;-0.282765;-0.129751;,
   -0.551015;-0.831917;-0.065549;,
   -0.566297;-0.822057;-0.059423;,
   0.027229;-0.999563;0.011497;,
   0.008849;-0.999961;-0.000510;,
   0.636474;-0.771289;-0.003892;,
   0.665847;-0.745559;0.028119;,
   0.637513;-0.770349;-0.011770;,
   0.987408;-0.153008;-0.040169;,
   0.994220;-0.105425;-0.020315;,
   0.981540;-0.187469;-0.037887;,
   0.877051;0.469139;-0.103387;,
   0.867384;0.494445;-0.056303;,
   0.358660;0.921054;-0.151734;,
   0.891602;0.432197;-0.135100;,
   0.361149;0.913896;-0.185379;,
   -0.473645;0.856238;-0.206196;,
   0.389853;0.890645;-0.234022;,
   -0.437197;0.869461;-0.229991;,
   -0.927035;0.330489;-0.177156;,
   -0.920315;0.348899;-0.176888;,
   -0.901979;0.365117;-0.230485;,
   -0.399314;0.870394;-0.288032;,
   -0.879224;0.387271;-0.277466;,
   -0.403084;0.867668;-0.290991;,
   -0.894406;0.367117;-0.255466;,
   0.392194;0.892415;-0.223112;,
   -0.409637;0.875972;-0.254697;,
   -0.904357;0.388291;-0.177110;,
   0.879003;0.458047;-0.132464;,
   0.405982;0.891675;-0.200236;,
   -0.407294;0.892223;-0.195063;,
   -0.900985;0.409186;-0.144196;,
   -0.408074;0.897830;-0.165461;,
   0.406108;0.900390;-0.156120;,
   0.394729;0.909907;-0.127507;,
   0.890876;0.431432;-0.142151;,
   0.880483;0.466059;-0.086829;,
   0.980787;-0.194780;0.010828;,
   0.904357;0.388291;-0.177110;,
   0.980573;-0.179053;-0.080109;,
   0.900985;0.409186;-0.144196;,
   0.972875;-0.198511;-0.118774;,
   0.894406;0.367117;-0.255466;,
   0.668667;-0.742863;0.032234;,
   0.954986;-0.265989;-0.131344;,
   0.879224;0.387271;-0.277466;,
   0.634070;-0.771573;0.051287;,
   -0.004076;-0.990939;0.134251;,
   0.005245;-0.994678;0.102901;,
   -0.648307;-0.757885;0.072861;,
   -0.011199;-0.994668;0.102517;,
   -0.635424;-0.764294;0.109960;,
   -0.988969;-0.148116;-0.001347;,
   -0.989095;-0.146824;-0.011540;,
   -0.875305;0.478602;-0.069143;,
   -0.880483;0.466059;-0.086829;,
   -0.394729;0.909907;-0.127507;,
   -0.980787;-0.194780;0.010828;,
   -0.406108;0.900390;-0.156120;,
   0.408083;0.897825;-0.165465;,
   -0.890876;0.431432;-0.142151;,
   0.407294;0.892223;-0.195063;,
   0.900985;0.409186;-0.144196;,
   0.904357;0.388291;-0.177110;,
   -0.405982;0.891675;-0.200236;,
   0.409637;0.875972;-0.254697;,
   0.894406;0.367117;-0.255466;,
   -0.879003;0.458047;-0.132464;,
   -0.392194;0.892415;-0.223112;,
   0.403084;0.867668;-0.290991;,
   0.879224;0.387271;-0.277466;,
   0.399314;0.870394;-0.288033;,
   0.901979;0.365117;-0.230485;,
   -0.389853;0.890645;-0.234022;,
   0.437197;0.869461;-0.229991;,
   0.920315;0.348899;-0.176888;,
   0.927035;0.330489;-0.177156;,
   0.473645;0.856238;-0.206196;,
   -0.361149;0.913896;-0.185379;,
   -0.358660;0.921054;-0.151734;,
   -0.877052;0.469139;-0.103387;,
   -0.867384;0.494445;-0.056303;,
   -0.994220;-0.105425;-0.020315;,
   -0.891602;0.432197;-0.135100;,
   -0.987408;-0.153008;-0.040169;,
   -0.665847;-0.745559;0.028118;,
   -0.981540;-0.187469;-0.037887;,
   -0.636474;-0.771288;-0.003892;,
   -0.027229;-0.999563;0.011497;,
   -0.628791;-0.771966;0.093225;,
   -0.637513;-0.770349;-0.011770;,
   -0.018664;-0.999685;0.016756;,
   -0.008848;-0.999961;-0.000510;,
   0.585878;-0.809931;0.027553;,
   0.575220;-0.817100;-0.038339;,
   0.566297;-0.822057;-0.059423;,
   0.551015;-0.831917;-0.065549;,
   0.950373;-0.282765;-0.129751;,
   0.948105;-0.287073;-0.136697;,
   0.920315;0.348899;-0.176888;,
   0.927035;0.330489;-0.177156;,
   0.949373;-0.286844;-0.128106;,
   0.901979;0.365117;-0.230485;;
   196;
   3;0,1,2;,
   3;3,4,5;,
   3;1,0,6;,
   3;4,7,5;,
   3;8,6,0;,
   3;6,9,1;,
   3;9,6,10;,
   3;9,10,11;,
   3;6,8,12;,
   3;12,10,6;,
   3;8,13,12;,
   3;13,8,14;,
   3;7,13,14;,
   3;13,7,15;,
   3;7,4,15;,
   3;16,12,13;,
   3;15,16,13;,
   3;12,16,17;,
   3;10,12,17;,
   3;16,15,18;,
   3;19,17,16;,
   3;18,19,16;,
   3;20,10,17;,
   3;17,19,20;,
   3;10,20,21;,
   3;11,10,21;,
   3;11,21,22;,
   3;21,23,22;,
   3;23,24,25;,
   3;23,21,26;,
   3;24,23,26;,
   3;20,26,21;,
   3;26,27,24;,
   3;27,26,28;,
   3;26,20,28;,
   3;28,29,27;,
   3;20,30,28;,
   3;29,28,30;,
   3;30,20,19;,
   3;31,29,30;,
   3;29,31,32;,
   3;33,30,19;,
   3;30,33,31;,
   3;19,18,33;,
   3;34,32,31;,
   3;32,34,35;,
   3;36,31,33;,
   3;31,36,34;,
   3;18,36,33;,
   3;37,35,34;,
   3;35,37,38;,
   3;37,39,38;,
   3;40,34,36;,
   3;34,40,37;,
   3;39,37,41;,
   3;41,42,39;,
   3;37,43,41;,
   3;43,37,40;,
   3;42,41,44;,
   3;43,44,41;,
   3;44,45,42;,
   3;45,44,46;,
   3;44,47,46;,
   3;47,44,48;,
   3;44,43,48;,
   3;48,49,47;,
   3;49,48,50;,
   3;43,50,48;,
   3;50,51,49;,
   3;50,43,52;,
   3;40,52,43;,
   3;51,50,53;,
   3;52,53,50;,
   3;53,54,51;,
   3;52,40,55;,
   3;40,36,55;,
   3;53,52,56;,
   3;55,56,52;,
   3;54,53,57;,
   3;56,57,53;,
   3;57,58,54;,
   3;58,57,59;,
   3;60,59,57;,
   3;57,56,60;,
   3;59,60,61;,
   3;62,60,56;,
   3;56,55,62;,
   3;63,61,60;,
   3;60,62,63;,
   3;61,63,3;,
   3;4,3,63;,
   3;64,63,62;,
   3;63,64,4;,
   3;55,64,62;,
   3;64,15,4;,
   3;55,36,64;,
   3;15,64,18;,
   3;36,18,64;,
   3;65,66,67;,
   3;66,65,68;,
   3;69,68,65;,
   3;68,70,66;,
   3;68,69,71;,
   3;69,72,71;,
   3;70,68,73;,
   3;71,73,68;,
   3;74,70,73;,
   3;70,74,75;,
   3;74,76,75;,
   3;73,77,74;,
   3;76,74,78;,
   3;77,78,74;,
   3;79,76,78;,
   3;76,79,80;,
   3;79,81,80;,
   3;81,79,82;,
   3;82,83,81;,
   3;78,84,79;,
   3;84,82,79;,
   3;83,82,85;,
   3;85,86,83;,
   3;87,85,82;,
   3;82,84,87;,
   3;86,85,88;,
   3;88,89,86;,
   3;89,88,90;,
   3;91,88,85;,
   3;85,87,91;,
   3;92,90,88;,
   3;88,91,92;,
   3;90,92,93;,
   3;94,91,87;,
   3;94,87,84;,
   3;95,92,91;,
   3;91,94,95;,
   3;96,93,92;,
   3;92,95,96;,
   3;93,96,97;,
   3;98,97,96;,
   3;97,98,99;,
   3;100,96,95;,
   3;96,100,98;,
   3;101,99,98;,
   3;100,101,98;,
   3;99,101,102;,
   3;101,103,102;,
   3;103,101,104;,
   3;105,104,101;,
   3;101,100,105;,
   3;104,105,106;,
   3;107,106,105;,
   3;100,107,105;,
   3;106,107,108;,
   3;107,109,108;,
   3;107,100,110;,
   3;95,110,100;,
   3;110,95,94;,
   3;109,107,111;,
   3;110,111,107;,
   3;111,112,109;,
   3;110,94,113;,
   3;111,110,113;,
   3;94,84,113;,
   3;112,111,114;,
   3;113,114,111;,
   3;114,115,112;,
   3;116,113,84;,
   3;84,78,116;,
   3;78,77,116;,
   3;113,116,117;,
   3;114,113,117;,
   3;118,116,77;,
   3;116,118,117;,
   3;117,119,114;,
   3;119,117,118;,
   3;115,114,119;,
   3;120,118,77;,
   3;77,73,120;,
   3;73,71,120;,
   3;118,120,121;,
   3;71,121,120;,
   3;121,119,118;,
   3;122,115,119;,
   3;119,121,122;,
   3;115,122,123;,
   3;124,123,122;,
   3;121,124,122;,
   3;123,124,125;,
   3;125,126,127;,
   3;126,125,124;,
   3;128,126,124;,
   3;124,121,128;,
   3;126,128,129;,
   3;121,71,128;,
   3;72,129,128;,
   3;72,128,71;;
  }

  MeshMaterialList {
   1;
   196;
   0,
   0,
   0,
   0,
   0,
   0,
   0,
   0,
   0,
   0,
   0,
   0,
   0,
   0,
   0,
   0,
   0,
   0,
   0,
   0,
   0,
   0,
   0,
   0,
   0,
   0,
   0,
   0,
   0,
   0,
   0,
   0,
   0,
   0,
   0,
   0,
   0,
   0,
   0,
   0,
   0,
   0,
   0,
   0,
   0,
   0,
   0,
   0,
   0,
   0,
   0,
   0,
   0,
   0,
   0,
   0,
   0,
   0,
   0,
   0,
   0,
   0,
   0,
   0,
   0,
   0,
   0,
   0,
   0,
   0,
   0,
   0,
   0,
   0,
   0,
   0,
   0,
   0,
   0,
   0,
   0,
   0,
   0,
   0,
   0,
   0,
   0,
   0,
   0,
   0,
   0,
   0,
   0,
   0,
   0,
   0,
   0,
   0,
   0,
   0,
   0,
   0,
   0,
   0,
   0,
   0,
   0,
   0,
   0,
   0,
   0,
   0,
   0,
   0,
   0,
   0,
   0,
   0,
   0,
   0,
   0,
   0,
   0,
   0,
   0,
   0,
   0,
   0,
   0,
   0,
   0,
   0,
   0,
   0,
   0,
   0,
   0,
   0,
   0,
   0,
   0,
   0,
   0,
   0,
   0,
   0,
   0,
   0,
   0,
   0,
   0,
   0,
   0,
   0,
   0,
   0,
   0,
   0,
   0,
   0,
   0,
   0,
   0,
   0,
   0,
   0,
   0,
   0,
   0,
   0,
   0,
   0,
   0,
   0,
   0,
   0,
   0,
   0,
   0,
   0,
   0,
   0,
   0,
   0,
   0,
   0,
   0,
   0,
   0,
   0,
   0,
   0,
   0,
   0,
   0,
   0;
   { Standard_13aa_162 }
  }

  MeshTextureCoords c1 {
   130;
   0.478795;0.931620;,
   0.496477;0.879548;,
   0.497299;0.928660;,
   0.388587;0.928823;,
   0.409629;0.876519;,
   0.408189;0.927993;,
   0.478190;0.877890;,
   0.426588;0.928931;,
   0.464635;0.932625;,
   0.497035;0.852018;,
   0.478434;0.845190;,
   0.499216;0.832812;,
   0.463497;0.877145;,
   0.444790;0.874803;,
   0.445571;0.930804;,
   0.426256;0.874516;,
   0.444536;0.841620;,
   0.463103;0.843604;,
   0.425777;0.841685;,
   0.444266;0.803272;,
   0.462980;0.806363;,
   0.479838;0.807685;,
   0.500273;0.810499;,
   0.501025;0.782385;,
   0.481506;0.750840;,
   0.501329;0.751767;,
   0.480958;0.779212;,
   0.462562;0.748448;,
   0.462689;0.776445;,
   0.443982;0.742323;,
   0.444122;0.770096;,
   0.426348;0.766542;,
   0.426291;0.737153;,
   0.425836;0.801772;,
   0.410301;0.766969;,
   0.409567;0.734457;,
   0.410840;0.803875;,
   0.389974;0.771930;,
   0.389681;0.737828;,
   0.368706;0.741272;,
   0.390658;0.806280;,
   0.369075;0.775578;,
   0.349568;0.743758;,
   0.369791;0.808039;,
   0.350065;0.776685;,
   0.331799;0.744451;,
   0.332234;0.777170;,
   0.333188;0.806998;,
   0.350575;0.806839;,
   0.334021;0.830279;,
   0.351032;0.830123;,
   0.333506;0.850293;,
   0.370044;0.831551;,
   0.351559;0.852075;,
   0.333616;0.877501;,
   0.390157;0.830281;,
   0.370156;0.854160;,
   0.351637;0.880347;,
   0.332626;0.925674;,
   0.350335;0.927276;,
   0.369641;0.882399;,
   0.368713;0.929128;,
   0.390906;0.852206;,
   0.390248;0.880424;,
   0.410487;0.845231;,
   0.496477;0.879548;,
   0.478795;0.931620;,
   0.497299;0.928660;,
   0.478190;0.877890;,
   0.497035;0.852018;,
   0.464635;0.932625;,
   0.478434;0.845190;,
   0.499216;0.832812;,
   0.463497;0.877145;,
   0.444790;0.874803;,
   0.445571;0.930804;,
   0.426588;0.928931;,
   0.444536;0.841620;,
   0.426256;0.874516;,
   0.409629;0.876519;,
   0.408189;0.927993;,
   0.388587;0.928823;,
   0.390248;0.880424;,
   0.368713;0.929128;,
   0.410487;0.845231;,
   0.369641;0.882399;,
   0.350335;0.927276;,
   0.390906;0.852206;,
   0.351637;0.880347;,
   0.332626;0.925674;,
   0.333616;0.877501;,
   0.370156;0.854160;,
   0.351559;0.852075;,
   0.333506;0.850293;,
   0.390157;0.830281;,
   0.370044;0.831551;,
   0.351032;0.830123;,
   0.334021;0.830279;,
   0.350575;0.806839;,
   0.333188;0.806998;,
   0.369791;0.808039;,
   0.350065;0.776685;,
   0.332234;0.777170;,
   0.331799;0.744451;,
   0.349568;0.743758;,
   0.369075;0.775578;,
   0.368706;0.741272;,
   0.389974;0.771930;,
   0.389681;0.737828;,
   0.409567;0.734457;,
   0.390658;0.806280;,
   0.410301;0.766969;,
   0.426291;0.737153;,
   0.410840;0.803875;,
   0.426348;0.766542;,
   0.443982;0.742323;,
   0.425777;0.841685;,
   0.425836;0.801772;,
   0.444266;0.803272;,
   0.444122;0.770096;,
   0.463103;0.843604;,
   0.462980;0.806363;,
   0.462689;0.776445;,
   0.462562;0.748448;,
   0.480958;0.779212;,
   0.481506;0.750840;,
   0.501025;0.782385;,
   0.501329;0.751767;,
   0.479838;0.807685;,
   0.500273;0.810499;;
  }

  XSkinMeshHeader {
   2;
   2;
   5;
  }

  SkinWeights {
   "Bip01_L_Thigh";
   55;
   1,
   4,
   6,
   9,
   10,
   11,
   12,
   13,
   15,
   16,
   17,
   18,
   19,
   20,
   21,
   22,
   23,
   24,
   25,
   26,
   27,
   28,
   29,
   30,
   31,
   32,
   33,
   34,
   35,
   36,
   37,
   38,
   39,
   40,
   41,
   42,
   43,
   44,
   45,
   46,
   47,
   48,
   49,
   50,
   51,
   52,
   53,
   54,
   55,
   56,
   57,
   60,
   62,
   63,
   64;
   0.150000,
   0.150000,
   0.150000,
   0.500000,
   0.500000,
   0.650000,
   0.150000,
   0.150000,
   0.150000,
   0.500000,
   0.500000,
   0.500000,
   0.900000,
   0.900000,
   0.900000,
   0.900000,
   1.000000,
   1.000000,
   1.000000,
   1.000000,
   0.900000,
   1.000000,
   0.900000,
   1.000000,
   1.000000,
   1.000000,
   0.900000,
   1.000000,
   1.000000,
   0.900000,
   1.000000,
   1.000000,
   1.000000,
   0.900000,
   1.000000,
   1.000000,
   0.900000,
   1.000000,
   1.000000,
   1.000000,
   0.900000,
   0.900000,
   0.650000,
   0.650000,
   0.500000,
   0.650000,
   0.500000,
   0.150000,
   0.650000,
   0.500000,
   0.150000,
   0.150000,
   0.500000,
   0.150000,
   0.500000;
   0.056310,-0.006173,-0.998394,0.000000,-0.121492,-0.992592,-0.000715,0.000000,-0.990994,0.121337,-0.056643,0.000000,44.695014,-3.467316,10.317110,1.000000;;
  }

  SkinWeights {
   "SATA9NI_Bone01";
   4;
   27,
   29,
   115,
   123;
   0.100000,
   0.100000,
   0.100000,
   0.100000;
   0.000053,0.000002,1.000000,0.000000,-0.034547,0.999403,0.000000,0.000000,-0.999403,-0.034547,0.000053,0.000000,45.230554,0.609065,-0.002378,1.000000;;
  }

  SkinWeights {
   "Bip01_R_Thigh";
   55;
   65,
   68,
   69,
   71,
   72,
   73,
   74,
   77,
   78,
   79,
   82,
   84,
   85,
   87,
   88,
   90,
   91,
   92,
   93,
   94,
   95,
   96,
   97,
   98,
   99,
   100,
   101,
   102,
   103,
   104,
   105,
   106,
   107,
   108,
   109,
   110,
   111,
   112,
   113,
   114,
   115,
   116,
   117,
   118,
   119,
   120,
   121,
   122,
   123,
   124,
   125,
   126,
   127,
   128,
   129;
   0.150000,
   0.150000,
   0.500000,
   0.500000,
   0.650000,
   0.150000,
   0.150000,
   0.500000,
   0.150000,
   0.150000,
   0.150000,
   0.500000,
   0.150000,
   0.500000,
   0.150000,
   0.150000,
   0.500000,
   0.500000,
   0.500000,
   0.650000,
   0.650000,
   0.650000,
   0.650000,
   0.900000,
   0.900000,
   0.900000,
   1.000000,
   1.000000,
   1.000000,
   1.000000,
   1.000000,
   1.000000,
   1.000000,
   1.000000,
   1.000000,
   0.900000,
   1.000000,
   1.000000,
   0.900000,
   1.000000,
   0.900000,
   0.500000,
   0.900000,
   0.900000,
   1.000000,
   0.500000,
   0.900000,
   1.000000,
   0.900000,
   1.000000,
   1.000000,
   1.000000,
   1.000000,
   0.900000,
   0.900000;
   -0.056310,0.006171,-0.998394,0.000000,-0.121491,-0.992592,0.000717,0.000000,-0.990994,0.121337,0.056643,0.000000,44.696477,-3.467473,-10.290851,1.000000;;
  }

  SkinWeights {
   "Bip01_L_Calf";
   45;
   0,
   1,
   2,
   3,
   4,
   5,
   6,
   7,
   8,
   9,
   10,
   11,
   12,
   13,
   14,
   15,
   16,
   17,
   18,
   19,
   20,
   21,
   22,
   33,
   36,
   40,
   43,
   47,
   48,
   49,
   50,
   51,
   52,
   53,
   54,
   55,
   56,
   57,
   58,
   59,
   60,
   61,
   62,
   63,
   64;
   1.000000,
   0.850000,
   1.000000,
   1.000000,
   0.850000,
   1.000000,
   0.850000,
   1.000000,
   1.000000,
   0.500000,
   0.500000,
   0.350000,
   0.850000,
   0.850000,
   1.000000,
   0.850000,
   0.500000,
   0.500000,
   0.500000,
   0.100000,
   0.100000,
   0.100000,
   0.100000,
   0.100000,
   0.100000,
   0.100000,
   0.100000,
   0.100000,
   0.100000,
   0.350000,
   0.350000,
   0.500000,
   0.350000,
   0.500000,
   0.850000,
   0.350000,
   0.500000,
   0.850000,
   1.000000,
   1.000000,
   0.850000,
   1.000000,
   0.500000,
   0.850000,
   0.500000;
   0.056120,-0.007709,-0.998394,0.000000,-0.148559,-0.988903,-0.000715,0.000000,-0.987310,0.148361,-0.056643,0.000000,22.510878,-4.083731,10.317109,1.000000;;
  }

  SkinWeights {
   "Bip01_R_Calf";
   45;
   65,
   66,
   67,
   68,
   69,
   70,
   71,
   72,
   73,
   74,
   75,
   76,
   77,
   78,
   79,
   80,
   81,
   82,
   83,
   84,
   85,
   86,
   87,
   88,
   89,
   90,
   91,
   92,
   93,
   94,
   95,
   96,
   97,
   98,
   99,
   100,
   110,
   113,
   116,
   117,
   118,
   120,
   121,
   128,
   129;
   0.850000,
   1.000000,
   1.000000,
   0.850000,
   0.500000,
   1.000000,
   0.500000,
   0.350000,
   0.850000,
   0.850000,
   1.000000,
   1.000000,
   0.500000,
   0.850000,
   0.850000,
   1.000000,
   1.000000,
   0.850000,
   1.000000,
   0.500000,
   0.850000,
   1.000000,
   0.500000,
   0.850000,
   1.000000,
   0.850000,
   0.500000,
   0.500000,
   0.500000,
   0.350000,
   0.350000,
   0.350000,
   0.350000,
   0.100000,
   0.100000,
   0.100000,
   0.100000,
   0.100000,
   0.500000,
   0.100000,
   0.100000,
   0.500000,
   0.100000,
   0.100000,
   0.100000;
   -0.056120,0.007707,-0.998394,0.000000,-0.148559,-0.988903,0.000717,0.000000,-0.987310,0.148361,0.056643,0.000000,22.512336,-4.083928,-10.290851,1.000000;;
  }
 }
}

Frame PA_ {
 

 FrameTransformMatrix {
  0.393701,0.000000,0.000000,0.000000,0.000000,-0.000000,-0.393701,0.000000,0.000000,0.393701,-0.000000,0.000000,0.000000,0.000000,0.000000,1.000000;;
 }

 Mesh PA_ {
  205;
  -16.384158;0.811095;40.139830;,
  -15.306077;6.296228;34.379136;,
  -17.129798;0.276993;35.069427;,
  -16.626182;0.320256;34.694336;,
  -14.901613;6.012238;34.041571;,
  8.814888;-7.417170;34.565933;,
  7.866675;1.072747;35.126666;,
  13.782898;-5.605436;34.797814;,
  16.626179;0.320257;34.694342;,
  3.584678;-6.416025;34.178512;,
  14.901608;6.012240;34.041581;,
  0.747585;-2.668176;33.588614;,
  10.339797;9.030806;33.323280;,
  0.838888;1.169610;33.336483;,
  4.334366;8.296428;33.013392;,
  1.844085;5.950987;33.088006;,
  -1.844085;5.950986;33.087997;,
  -0.439203;1.242404;33.628819;,
