xof 0303txt 0032
template ColorRGBA {
 <35ff44e0-6c7c-11cf-8f52-0040333594a3>
 FLOAT red;
 FLOAT green;
 FLOAT blue;
 FLOAT alpha;
}

template ColorRGB {
 <d3e16e81-7835-11cf-8f52-0040333594a3>
 FLOAT red;
 FLOAT green;
 FLOAT blue;
}

template Material {
 <3d82ab4d-62da-11cf-ab39-0020af71e433>
 ColorRGBA faceColor;
 FLOAT power;
 ColorRGB specularColor;
 ColorRGB emissiveColor;
 [...]
}

template TextureFilename {
 <a42790e1-7810-11cf-8f52-0040333594a3>
 STRING filename;
}

template Frame {
 <3d82ab46-62da-11cf-ab39-0020af71e433>
 [...]
}

template Matrix4x4 {
 <f6f23f45-7686-11cf-8f52-0040333594a3>
 array FLOAT matrix[16];
}

template FrameTransformMatrix {
 <f6f23f41-7686-11cf-8f52-0040333594a3>
 Matrix4x4 frameMatrix;
}

template Vector {
 <3d82ab5e-62da-11cf-ab39-0020af71e433>
 FLOAT x;
 FLOAT y;
 FLOAT z;
}

template MeshFace {
 <3d82ab5f-62da-11cf-ab39-0020af71e433>
 DWORD nFaceVertexIndices;
 array DWORD faceVertexIndices[nFaceVertexIndices];
}

template Mesh {
 <3d82ab44-62da-11cf-ab39-0020af71e433>
 DWORD nVertices;
 array Vector vertices[nVertices];
 DWORD nFaces;
 array MeshFace faces[nFaces];
 [...]
}

template MeshNormals {
 <f6f23f43-7686-11cf-8f52-0040333594a3>
 DWORD nNormals;
 array Vector normals[nNormals];
 DWORD nFaceNormals;
 array MeshFace faceNormals[nFaceNormals];
}

template MeshMaterialList {
 <f6f23f42-7686-11cf-8f52-0040333594a3>
 DWORD nMaterials;
 DWORD nFaceIndexes;
 array DWORD faceIndexes[nFaceIndexes];
 [Material <3d82ab4d-62da-11cf-ab39-0020af71e433>]
}

template Coords2d {
 <f6f23f44-7686-11cf-8f52-0040333594a3>
 FLOAT u;
 FLOAT v;
}

template MeshTextureCoords {
 <f6f23f40-7686-11cf-8f52-0040333594a3>
 DWORD nTextureCoords;
 array Coords2d textureCoords[nTextureCoords];
}

template XSkinMeshHeader {
 <3cf169ce-ff7c-44ab-93c0-f78f62d172e2>
 WORD nMaxSkinWeightsPerVertex;
 WORD nMaxSkinWeightsPerFace;
 WORD nBones;
}

template SkinWeights {
 <6f0d123b-bad2-4167-a0d0-80224f25fabb>
 STRING transformNodeName;
 DWORD nWeights;
 array DWORD vertexIndices[nWeights];
 array FLOAT weights[nWeights];
 Matrix4x4 matrixOffset;
}

template AnimTicksPerSecond {
 <9e415a43-7ba6-4a73-8743-b73d47e88476>
 DWORD AnimTicksPerSecond;
}

template Animation {
 <3d82ab4f-62da-11cf-ab39-0020af71e433>
 [...]
}

template AnimationSet {
 <3d82ab50-62da-11cf-ab39-0020af71e433>
 [Animation <3d82ab4f-62da-11cf-ab39-0020af71e433>]
}

template FloatKeys {
 <10dd46a9-775b-11cf-8f52-0040333594a3>
 DWORD nValues;
 array FLOAT values[nValues];
}

template TimedFloatKeys {
 <f406b180-7b3b-11cf-8f52-0040333594a3>
 DWORD time;
 FloatKeys tfkeys;
}

template AnimationKey {
 <10dd46a8-775b-11cf-8f52-0040333594a3>
 DWORD keyType;
 DWORD nKeys;
 array TimedFloatKeys keys[nKeys];
}


Material Standard_3__PA_C_CL__259 {
 1.000000;1.000000;1.000000;1.000000;;
 43.219280;
 0.020000;0.020000;0.020000;;
 0.000000;0.000000;0.000000;;

 TextureFilename {
  "11500004_F_Viking_D.dds";
 }
}

Material Material__17_289 {
 1.000000;1.000000;1.000000;1.000000;;
 43.219280;
 0.020000;0.020000;0.020000;;
 0.000000;0.000000;0.000000;;

 TextureFilename {
  "F_Skin_body_D.dds";
 }
}

Material PA_313 {
 1.000000;1.000000;1.000000;1.000000;;
 43.219280;
 0.020000;0.020000;0.020000;;
 0.000000;0.000000;0.000000;;

 TextureFilename {
  "F_PA.dds";
 }
}

Material Standard_3__PA_C_CL__335 {
 1.000000;1.000000;1.000000;1.000000;;
 43.219280;
 0.020000;0.020000;0.020000;;
 0.000000;0.000000;0.000000;;

 TextureFilename {
  "11500004_F_Viking_D.dds";
 }
}

Frame Scene_Root {
 

 FrameTransformMatrix {
  0.393701,0.000000,0.000000,0.000000,0.000000,-0.000000,-0.393701,0.000000,0.000000,0.393701,-0.000000,0.000000,0.000000,0.000000,0.000000,1.000000;;
 }

 Frame Bip01 {
  

  FrameTransformMatrix {
   0.000002,0.997564,-0.069757,0.000000,-1.000000,0.000001,-0.000000,0.000000,0.000000,0.069757,0.997564,0.000000,0.013153,1.995826,45.297594,1.000000;;
  }

  Frame Bip01_Footsteps {
   

   FrameTransformMatrix {
    0.000002,-1.000000,0.000000,0.000000,0.997564,0.000002,0.069757,0.000000,-0.069757,-0.000000,0.997564,0.000000,3.162076,0.000004,-45.219155,1.000000;;
   }
  }

  Frame Bip01_Pelvis {
   

   FrameTransformMatrix {
    0.000002,-0.000000,1.000000,0.000000,-1.000000,0.000001,0.000002,0.000000,-0.000001,-1.000000,-0.000000,0.000000,0.000000,0.000000,0.000000,1.000000;;
   }

   Frame Bip01_Spine {
    

    FrameTransformMatrix {
     0.998708,-0.050824,0.000001,0.000000,0.050824,0.998708,0.000004,0.000000,-0.000001,-0.000004,1.000000,0.000000,3.672924,-0.256298,0.000005,1.000000;;
    }

    Frame Bip01_Spine1 {
     

     FrameTransformMatrix {
      0.996899,0.078688,-0.000000,0.000000,-0.078688,0.996899,0.000000,0.000000,0.000000,-0.000000,1.000000,0.000000,5.748711,0.004558,-0.000000,1.000000;;
     }

     Frame Bip01_Spine2 {
      

      FrameTransformMatrix {
       0.983435,0.181259,-0.000001,0.000000,-0.181259,0.983435,0.000000,0.000000,0.000001,0.000000,1.000000,0.000000,5.739052,0.013319,-0.000000,1.000000;;
      }

      Frame Bip01_Neck {
       

       FrameTransformMatrix {
        0.967684,-0.252167,0.000001,0.000000,0.252167,0.967684,0.000000,0.000000,-0.000001,0.000000,1.000000,0.000000,17.185211,0.674536,0.000002,1.000000;;
       }

       Frame Bip01_Head {
        

        FrameTransformMatrix {
         0.993567,0.113247,-0.000000,0.000000,-0.113247,0.993567,0.000000,0.000000,0.000000,0.000000,1.000000,0.000000,4.018608,0.785323,-0.013147,1.000000;;
        }

        Frame Bip01_HeadNub {
         

         FrameTransformMatrix {
          1.000000,-0.000000,-0.000000,0.000000,0.000000,1.000000,0.000000,0.000000,0.000000,-0.000000,1.000000,0.000000,51.565370,-0.000000,-0.000002,1.000000;;
         }
        }
       }

       Frame Bip01_L_Clavicle {
        

        FrameTransformMatrix {
         -0.307849,-0.008913,0.951393,0.000000,0.252271,-0.964930,0.072590,0.000000,0.917381,0.262356,0.299302,0.000000,-1.842407,0.188779,3.177583,1.000000;;
        }

        Frame Bip01_L_UpperArm {
         

         FrameTransformMatrix {
          0.835930,-0.092037,-0.541063,0.000000,-0.025557,0.978242,-0.205888,0.000000,0.548240,0.185936,0.815390,0.000000,7.100722,-0.000000,0.000008,1.000000;;
         }

         Frame Bip01_L_Forearm {
          

          FrameTransformMatrix {
           0.999999,0.001452,-0.000000,0.000000,-0.001452,0.999999,-0.000000,0.000000,-0.000000,0.000000,1.000000,0.000000,15.525947,0.000001,-0.000004,1.000000;;
          }

          Frame Bip01_L_Hand {
           

           FrameTransformMatrix {
            0.999650,-0.022704,0.013559,0.000000,-0.014317,-0.033570,0.999334,0.000000,-0.022233,-0.999179,-0.033883,0.000000,13.317225,-0.000000,-0.000011,1.000000;;
           }

           Frame Bip01_L_Finger0 {
            

            FrameTransformMatrix {
             0.964227,-0.152334,-0.216936,0.000000,-0.237976,-0.136966,-0.961565,0.000000,0.116766,0.978793,-0.168318,0.000000,4.856733,-2.803829,-5.612442,1.000000;;
            }

            Frame Bip01_L_Finger01 {
             

             FrameTransformMatrix {
              0.995126,-0.098614,0.000000,0.000000,0.098615,0.995126,-0.000000,0.000000,-0.000000,0.000000,1.000000,0.000000,5.339233,-0.000003,-0.000000,1.000000;;
             }
            }
           }

           Frame Bip01_L_Finger1 {
            

            FrameTransformMatrix {
             0.998363,-0.052217,-0.023341,0.000000,0.051145,0.997706,-0.044367,0.000000,0.025604,0.043100,0.998743,0.000000,10.594981,2.271393,-4.280781,1.000000;;
            }

            Frame Bip01_L_Finger11 {
             

             FrameTransformMatrix {
              0.984171,-0.177224,0.000000,0.000000,0.177224,0.984171,0.000000,0.000000,-0.000000,-0.000000,1.000000,0.000000,3.923907,0.000004,0.000002,1.000000;;
             }
            }
           }

           Frame Bip01_L_Finger2 {
            

            FrameTransformMatrix {
             0.991631,-0.128610,-0.011326,0.000000,0.128941,0.990986,0.036356,0.000000,0.006548,-0.037512,0.999275,0.000000,10.601835,2.431660,-1.008320,1.000000;;
            }

            Frame Bip01_L_Finger21 {
             

             FrameTransformMatrix {
              0.991204,-0.132344,0.000000,0.000000,0.132344,0.991204,0.000000,0.000000,-0.000000,-0.000000,1.000000,0.000000,3.983994,-0.000008,0.000002,1.000000;;
             }
            }
           }

           Frame Bip01_L_Finger3 {
            

            FrameTransformMatrix {
             0.966126,-0.257431,-0.018167,0.000000,0.258065,0.964176,0.061378,0.000000,0.001716,-0.063987,0.997950,0.000000,10.718302,2.048347,2.260054,1.000000;;
            }

            Frame Bip01_L_Finger31 {
             

             FrameTransformMatrix {
              0.987152,-0.159781,-0.000000,0.000000,0.159781,0.987152,0.000000,0.000000,0.000000,-0.000000,1.000000,0.000000,3.418411,0.000000,0.000000,1.000000;;
             }
            }
           }

           Frame Bip01_L_Finger4 {
            

            FrameTransformMatrix {
             0.944212,-0.325539,0.049878,0.000000,0.324681,0.945502,0.024659,0.000000,-0.055188,-0.007089,0.998451,0.000000,10.380748,1.781948,4.841384,1.000000;;
            }

            Frame Bip01_L_Finger41 {
             

             FrameTransformMatrix {
              0.965879,-0.258993,-0.000000,0.000000,0.258993,0.965879,0.000000,0.000000,-0.000000,-0.000000,1.000000,0.000000,3.160635,0.000004,0.000000,1.000000;;
             }
            }
           }

           Frame Weapon_Hand_L_Point {
            

            FrameTransformMatrix {
             0.039464,-0.100056,0.994199,0.000000,0.998798,-0.024994,-0.042162,0.000000,0.029067,0.994668,0.098950,0.000000,11.464726,-1.377159,-0.147706,1.000000;;
            }
           }
          }
         }

         Frame Bip01_L_ForeTwist {
          

          FrameTransformMatrix {
           0.999999,0.001452,-0.000000,0.000000,-0.001452,0.999935,0.011299,0.000000,0.000016,-0.011299,0.999936,0.000000,15.525947,0.000001,-0.000004,1.000000;;
          }

          Frame Bip01_L_ForeTwist1 {
           

           FrameTransformMatrix {
            1.000000,-0.000000,0.000000,0.000000,0.000000,0.999936,0.011299,0.000000,-0.000000,-0.011299,0.999936,0.000000,6.658619,-0.000000,0.000004,1.000000;;
           }
          }
         }

         Frame Bip01_L_UpperTwist_Bone01 {
          

          FrameTransformMatrix {
           1.000000,-0.000000,-0.000000,0.000000,0.000000,1.000000,-0.000000,0.000000,0.000000,0.000000,1.000000,0.000000,0.000015,-0.000001,-0.000015,1.000000;;
          }
         }
        }
       }

       Frame Bip01_R_Clavicle {
        

        FrameTransformMatrix {
         -0.307849,-0.008918,-0.951394,0.000000,0.252271,-0.964930,-0.072584,0.000000,-0.917381,-0.262354,0.299303,0.000000,-1.842422,0.188759,-3.177591,1.000000;;
        }

        Frame Bip01_R_UpperArm {
         

         FrameTransformMatrix {
          0.835931,-0.092037,0.541063,0.000000,-0.025557,0.978242,0.205888,0.000000,-0.548240,-0.185936,0.815390,0.000000,7.100717,-0.000001,-0.000015,1.000000;;
         }

         Frame Bip01_R_Forearm {
          

          FrameTransformMatrix {
           0.999999,0.001452,0.000000,0.000000,-0.001452,0.999999,-0.000000,0.000000,0.000000,0.000000,1.000000,0.000000,15.525952,0.000001,0.000000,1.000000;;
          }

          Frame Bip01_R_Hand {
           

           FrameTransformMatrix {
            0.999650,-0.022704,-0.013559,0.000000,-0.014317,-0.033570,-0.999334,0.000000,0.022233,0.999179,-0.033883,0.000000,13.317222,-0.000000,0.000004,1.000000;;
           }

           Frame Bip01_R_Finger0 {
            

            FrameTransformMatrix {
             0.964226,-0.152334,0.216936,0.000000,-0.237976,-0.136966,0.961566,0.000000,-0.116766,-0.978793,-0.168319,0.000000,4.856737,-2.803822,5.612442,1.000000;;
            }

            Frame Bip01_R_Finger01 {
             

             FrameTransformMatrix {
              0.995126,-0.098614,-0.000000,0.000000,0.098615,0.995126,-0.000000,0.000000,0.000000,-0.000000,1.000000,0.000000,5.339214,-0.000002,-0.000004,1.000000;;
             }
            }
           }

           Frame Bip01_R_Finger1 {
            

            FrameTransformMatrix {
             0.998363,-0.052217,0.023341,0.000000,0.051145,0.997706,0.044367,0.000000,-0.025604,-0.043100,0.998743,0.000000,10.594987,2.271396,4.280781,1.000000;;
            }

            Frame Bip01_R_Finger11 {
             

             FrameTransformMatrix {
              0.984171,-0.177224,0.000000,0.000000,0.177224,0.984170,0.000000,0.000000,-0.000000,-0.000000,1.000000,0.000000,3.923902,0.000008,-0.000001,1.000000;;
             }
            }
           }

           Frame Bip01_R_Finger2 {
            

            FrameTransformMatrix {
             0.991631,-0.128610,0.011326,0.000000,0.128941,0.990986,-0.036356,0.000000,-0.006548,0.037512,0.999275,0.000000,10.601828,2.431664,1.008321,1.000000;;
            }

            Frame Bip01_R_Finger21 {
             

             FrameTransformMatrix {
              0.991204,-0.132343,-0.000000,0.000000,0.132343,0.991204,0.000000,0.000000,0.000000,-0.000000,1.000000,0.000000,3.983998,-0.000011,-0.000002,1.000000;;
             }
            }
           }

           Frame Bip01_R_Finger3 {
            

            FrameTransformMatrix {
             0.966126,-0.257430,0.018167,0.000000,0.258065,0.964176,-0.061378,0.000000,-0.001716,0.063987,0.997950,0.000000,10.718301,2.048347,-2.260054,1.000000;;
            }

            Frame Bip01_R_Finger31 {
             

             FrameTransformMatrix {
              0.987153,-0.159781,0.000000,0.000000,0.159781,0.987153,0.000000,0.000000,-0.000000,-0.000000,1.000000,0.000000,3.418408,0.000000,-0.000000,1.000000;;
             }
            }
           }

           Frame Bip01_R_Finger4 {
            

            FrameTransformMatrix {
             0.944212,-0.325539,-0.049878,0.000000,0.324682,0.945502,-0.024659,0.000000,0.055187,0.007089,0.998451,0.000000,10.380744,1.781948,-4.841384,1.000000;;
            }

            Frame Bip01_R_Finger41 {
             

             FrameTransformMatrix {
              0.965879,-0.258994,-0.000000,0.000000,0.258994,0.965879,0.000000,0.000000,0.000000,-0.000000,1.000000,0.000000,3.160639,0.000000,0.000000,1.000000;;
             }
            }
           }

           Frame Weapon_Hand_R_Point {
            

            FrameTransformMatrix {
             -0.074295,0.100867,0.992123,0.000000,0.996813,-0.021483,0.076830,0.000000,0.029064,0.994669,-0.098949,0.000000,11.482883,-1.359406,0.123646,1.000000;;
            }
           }
          }
         }

         Frame Bip01_R_ForeTwist {
          

          FrameTransformMatrix {
           0.999999,0.001452,-0.000000,0.000000,-0.001452,0.999935,-0.011299,0.000000,-0.000016,0.011299,0.999936,0.000000,15.525952,0.000001,0.000000,1.000000;;
          }

          Frame Bip01_R_ForeTwist1 {
           

           FrameTransformMatrix {
            1.000000,0.000000,0.000000,0.000000,-0.000000,0.999936,-0.011299,0.000000,0.000000,0.011299,0.999936,0.000000,6.658611,-0.000000,0.000011,1.000000;;
           }
          }
         }

         Frame Bip01_R_UpperTwist_Bone01 {
          

          FrameTransformMatrix {
           1.000000,0.000000,-0.000001,0.000000,-0.000000,1.000000,0.000001,0.000000,0.000001,-0.000001,1.000000,0.000000,0.000008,0.000000,-0.000008,1.000000;;
          }
         }
        }
       }
      }
     }

     Frame Weapon_Back_B_Point {
      

      FrameTransformMatrix {
       0.040356,-0.997590,0.056439,0.000000,0.641886,0.069172,0.763674,0.000000,-0.765738,0.005409,0.643130,0.000000,6.044247,14.009642,3.010172,1.000000;;
      }
     }

     Frame Weapon_Back_R_Point {
      

      FrameTransformMatrix {
       -0.040305,-0.993898,0.102682,0.000000,-0.485235,0.109303,0.867525,0.000000,-0.873455,-0.014859,-0.486679,0.000000,22.008541,10.240378,-28.863229,1.000000;;
      }
     }
    }
   }

   Frame Bip01_L_Thigh {
    

    FrameTransformMatrix {
     -0.997055,0.052067,0.056309,0.000000,0.051801,0.998638,-0.006171,0.000000,-0.056553,-0.003236,-0.998395,0.000000,-0.000011,-0.000013,7.749225,1.000000;;
    }

    Frame Bip01_L_Calf {
     

     FrameTransformMatrix {
      0.999627,0.027315,-0.000000,0.000000,-0.027315,0.999627,-0.000000,0.000000,0.000000,0.000000,1.000000,0.000000,22.080990,-0.000000,0.000002,1.000000;;
     }

     Frame Bip01_L_Foot {
      

      FrameTransformMatrix {
       0.987421,-0.147811,0.056152,0.000000,0.146646,0.988889,0.024354,0.000000,-0.059128,-0.015813,0.998125,0.000000,14.997723,-0.000001,-0.000002,1.000000;;
      }

      Frame Bip01_L_Toe0 {
       

       FrameTransformMatrix {
        -0.000000,-1.000000,-0.000000,0.000000,1.000001,-0.000000,-0.000000,0.000000,0.000000,-0.000000,1.000000,0.000000,8.640068,-6.144474,0.000001,1.000000;;
       }
      }
     }

     Frame L_Calf_Point01 {
      

      FrameTransformMatrix {
       0.987262,-0.148879,0.056111,0.000000,0.147711,0.988729,0.024430,0.000000,-0.059116,-0.015831,0.998126,0.000000,12.996121,0.544428,-1.375638,1.000000;;
      }
     }
    }
   }

   Frame Bip01_R_Thigh {
    

    FrameTransformMatrix {
     -0.997055,0.052067,-0.056311,0.000000,0.051801,0.998638,0.006174,0.000000,0.056556,0.003238,-0.998394,0.000000,0.000011,0.000008,-7.749222,1.000000;;
    }

    Frame Bip01_R_Calf {
     

     FrameTransformMatrix {
      0.999627,0.027315,-0.000000,0.000000,-0.027315,0.999627,-0.000000,0.000000,0.000000,0.000000,1.000000,0.000000,22.080987,0.000000,0.000000,1.000000;;
     }

     Frame Bip01_R_Foot {
      

      FrameTransformMatrix {
       0.987420,-0.147811,-0.056152,0.000000,0.146646,0.988889,-0.024354,0.000000,0.059128,0.015813,0.998125,0.000000,14.997717,-0.000000,-0.000001,1.000000;;
      }

      Frame Bip01_R_Toe0 {
       

       FrameTransformMatrix {
        -0.000000,-1.000000,-0.000000,0.000000,1.000000,-0.000000,-0.000000,0.000000,0.000000,-0.000000,1.000000,0.000000,8.640069,-6.144474,-0.000001,1.000000;;
       }
      }
     }

     Frame R_Calf_Point01 {
      

      FrameTransformMatrix {
       0.987418,-0.147839,-0.056125,0.000000,0.146677,0.988886,-0.024316,0.000000,0.059096,0.015778,0.998128,0.000000,12.995918,0.544456,1.372131,1.000000;;
      }
     }
    }
   }

   Frame Weapon_Side_L_Point {
    

    FrameTransformMatrix {
     -0.395956,-0.031511,-0.917729,0.000000,-0.496463,0.848098,0.185080,0.000000,0.772492,0.528902,-0.351454,0.000000,3.514828,-8.649693,15.920971,1.000000;;
    }
   }

   Frame Weapon_Side_R_Point {
    

    FrameTransformMatrix {
     0.375618,0.017156,-0.926616,0.000000,-0.498300,0.846749,-0.186317,0.000000,0.781414,0.531717,0.326603,0.000000,3.401978,-8.603474,-15.780382,1.000000;;
    }
   }
  }

  Frame EFF_Lock_D {
   

   FrameTransformMatrix {
    0.997581,0.000000,0.069521,0.000000,-0.000000,1.000000,0.000000,0.000000,-0.069521,-0.000000,0.997581,0.000000,1.168878,0.013154,-45.326458,1.000000;;
   }
  }

  Frame Move_Link_D {
   

   FrameTransformMatrix {
    0.997564,-0.000000,0.069757,0.000000,0.000000,1.000000,-0.000000,0.000000,-0.069757,0.000000,0.997564,0.000000,0.748200,0.000001,-10.699604,1.000000;;
   }

   Frame EFF_Move_D {
    

    FrameTransformMatrix {
     1.000000,0.000001,-0.000000,0.000000,-0.000001,1.000000,0.000000,0.000000,0.000000,-0.000000,1.000000,0.000000,-1.706174,0.013154,-34.571846,1.000000;;
    }
   }
  }

  Frame SATA9NI_Link_Point02 {
   

   FrameTransformMatrix {
    -0.997564,-0.000001,-0.069756,0.000000,0.069756,0.000000,-0.997564,0.000000,0.000001,-1.000000,-0.000000,0.000000,0.434791,0.010962,-41.792880,1.000000;;
   }
  }

  Frame SATA9NI_Bone01 {
   

   FrameTransformMatrix {
    0.035253,-0.000053,-0.999379,0.000000,0.999378,-0.000001,0.035253,0.000000,-0.000003,-1.000000,0.000052,0.000000,-1.034301,0.013151,-0.145496,1.000000;;
   }
  }

  Frame SATA9NI_Lock_Dummy01 {
   

   FrameTransformMatrix {
    0.000002,-1.000000,0.000000,0.000000,0.997564,0.000002,0.069757,0.000000,-0.069757,-0.000000,0.997564,0.000000,1.168831,0.013159,-45.326467,1.000000;;
   }
  }
 }

 Frame CP {
  

  FrameTransformMatrix {
   1.000000,0.000000,0.000000,0.000000,0.000000,1.000000,0.000000,0.000000,0.000000,0.000000,1.000000,0.000000,0.000000,-0.000000,0.000046,1.000000;;
  }
 }

 Frame GL {
  

  FrameTransformMatrix {
   1.000000,0.000000,0.000000,0.000000,0.000000,1.000000,0.000000,0.000000,0.000000,0.000000,1.000000,0.000000,0.000000,0.000000,0.000000,1.000000;;
  }
 }

 Frame PA_D_CL {
  

  FrameTransformMatrix {
   1.000000,0.000000,0.000000,0.000000,0.000000,1.000000,0.000000,0.000000,0.000000,0.000000,1.000000,0.000000,0.000001,0.000000,0.000000,1.000000;;
  }
 }

 Frame CL {
  

  FrameTransformMatrix {
   1.000000,0.000000,0.000000,0.000000,0.000000,1.000000,0.000000,0.000000,0.000000,0.000000,1.000000,0.000000,0.000001,0.000000,0.000000,1.000000;;
  }
 }

 Frame PA {
  

  FrameTransformMatrix {
   1.000000,0.000000,0.000000,0.000000,0.000000,1.000000,0.000000,0.000000,0.000000,0.000000,1.000000,0.000000,0.000000,0.000000,0.000000,1.000000;;
  }

  Frame PA_0 {
   

   FrameTransformMatrix {
    1.000000,0.000000,0.000000,0.000000,0.000000,1.000000,0.000000,0.000000,0.000000,0.000000,1.000000,0.000000,0.000000,0.000000,0.000000,1.000000;;
   }
  }

  Frame PA_1 {
   

   FrameTransformMatrix {
    1.000000,0.000000,0.000000,0.000000,0.000000,1.000000,0.000000,0.000000,0.000000,0.000000,1.000000,0.000000,0.000000,0.000000,0.000000,1.000000;;
   }
  }

  Frame PA_2 {
   

   FrameTransformMatrix {
    1.000000,0.000000,0.000000,0.000000,0.000000,1.000000,0.000000,0.000000,0.000000,0.000000,1.000000,0.000000,0.000000,0.000000,0.000000,1.000000;;
   }
  }
 }
}

Frame PA_D_CL_ {
 

 FrameTransformMatrix {
  0.393701,0.000000,0.000000,0.000000,0.000000,-0.000000,-0.393701,0.000000,0.000000,0.393701,-0.000000,0.000000,0.000000,0.000000,0.000000,1.000000;;
 }

 Mesh PA_D_CL_ {
  449;
  -15.428946;8.474662;35.093392;,
  -11.916674;6.321303;45.981530;,
  -18.822531;5.116582;34.998698;,
  11.916677;6.321303;45.981530;,
  15.428950;8.474662;35.093392;,
  18.822538;5.116580;34.998694;,
  -11.463933;10.973154;35.245968;,
  11.463930;10.973153;35.245968;,
  -8.982819;11.828878;37.322995;,
  8.982822;11.828878;37.322995;,
  -6.906702;12.488133;42.732688;,
  6.906705;12.488134;42.732691;,
  -6.223152;13.090286;46.551318;,
  6.223153;13.090286;46.551312;,
  -6.907386;12.629742;50.194467;,
  6.907391;12.629740;50.194467;,
  -9.319343;10.837642;52.523446;,
  9.319347;10.837642;52.523446;,
  -11.490904;8.132310;53.895238;,
  11.490906;8.132309;53.895238;,
  -12.676778;3.084475;46.736403;,
  -12.350911;4.434923;55.022138;,
  -21.067738;0.678963;35.038093;,
  -12.121256;0.500168;55.578291;,
  -20.724955;-2.863240;35.055408;,
  -12.418767;-0.785363;47.393744;,
  -10.900114;-2.783446;55.766528;,
  -17.913613;-6.936947;36.914256;,
  -10.956038;-3.932357;47.691757;,
  -8.841981;-5.481837;55.392218;,
  -14.012016;-10.033736;38.775027;,
  -5.791973;-8.388147;53.849242;,
  -9.153195;-11.795916;40.211322;,
  -5.656198;-9.950469;47.802093;,
  -5.316701;-8.994751;51.162659;,
  -7.020309;-11.435980;42.554138;,
  -7.372042;9.817508;48.216371;,
  -2.579238;10.152619;49.646438;,
  -5.280932;8.965675;52.032586;,
  -4.581126;12.124134;46.785210;,
  -0.689926;10.776208;48.347840;,
  -3.338180;12.100546;45.744816;,
  -0.111343;11.882546;47.042016;,
  -0.173475;11.949811;44.049264;,
  -2.625669;11.987038;44.094998;,
  -2.512111;11.967358;42.886374;,
  -0.516280;11.817751;42.486848;,
  -1.590451;11.808073;41.175891;,
  -2.569366;11.717506;41.935187;,
  -3.072642;11.827354;40.771306;,
  2.579237;10.152622;49.646438;,
  7.372040;9.817508;48.216371;,
  5.280932;8.965675;52.032586;,
  4.581126;12.124134;46.785210;,
  0.689926;10.776208;48.347840;,
  3.338181;12.100544;45.744816;,
  0.111346;11.882543;47.042006;,
  0.173476;11.949811;44.049264;,
  2.625669;11.987038;44.094998;,
  2.512110;11.967358;42.886384;,
  0.516281;11.817750;42.486848;,
  1.590452;11.808073;41.175891;,
  2.569367;11.717506;41.935187;,
  3.072644;11.827354;40.771306;,
  -4.431512;-10.200994;26.361299;,
  -8.197952;-7.054608;33.641114;,
  -8.863035;-8.713454;28.037648;,
  -4.431512;-8.542150;33.641117;,
  0.000010;-10.200996;25.398485;,
  -8.004500;-6.841933;37.918176;,
  0.000010;-8.542150;33.641110;,
  -4.431512;-8.329473;37.918176;,
  0.000012;-8.329473;37.918166;,
  0.000012;-9.405082;40.793350;,
  -4.431512;-9.405082;40.793354;,
  -7.990678;-7.913900;40.797696;,
  -8.002922;-7.924333;44.026211;,
  -4.413161;-9.411873;44.026214;,
  0.000011;-9.411873;44.026214;,
  0.000011;-7.759472;49.192230;,
  -4.359217;-7.759454;49.192250;,
  -8.570085;-5.894290;49.200906;,
  -4.297122;-3.691998;55.352736;,
  0.000013;-3.691998;55.829882;,
  -8.402275;-1.463733;55.352736;,
  8.197970;-7.054609;33.641110;,
  4.431535;-10.200995;26.361298;,
  8.863057;-8.713456;28.037645;,
  4.431532;-8.542153;33.641110;,
  0.000010;-10.200996;25.398485;,
  8.004523;-6.841934;37.918166;,
  0.000010;-8.542150;33.641110;,
  4.431533;-8.329473;37.918166;,
  0.000012;-8.329473;37.918166;,
  0.000012;-9.405082;40.793350;,
  4.431535;-9.405081;40.793354;,
  7.990699;-7.913899;40.797696;,
  8.002948;-7.924334;44.026211;,
  4.413186;-9.411873;44.026211;,
  0.000011;-9.411873;44.026214;,
  0.000011;-7.759472;49.192230;,
  4.359242;-7.759454;49.192250;,
  8.570106;-5.894291;49.200909;,
  4.297147;-3.691998;55.352736;,
  0.000013;-3.691998;55.829882;,
  8.402295;-1.463734;55.352736;,
  -8.100824;10.270058;33.546000;,
  -4.731610;12.012817;26.468701;,
  -8.863031;10.525277;27.497341;,
  -4.431510;11.757596;33.546000;,
  0.000014;12.012815;26.001672;,
  -7.885746;10.227575;38.433040;,
  0.000014;11.757596;33.546000;,
  -4.431509;11.715114;38.433040;,
  -8.088461;10.226747;45.619168;,
  0.000013;11.715112;38.433040;,
  -4.409202;11.714285;45.619251;,
  -8.793986;6.410490;53.671235;,
  0.000012;11.714285;45.619258;,
  -4.639295;9.755231;52.891440;,
  0.000001;10.532742;52.505910;,
  4.731633;12.012814;26.468696;,
  8.100846;10.270056;33.545997;,
  8.863061;10.525274;27.497338;,
  4.431536;11.757593;33.545997;,
  0.000014;12.012815;26.001672;,
  7.885770;10.227574;38.433040;,
  0.000014;11.757596;33.546000;,
  4.431536;11.715112;38.433040;,
  8.088483;10.226747;45.619168;,
  0.000013;11.715112;38.433040;,
  4.409228;11.714285;45.619254;,
  8.793987;6.410488;53.671229;,
  0.000012;11.714285;45.619258;,
  4.639295;9.755230;52.891440;,
  0.000001;10.532742;52.505910;,
  5.656202;-9.950472;47.802093;,
  9.153198;-11.795916;40.211328;,
  7.020312;-11.435984;42.554138;,
  5.791976;-8.388150;53.849242;,
  5.316705;-8.994751;51.162659;,
  10.956042;-3.932358;47.691760;,
  14.012021;-10.033741;38.775034;,
  8.841986;-5.481839;55.392218;,
  17.913614;-6.936949;36.914262;,
  10.900116;-2.783447;55.766534;,
  12.418772;-0.785364;47.393754;,
  20.724958;-2.863242;35.055408;,
  12.121262;0.500168;55.578298;,
  12.676782;3.084475;46.736413;,
  21.067750;0.678961;35.038093;,
  12.350916;4.434923;55.022138;,
  -10.682015;10.939889;46.842954;,
  -11.686659;10.799866;43.920090;,
  -17.021554;13.827890;46.835290;,
  -12.990658;9.647884;43.692416;,
  -11.585078;9.817437;48.382624;,
  -14.136886;8.311875;45.188086;,
  -12.963670;8.166197;47.904512;,
  10.682018;10.939890;46.842957;,
  17.021558;13.827891;46.835290;,
  11.686666;10.799866;43.920093;,
  11.585084;9.817438;48.382630;,
  12.990666;9.647886;43.692416;,
  12.963674;8.166198;47.904512;,
  14.136893;8.311876;45.188086;,
  -10.109362;-6.995246;50.375229;,
  -16.112510;-10.302178;50.802646;,
  -10.782602;-7.712705;47.553533;,
  -11.223195;-5.602260;51.389309;,
  -12.084181;-6.798766;46.884269;,
  -12.628976;-4.273767;50.354976;,
  -13.444114;-5.236837;47.775795;,
  10.109370;-6.995247;50.375222;,
  10.782605;-7.712707;47.553539;,
  16.112520;-10.302178;50.802650;,
  12.084184;-6.798770;46.884269;,
  11.223200;-5.602262;51.389306;,
  13.444120;-5.236838;47.775795;,
  12.628980;-4.273768;50.354976;,
  1.918239;12.839285;41.550755;,
  2.569367;11.717506;41.935187;,
  3.072644;11.827354;40.771306;,
  1.590452;11.808073;41.175891;,
  2.103093;12.990572;42.827827;,
  2.512110;11.967358;42.886384;,
  1.178983;13.350359;42.722733;,
  0.453566;12.680635;42.646707;,
  0.516281;11.817750;42.486848;,
  0.173476;11.949811;44.049264;,
  -0.065928;12.930786;43.942979;,
  0.795024;13.886594;44.291610;,
  -0.059502;12.893050;47.686067;,
  0.111346;11.882543;47.042006;,
  0.689926;10.776208;48.347840;,
  0.524725;12.471681;49.095085;,
  2.579237;10.152622;49.646438;,
  2.348591;11.869607;51.150790;,
  5.280932;8.965675;52.032586;,
  1.381070;14.129494;48.588928;,
  0.906926;14.107582;47.274483;,
  2.955508;13.938723;46.653373;,
  3.217804;13.837077;50.307510;,
  2.324279;13.468686;44.411661;,
  2.625669;11.987038;44.094998;,
  3.338181;12.100544;45.744816;,
  4.581126;12.124134;46.785210;,
  4.487176;13.638206;48.012157;,
  7.372040;9.817508;48.216371;,
  8.541531;11.476359;49.745846;,
  10.375516;7.195100;49.799062;,
  8.004467;11.872859;51.941882;,
  11.746784;8.211439;51.107139;,
  11.837002;2.282503;51.125648;,
  5.874635;10.622955;53.047696;,
  11.689122;8.488975;53.412282;,
  10.268642;7.792096;54.713990;,
  8.887514;6.796293;53.713082;,
  13.392286;2.417464;52.291152;,
  10.329498;-1.939971;51.604333;,
  13.328287;2.688363;54.597274;,
  11.692022;-2.650082;52.910544;,
  6.076195;-4.626241;51.829014;,
  11.725033;2.826256;55.760186;,
  10.147054;2.695896;55.165824;,
  11.644934;-2.381480;55.217011;,
  10.241972;-1.403251;56.239795;,
  8.869051;-0.668560;55.402925;,
  6.883828;-5.945347;53.236390;,
  -0.000011;-5.027390;51.859754;,
  6.864119;-5.675028;55.545062;,
  -0.000011;-6.568706;53.302163;,
  -6.883838;-5.945346;53.236390;,
  -6.076192;-4.626241;51.829014;,
  -0.000010;-6.296683;55.616832;,
  -11.692021;-2.650081;52.910544;,
  -10.329498;-1.939971;51.604330;,
  -6.864128;-5.675029;55.545069;,
  -11.644936;-2.381480;55.217011;,
  -13.392286;2.417465;52.291152;,
  -11.837002;2.282503;51.125648;,
  -13.328287;2.688364;54.597274;,
  -11.746790;8.211441;51.107139;,
  -10.375514;7.195101;49.799062;,
  -11.689122;8.488975;53.412278;,
  -8.541531;11.476359;49.745850;,
  -7.372042;9.817508;48.216371;,
  -8.004468;11.872857;51.941882;,
  -4.487174;13.638206;48.012160;,
  -4.581126;12.124134;46.785210;,
  -5.874635;10.622955;53.047686;,
  -3.217805;13.837074;50.307510;,
  -2.955505;13.938722;46.653373;,
  -3.338180;12.100546;45.744816;,
  -1.381070;14.129494;48.588928;,
  -2.348592;11.869607;51.150790;,
  -0.906925;14.107582;47.274483;,
  -5.280932;8.965675;52.032586;,
  -2.579238;10.152619;49.646438;,
  -10.268642;7.792096;54.713990;,
  -8.887514;6.796293;53.713082;,
  -11.725034;2.826257;55.760186;,
  -10.147057;2.695897;55.165824;,
  -10.241973;-1.403250;56.239795;,
  -8.869053;-0.668560;55.402925;,
  -6.037382;-4.083556;56.464538;,
  -5.237580;-2.744732;55.439763;,
  -0.000011;-4.482284;56.495827;,
  -0.000011;-2.936671;55.402246;,
  5.237582;-2.744732;55.439763;,
  6.037371;-4.083555;56.464538;,
  -0.524722;12.471678;49.095085;,
  -0.689926;10.776208;48.347840;,
  0.059503;12.893050;47.686067;,
  -0.111343;11.882546;47.042016;,
  -0.173475;11.949811;44.049264;,
  -0.795023;13.886594;44.291610;,
  0.065929;12.930786;43.942979;,
  -0.453564;12.680635;42.646707;,
  -0.516280;11.817751;42.486848;,
  -1.590451;11.808073;41.175891;,
  -1.178981;13.350362;42.722733;,
  -1.918238;12.839284;41.550755;,
  -3.072642;11.827354;40.771306;,
  -2.569366;11.717506;41.935187;,
  -2.103089;12.990572;42.827830;,
  -2.512111;11.967358;42.886374;,
  -2.324277;13.468685;44.411661;,
  -2.625669;11.987038;44.094998;,
  -5.656198;-9.950469;47.802093;,
  -9.099394;-12.371876;43.980835;,
  -7.020309;-11.435980;42.554138;,
  -9.153195;-11.795916;40.211322;,
  -7.785794;-11.190646;48.431811;,
  -5.316701;-8.994751;51.162659;,
  -10.790922;-12.708054;42.217949;,
  -7.416673;-10.290814;51.262288;,
  -5.791973;-8.388147;53.849242;,
  -10.033011;-9.868868;48.243216;,
  -11.479094;-10.872486;43.730058;,
  -14.961381;-11.058554;40.642736;,
  -14.012016;-10.033736;38.775027;,
  -19.066598;-7.639014;39.017133;,
  -17.913613;-6.936947;36.914256;,
  -13.971661;-9.512877;42.755619;,
  -13.008792;-8.508648;42.823315;,
  -17.463789;-6.710559;41.582803;,
  -22.544176;-2.852042;36.993018;,
  -20.724955;-2.863240;35.055408;,
  -21.067738;0.678963;35.038093;,
  -22.772349;0.923209;36.560992;,
  -18.822531;5.116582;34.998698;,
  -20.436182;5.741348;36.693331;,
  -15.428946;8.474662;35.093392;,
  -20.849563;1.531362;39.727318;,
  -16.768934;10.132657;36.826778;,
  -11.463933;10.973154;35.245968;,
  -19.331086;5.962676;39.713504;,
  -13.050565;12.697018;36.961059;,
  -8.982819;11.828878;37.322995;,
  -16.253646;9.694814;39.848477;,
  -10.900604;13.376692;38.340218;,
  -6.906702;12.488133;42.732688;,
  -13.360631;11.764141;40.025776;,
  -8.830527;13.991194;43.024461;,
  -6.223152;13.090286;46.551318;,
  -11.178880;12.286014;43.940182;,
  -8.119837;14.386248;46.738330;,
  -6.907386;12.629742;50.194467;,
  -8.683145;14.010178;49.737165;,
  -9.319343;10.837642;52.523446;,
  -10.299289;12.570822;47.905706;,
  -11.075543;12.019950;51.945216;,
  -11.490904;8.132310;53.895238;,
  -13.572810;8.868582;53.297190;,
  -12.350911;4.434923;55.022138;,
  -11.859733;11.157023;49.610131;,
  -11.398465;10.260672;48.781853;,
  -14.263213;8.146366;50.861312;,
  -13.624946;7.491648;50.067037;,
  -12.953734;9.629544;44.235184;,
  -15.217242;6.383251;45.412192;,
  -15.138806;8.928194;39.871066;,
  -17.916299;5.460682;39.825955;,
  -16.086920;2.934195;46.360243;,
  -19.044069;1.541428;39.793357;,
  -20.615093;-2.634280;40.180595;,
  -18.890035;-2.360841;40.093334;,
  -16.212338;-5.854401;41.342045;,
  -14.256053;-4.862568;47.737626;,
  -15.595533;-1.260448;47.248842;,
  -14.255904;3.791836;51.219862;,
  -14.040968;-0.275590;52.000774;,
  -15.127610;3.894460;51.979533;,
  -14.812606;-0.426993;52.773904;,
  -14.647506;4.500482;54.450330;,
  -14.421755;-0.024857;55.219130;,
  -12.121256;0.500168;55.578291;,
  -10.900114;-2.783446;55.766528;,
  -13.310574;-4.270179;53.263898;,
  -13.059133;-3.842595;55.529126;,
  -10.950946;-6.732299;55.267987;,
  -8.841981;-5.481837;55.392218;,
  -11.303999;-7.100434;53.235043;,
  -13.000558;-4.034736;52.458099;,
  -10.947913;-7.059716;52.239462;,
  -9.852059;-8.955494;51.986278;,
  -11.964892;-7.713804;48.029840;,
  -7.890395;-9.627814;53.506506;,
  9.099401;-12.371877;43.980842;,
  5.656202;-9.950472;47.802093;,
  7.020312;-11.435984;42.554138;,
  9.153198;-11.795916;40.211328;,
  7.785801;-11.190647;48.431818;,
  5.316705;-8.994751;51.162659;,
  10.790923;-12.708057;42.217949;,
  7.416678;-10.290814;51.262278;,
  5.791976;-8.388150;53.849242;,
  14.961386;-11.058554;40.642736;,
  14.012021;-10.033741;38.775034;,
  11.479102;-10.872488;43.730058;,
  19.066603;-7.639016;39.017133;,
  17.913614;-6.936949;36.914262;,
  13.971670;-9.512877;42.755619;,
  10.033016;-9.868869;48.243222;,
  13.008796;-8.508650;42.823318;,
  17.463797;-6.710562;41.582803;,
  11.964900;-7.713807;48.029843;,
  22.544179;-2.852045;36.993018;,
  20.724958;-2.863242;35.055408;,
  21.067750;0.678961;35.038093;,
  22.772352;0.923207;36.560986;,
  18.822538;5.116580;34.998694;,
  20.436186;5.741347;36.693328;,
  15.428950;8.474662;35.093392;,
  20.849570;1.531361;39.727318;,
  20.615094;-2.634282;40.180595;,
  19.331094;5.962676;39.713504;,
  16.212339;-5.854402;41.342045;,
  19.044074;1.541427;39.793357;,
  18.890042;-2.360842;40.093331;,
  14.256056;-4.862569;47.737626;,
  16.086923;2.934195;46.360243;,
  10.947916;-7.059716;52.239462;,
  15.595533;-1.260449;47.248842;,
  14.040974;-0.275591;52.000774;,
  14.255910;3.791834;51.219862;,
  13.000562;-4.034737;52.458099;,
  14.812611;-0.426994;52.773904;,
  11.304006;-7.100437;53.235043;,
  13.310578;-4.270180;53.263898;,
  9.852065;-8.955498;51.986278;,
  7.890398;-9.627815;53.506506;,
  8.841986;-5.481839;55.392218;,
  10.950949;-6.732301;55.267987;,
  10.900116;-2.783447;55.766534;,
  13.059135;-3.842597;55.529126;,
  14.421757;-0.024858;55.219136;,
  12.121262;0.500168;55.578298;,
  12.350916;4.434923;55.022138;,
  15.127618;3.894460;51.979539;,
  14.647510;4.500481;54.450330;,
  13.572814;8.868582;53.297187;,
  11.490906;8.132309;53.895238;,
  14.263218;8.146366;50.861312;,
  11.075548;12.019949;51.945216;,
  9.319347;10.837642;52.523446;,
  11.859742;11.157023;49.610131;,
  13.624952;7.491646;50.067040;,
  10.299294;12.570822;47.905709;,
  11.398471;10.260673;48.781859;,
  15.217250;6.383249;45.412198;,
  17.916304;5.460682;39.825946;,
  12.953738;9.629544;44.235187;,
  15.138808;8.928194;39.871072;,
  11.178883;12.286014;43.940186;,
  16.253656;9.694814;39.848480;,
  13.360635;11.764144;40.025779;,
  16.768942;10.132656;36.826778;,
  11.463930;10.973153;35.245968;,
  13.050566;12.697018;36.961059;,
  8.982822;11.828878;37.322995;,
  10.900609;13.376692;38.340218;,
  6.906705;12.488134;42.732691;,
  8.830533;13.991192;43.024451;,
  6.223153;13.090286;46.551312;,
  8.119840;14.386248;46.738336;,
  6.907391;12.629740;50.194467;,
  8.683148;14.010178;49.737165;;
  626;
  3;0,1,2;,
  3;3,4,5;,
  3;1,0,6;,
  3;4,3,7;,
  3;8,1,6;,
  3;3,9,7;,
  3;1,8,10;,
  3;9,3,11;,
  3;12,1,10;,
  3;3,13,11;,
  3;1,12,14;,
  3;13,3,15;,
  3;16,1,14;,
  3;3,17,15;,
  3;1,16,18;,
  3;17,3,19;,
  3;18,20,1;,
  3;20,2,1;,
  3;20,18,21;,
  3;2,20,22;,
  3;23,20,21;,
  3;20,24,22;,
  3;20,23,25;,
  3;24,20,25;,
  3;26,25,23;,
  3;25,27,24;,
  3;25,26,28;,
  3;27,25,28;,
  3;29,28,26;,
  3;28,30,27;,
  3;28,29,31;,
  3;30,28,32;,
  3;31,33,28;,
  3;33,32,28;,
  3;33,31,34;,
  3;32,33,35;,
  3;36,37,38;,
  3;37,36,39;,
  3;37,39,40;,
  3;41,40,39;,
  3;40,41,42;,
  3;41,43,42;,
  3;43,41,44;,
  3;45,43,44;,
  3;43,45,46;,
  3;45,47,46;,
  3;47,45,48;,
  3;49,47,48;,
  3;50,51,52;,
  3;51,50,53;,
  3;54,53,50;,
  3;54,55,53;,
  3;55,54,56;,
  3;57,55,56;,
  3;55,57,58;,
  3;57,59,58;,
  3;59,57,60;,
  3;61,59,60;,
  3;59,61,62;,
  3;61,63,62;,
  3;64,65,66;,
  3;65,64,67;,
  3;68,67,64;,
  3;67,69,65;,
  3;67,68,70;,
  3;70,71,67;,
  3;69,67,71;,
  3;71,70,72;,
  3;73,71,72;,
  3;74,69,71;,
  3;71,73,74;,
  3;69,74,75;,
  3;74,76,75;,
  3;73,77,74;,
  3;76,74,77;,
  3;77,73,78;,
  3;79,77,78;,
  3;80,76,77;,
  3;77,79,80;,
  3;76,80,81;,
  3;79,82,80;,
  3;82,81,80;,
  3;82,79,83;,
  3;81,82,84;,
  3;85,86,87;,
  3;86,85,88;,
  3;88,89,86;,
  3;90,88,85;,
  3;89,88,91;,
  3;92,91,88;,
  3;88,90,92;,
  3;91,92,93;,
  3;92,94,93;,
  3;90,95,92;,
  3;94,92,95;,
  3;95,90,96;,
  3;97,95,96;,
  3;98,94,95;,
  3;95,97,98;,
  3;94,98,99;,
  3;98,100,99;,
  3;97,101,98;,
  3;100,98,101;,
  3;101,97,102;,
  3;103,100,101;,
  3;102,103,101;,
  3;100,103,104;,
  3;103,102,105;,
  3;106,107,108;,
  3;107,106,109;,
  3;109,110,107;,
  3;111,109,106;,
  3;110,109,112;,
  3;109,111,113;,
  3;113,112,109;,
  3;114,113,111;,
  3;112,113,115;,
  3;113,114,116;,
  3;116,115,113;,
  3;117,116,114;,
  3;115,116,118;,
  3;116,117,119;,
  3;119,118,116;,
  3;118,119,120;,
  3;121,122,123;,
  3;122,121,124;,
  3;125,124,121;,
  3;124,126,122;,
  3;124,125,127;,
  3;126,124,128;,
  3;127,128,124;,
  3;128,129,126;,
  3;128,127,130;,
  3;129,128,131;,
  3;130,131,128;,
  3;131,132,129;,
  3;131,130,133;,
  3;132,131,134;,
  3;133,134,131;,
  3;134,133,135;,
  3;136,137,138;,
  3;139,136,140;,
  3;137,136,141;,
  3;136,139,141;,
  3;141,142,137;,
  3;143,141,139;,
  3;142,141,144;,
  3;141,143,145;,
  3;146,144,141;,
  3;145,146,141;,
  3;144,146,147;,
  3;146,145,148;,
  3;149,147,146;,
  3;148,149,146;,
  3;147,149,150;,
  3;149,148,151;,
  3;149,5,150;,
  3;19,149,151;,
  3;5,149,3;,
  3;149,19,3;,
  3;152,153,154;,
  3;153,155,154;,
  3;156,152,154;,
  3;155,157,154;,
  3;158,156,154;,
  3;157,158,154;,
  3;159,160,161;,
  3;162,160,159;,
  3;161,160,163;,
  3;164,160,162;,
