xof 0303txt 0032
template ColorRGBA {
 <35ff44e0-6c7c-11cf-8f52-0040333594a3>
 FLOAT red;
 FLOAT green;
 FLOAT blue;
 FLOAT alpha;
}

template ColorRGB {
 <d3e16e81-7835-11cf-8f52-0040333594a3>
 FLOAT red;
 FLOAT green;
 FLOAT blue;
}

template Material {
 <3d82ab4d-62da-11cf-ab39-0020af71e433>
 ColorRGBA faceColor;
 FLOAT power;
 ColorRGB specularColor;
 ColorRGB emissiveColor;
 [...]
}

template TextureFilename {
 <a42790e1-7810-11cf-8f52-0040333594a3>
 STRING filename;
}

template Frame {
 <3d82ab46-62da-11cf-ab39-0020af71e433>
 [...]
}

template Matrix4x4 {
 <f6f23f45-7686-11cf-8f52-0040333594a3>
 array FLOAT matrix[16];
}

template FrameTransformMatrix {
 <f6f23f41-7686-11cf-8f52-0040333594a3>
 Matrix4x4 frameMatrix;
}

template Vector {
 <3d82ab5e-62da-11cf-ab39-0020af71e433>
 FLOAT x;
 FLOAT y;
 FLOAT z;
}

template MeshFace {
 <3d82ab5f-62da-11cf-ab39-0020af71e433>
 DWORD nFaceVertexIndices;
 array DWORD faceVertexIndices[nFaceVertexIndices];
}

template Mesh {
 <3d82ab44-62da-11cf-ab39-0020af71e433>
 DWORD nVertices;
 array Vector vertices[nVertices];
 DWORD nFaces;
 array MeshFace faces[nFaces];
 [...]
}

template MeshNormals {
 <f6f23f43-7686-11cf-8f52-0040333594a3>
 DWORD nNormals;
 array Vector normals[nNormals];
 DWORD nFaceNormals;
 array MeshFace faceNormals[nFaceNormals];
}

template MeshMaterialList {
 <f6f23f42-7686-11cf-8f52-0040333594a3>
 DWORD nMaterials;
 DWORD nFaceIndexes;
 array DWORD faceIndexes[nFaceIndexes];
 [Material <3d82ab4d-62da-11cf-ab39-0020af71e433>]
}

template Coords2d {
 <f6f23f44-7686-11cf-8f52-0040333594a3>
 FLOAT u;
 FLOAT v;
}

template MeshTextureCoords {
 <f6f23f40-7686-11cf-8f52-0040333594a3>
 DWORD nTextureCoords;
 array Coords2d textureCoords[nTextureCoords];
}

template XSkinMeshHeader {
 <3cf169ce-ff7c-44ab-93c0-f78f62d172e2>
 WORD nMaxSkinWeightsPerVertex;
 WORD nMaxSkinWeightsPerFace;
 WORD nBones;
}

template SkinWeights {
 <6f0d123b-bad2-4167-a0d0-80224f25fabb>
 STRING transformNodeName;
 DWORD nWeights;
 array DWORD vertexIndices[nWeights];
 array FLOAT weights[nWeights];
 Matrix4x4 matrixOffset;
}

template AnimTicksPerSecond {
 <9e415a43-7ba6-4a73-8743-b73d47e88476>
 DWORD AnimTicksPerSecond;
}

template Animation {
 <3d82ab4f-62da-11cf-ab39-0020af71e433>
 [...]
}

template AnimationSet {
 <3d82ab50-62da-11cf-ab39-0020af71e433>
 [Animation <3d82ab4f-62da-11cf-ab39-0020af71e433>]
}

template FloatKeys {
 <10dd46a9-775b-11cf-8f52-0040333594a3>
 DWORD nValues;
 array FLOAT values[nValues];
}

template TimedFloatKeys {
 <f406b180-7b3b-11cf-8f52-0040333594a3>
 DWORD time;
 FloatKeys tfkeys;
}

template AnimationKey {
 <10dd46a8-775b-11cf-8f52-0040333594a3>
 DWORD keyType;
 DWORD nKeys;
 array TimedFloatKeys keys[nKeys];
}


Material _01500006_F_MapleStarBaseball_82 {
 1.000000;1.000000;1.000000;1.000000;;
 43.219280;
 0.020000;0.020000;0.020000;;
 0.000000;0.000000;0.000000;;

 TextureFilename {
  "01500006_F_MapleStarBaseball_D.dds";
 }
}

Material PA_103 {
 1.000000;1.000000;1.000000;1.000000;;
 43.219280;
 0.020000;0.020000;0.020000;;
 0.000000;0.000000;0.000000;;

 TextureFilename {
  "F_PA.dds";
 }
}

Material Standard_13aa_120 {
 1.000000;1.000000;1.000000;1.000000;;
 43.219280;
 0.020000;0.020000;0.020000;;
 0.000000;0.000000;0.000000;;

 TextureFilename {
  "f_skin_body_d.dds";
 }
}

Frame Scene_Root {
 

 FrameTransformMatrix {
  0.393701,0.000000,0.000000,0.000000,0.000000,-0.000000,-0.393701,0.000000,0.000000,0.393701,-0.000000,0.000000,0.000000,0.000000,0.000000,1.000000;;
 }

 Frame Bip01 {
  

  FrameTransformMatrix {
   1.000000,0.000000,0.000000,0.000000,0.000000,1.000000,0.000000,0.000000,0.000000,0.000000,1.000000,0.000000,0.000000,0.000000,0.000000,1.000000;;
  }

  Frame Bip01_NonAccum {
   

   FrameTransformMatrix {
    0.000001,0.997564,-0.069757,0.000000,-1.000000,0.000001,-0.000000,0.000000,0.000000,0.069757,0.997564,0.000000,0.013153,1.995826,45.280138,1.000000;;
   }

   Frame Bip01_Footsteps {
    

    FrameTransformMatrix {
     0.000002,-1.000000,0.000000,0.000000,0.997564,0.000002,0.069757,0.000000,-0.069757,-0.000000,0.997564,0.000000,3.163304,0.000004,-45.236717,1.000000;;
    }
   }

   Frame Bip01_Pelvis {
    

    FrameTransformMatrix {
     0.000001,-0.000000,1.000000,0.000000,-1.000000,0.000001,0.000001,0.000000,-0.000001,-1.000000,-0.000000,0.000000,0.000000,0.000000,0.000000,1.000000;;
    }

    Frame Bip01_Spine {
     

     FrameTransformMatrix {
      0.998707,-0.050824,0.000001,0.000000,0.050824,0.998708,0.000004,0.000000,-0.000001,-0.000004,1.000000,0.000000,3.672916,-0.256297,0.000005,1.000000;;
     }

     Frame Bip01_Spine1 {
      

      FrameTransformMatrix {
       0.996899,0.078688,-0.000000,0.000000,-0.078688,0.996900,0.000000,0.000000,0.000000,-0.000000,1.000000,0.000000,5.748707,0.004558,-0.000000,1.000000;;
      }

      Frame Bip01_Spine2 {
       

       FrameTransformMatrix {
        0.983435,0.181259,-0.000001,0.000000,-0.181260,0.983436,0.000000,0.000000,0.000001,0.000000,1.000000,0.000000,5.739048,0.013320,-0.000000,1.000000;;
       }

       Frame Bip01_Neck {
        

        FrameTransformMatrix {
         0.967684,-0.252167,0.000001,0.000000,0.252168,0.967684,0.000000,0.000000,-0.000001,0.000000,1.000000,0.000000,17.185214,0.674536,0.000002,1.000000;;
        }

        Frame Bip01_Head {
         

         FrameTransformMatrix {
          0.993567,0.113247,-0.000000,0.000000,-0.113247,0.993567,0.000000,0.000000,0.000000,0.000000,1.000000,0.000000,4.018593,0.785322,-0.013147,1.000000;;
         }

         Frame Bip01_HeadNub {
          

          FrameTransformMatrix {
           1.000000,0.000000,-0.000000,0.000000,-0.000000,1.000000,0.000000,0.000000,0.000000,-0.000000,1.000000,0.000000,51.565376,0.000000,-0.000001,1.000000;;
          }
         }
        }

        Frame Bip01_L_Clavicle {
         

         FrameTransformMatrix {
          -0.000000,0.000003,1.000000,0.000000,0.252938,-0.967483,0.000003,0.000000,0.967482,0.252938,-0.000001,0.000000,-1.842407,0.188778,3.177583,1.000000;;
         }

         Frame Bip01_L_UpperArm {
          

          FrameTransformMatrix {
           0.626677,-0.137889,-0.766983,0.000000,-0.014930,0.981916,-0.188729,0.000000,0.779136,0.129723,0.613285,0.000000,7.100722,0.000002,-0.000008,1.000000;;
          }

          Frame Bip01_L_Forearm {
           

           FrameTransformMatrix {
            0.999999,0.001452,0.000000,0.000000,-0.001452,0.999999,-0.000000,0.000000,-0.000000,0.000000,1.000000,0.000000,15.525944,-0.000000,0.000004,1.000000;;
           }

           Frame Bip01_L_Hand {
            

            FrameTransformMatrix {
             0.999650,-0.022704,0.013559,0.000000,-0.014317,-0.033570,0.999334,0.000000,-0.022233,-0.999179,-0.033883,0.000000,13.317221,-0.000001,-0.000000,1.000000;;
            }

            Frame Bip01_L_Finger0 {
             

             FrameTransformMatrix {
              0.964227,-0.152334,-0.216936,0.000000,-0.237976,-0.136966,-0.961566,0.000000,0.116766,0.978793,-0.168319,0.000000,4.856745,-2.803840,-5.612444,1.000000;;
             }

             Frame Bip01_L_Finger01 {
              

              FrameTransformMatrix {
               0.995126,-0.098614,-0.000000,0.000000,0.098615,0.995127,0.000000,0.000000,-0.000000,-0.000000,1.000000,0.000000,5.339226,-0.000004,0.000004,1.000000;;
              }
             }
            }

            Frame Bip01_L_Finger1 {
             

             FrameTransformMatrix {
              0.998363,-0.052217,-0.023341,0.000000,0.051145,0.997706,-0.044367,0.000000,0.025604,0.043100,0.998743,0.000000,10.594994,2.271370,-4.280784,1.000000;;
             }

             Frame Bip01_L_Finger11 {
              

              FrameTransformMatrix {
               0.984171,-0.177224,0.000000,0.000000,0.177224,0.984171,0.000000,0.000000,-0.000000,-0.000000,1.000000,0.000000,3.923888,0.000004,0.000000,1.000000;;
              }
             }
            }

            Frame Bip01_L_Finger2 {
             

             FrameTransformMatrix {
              0.991631,-0.128610,-0.011325,0.000000,0.128941,0.990986,0.036356,0.000000,0.006548,-0.037512,0.999275,0.000000,10.601842,2.431648,-1.008320,1.000000;;
             }

             Frame Bip01_L_Finger21 {
              

              FrameTransformMatrix {
               0.991204,-0.132344,0.000000,0.000000,0.132344,0.991204,0.000000,0.000000,-0.000000,-0.000000,1.000001,0.000000,3.983998,-0.000004,0.000002,1.000000;;
              }
             }
            }

            Frame Bip01_L_Finger3 {
             

             FrameTransformMatrix {
              0.966126,-0.257431,-0.018167,0.000000,0.258065,0.964176,0.061378,0.000000,0.001716,-0.063987,0.997950,0.000000,10.718305,2.048347,2.260058,1.000000;;
             }

             Frame Bip01_L_Finger31 {
              

              FrameTransformMatrix {
               0.987152,-0.159781,0.000000,0.000000,0.159781,0.987153,0.000000,0.000000,-0.000000,-0.000000,1.000000,0.000000,3.418406,-0.000011,0.000000,1.000000;;
              }
             }
            }

            Frame Bip01_L_Finger4 {
             

             FrameTransformMatrix {
              0.944212,-0.325539,0.049878,0.000000,0.324682,0.945502,0.024659,0.000000,-0.055188,-0.007089,0.998451,0.000000,10.380766,1.781929,4.841388,1.000000;;
             }

             Frame Bip01_L_Finger41 {
              

              FrameTransformMatrix {
               0.965879,-0.258994,0.000000,0.000000,0.258994,0.965879,-0.000000,0.000000,-0.000000,0.000000,1.000001,0.000000,3.160643,-0.000000,0.000001,1.000000;;
              }
             }
            }

            Frame Weapon_Hand_L_Point {
             

             FrameTransformMatrix {
              0.039464,-0.100056,0.994200,0.000000,0.998798,-0.024994,-0.042162,0.000000,0.029067,0.994668,0.098950,0.000000,11.464733,-1.377174,-0.147705,1.000000;;
             }
            }
           }
          }

          Frame Bip01_L_ForeTwist {
           

           FrameTransformMatrix {
            0.999999,0.001452,0.000000,0.000000,-0.001452,0.999935,0.011299,0.000000,0.000016,-0.011299,0.999936,0.000000,15.525944,-0.000000,0.000004,1.000000;;
           }

           Frame Bip01_L_ForeTwist1 {
            

            FrameTransformMatrix {
             1.000000,-0.000000,0.000000,0.000000,0.000000,0.999936,0.011299,0.000000,-0.000000,-0.011299,0.999936,0.000000,6.658613,0.000000,-0.000011,1.000000;;
            }
           }
          }
         }
        }

        Frame Bip01_R_Clavicle {
         

         FrameTransformMatrix {
          0.000000,-0.000003,-1.000000,0.000000,0.252938,-0.967483,0.000003,0.000000,-0.967483,-0.252938,0.000001,0.000000,-1.842422,0.188760,-3.177590,1.000000;;
         }

         Frame Bip01_R_UpperArm {
          

          FrameTransformMatrix {
           0.626677,-0.137889,0.766983,0.000000,-0.014930,0.981916,0.188729,0.000000,-0.779136,-0.129723,0.613285,0.000000,7.100722,-0.000000,0.000015,1.000000;;
          }

          Frame Bip01_R_Forearm {
           

           FrameTransformMatrix {
            0.999999,0.001452,0.000000,0.000000,-0.001452,0.999999,-0.000000,0.000000,0.000000,0.000000,1.000000,0.000000,15.525955,0.000000,0.000000,1.000000;;
           }

           Frame Bip01_R_Hand {
            

            FrameTransformMatrix {
             0.999650,-0.022704,-0.013559,0.000000,-0.014317,-0.033570,-0.999334,0.000000,0.022233,0.999179,-0.033883,0.000000,13.317226,0.000000,0.000004,1.000000;;
            }

            Frame Bip01_R_Finger0 {
             

             FrameTransformMatrix {
              0.964227,-0.152334,0.216936,0.000000,-0.237976,-0.136966,0.961566,0.000000,-0.116766,-0.978793,-0.168318,0.000000,4.856739,-2.803826,5.612447,1.000000;;
             }

             Frame Bip01_R_Finger01 {
              

              FrameTransformMatrix {
               0.995126,-0.098614,0.000000,0.000000,0.098615,0.995126,-0.000000,0.000000,0.000000,0.000000,1.000001,0.000000,5.339235,-0.000002,-0.000004,1.000000;;
              }
             }
            }

            Frame Bip01_R_Finger1 {
             

             FrameTransformMatrix {
              0.998363,-0.052217,0.023341,0.000000,0.051145,0.997706,0.044367,0.000000,-0.025604,-0.043100,0.998743,0.000000,10.595000,2.271396,4.280785,1.000000;;
             }

             Frame Bip01_R_Finger11 {
              

              FrameTransformMatrix {
               0.984171,-0.177224,-0.000000,0.000000,0.177224,0.984171,0.000000,0.000000,0.000000,-0.000000,1.000001,0.000000,3.923911,0.000008,-0.000000,1.000000;;
              }
             }
            }

            Frame Bip01_R_Finger2 {
             

             FrameTransformMatrix {
              0.991631,-0.128610,0.011325,0.000000,0.128941,0.990986,-0.036356,0.000000,-0.006548,0.037512,0.999275,0.000000,10.601838,2.431667,1.008321,1.000000;;
             }

             Frame Bip01_R_Finger21 {
              

              FrameTransformMatrix {
               0.991204,-0.132344,-0.000000,0.000000,0.132344,0.991204,-0.000000,0.000000,0.000000,0.000000,1.000000,0.000000,3.984003,-0.000008,-0.000001,1.000000;;
              }
             }
            }

            Frame Bip01_R_Finger3 {
             

             FrameTransformMatrix {
              0.966126,-0.257431,0.018167,0.000000,0.258065,0.964176,-0.061378,0.000000,-0.001716,0.063987,0.997950,0.000000,10.718301,2.048359,-2.260056,1.000000;;
             }

             Frame Bip01_R_Finger31 {
              

              FrameTransformMatrix {
               0.987152,-0.159781,-0.000000,0.000000,0.159781,0.987153,-0.000000,0.000000,0.000000,0.000000,1.000001,0.000000,3.418402,-0.000000,0.000000,1.000000;;
              }
             }
            }

            Frame Bip01_R_Finger4 {
             

             FrameTransformMatrix {
              0.944212,-0.325539,-0.049878,0.000000,0.324682,0.945502,-0.024659,0.000000,0.055188,0.007089,0.998451,0.000000,10.380760,1.781952,-4.841388,1.000000;;
             }

             Frame Bip01_R_Finger41 {
              

              FrameTransformMatrix {
               0.965879,-0.258994,-0.000000,0.000000,0.258994,0.965879,-0.000000,0.000000,0.000000,0.000000,1.000000,0.000000,3.160639,0.000000,-0.000003,1.000000;;
              }
             }
            }

            Frame Weapon_Hand_R_Point {
             

             FrameTransformMatrix {
              -0.074295,0.100867,0.992123,0.000000,0.996813,-0.021483,0.076830,0.000000,0.029063,0.994668,-0.098949,0.000000,11.482886,-1.359406,0.123646,1.000000;;
             }
            }
           }
          }

          Frame Bip01_R_ForeTwist {
           

           FrameTransformMatrix {
            0.999999,0.001452,-0.000000,0.000000,-0.001452,0.999935,-0.011299,0.000000,-0.000016,0.011299,0.999936,0.000000,15.525955,0.000000,0.000000,1.000000;;
           }

           Frame Bip01_R_ForeTwist1 {
            

            FrameTransformMatrix {
             1.000000,-0.000000,0.000000,0.000000,0.000000,0.999936,-0.011299,0.000000,-0.000000,0.011299,0.999936,0.000000,6.658606,-0.000000,0.000004,1.000000;;
            }
           }
          }
         }
        }
       }
      }

      Frame Weapon_Back_B_Point {
       

       FrameTransformMatrix {
        0.040356,-0.997590,0.056439,0.000000,0.641886,0.069172,0.763674,0.000000,-0.765738,0.005408,0.643130,0.000000,6.044247,14.009645,3.010172,1.000000;;
       }
      }

      Frame Weapon_Back_R_Point {
       

       FrameTransformMatrix {
        -0.040305,-0.993897,0.102682,0.000000,-0.485235,0.109303,0.867525,0.000000,-0.873454,-0.014859,-0.486679,0.000000,22.008560,10.240378,-28.863226,1.000000;;
       }
      }
     }
    }

    Frame Bip01_L_Thigh {
     

     FrameTransformMatrix {
      -0.997055,0.052067,0.056309,0.000000,0.051801,0.998638,-0.006171,0.000000,-0.056553,-0.003236,-0.998394,0.000000,-0.000019,-0.000013,7.749224,1.000000;;
     }

     Frame Bip01_L_Calf {
      

      FrameTransformMatrix {
       0.999627,0.027315,-0.000000,0.000000,-0.027315,0.999627,-0.000000,0.000000,0.000000,0.000000,1.000000,0.000000,22.080976,-0.000001,0.000001,1.000000;;
      }

      Frame Bip01_L_Foot {
       

       FrameTransformMatrix {
        0.987421,-0.147811,0.056152,0.000000,0.146646,0.988890,0.024354,0.000000,-0.059128,-0.015813,0.998125,0.000000,14.997714,0.000000,-0.000003,1.000000;;
       }

       Frame Bip01_L_Toe0 {
        

        FrameTransformMatrix {
         -0.000000,-1.000000,-0.000000,0.000000,1.000000,-0.000000,-0.000000,0.000000,0.000000,-0.000000,1.000000,0.000000,8.640068,-6.144475,-0.000001,1.000000;;
        }
       }
      }

      Frame L_Calf_Point01 {
       

       FrameTransformMatrix {
        0.987262,-0.148879,0.056111,0.000000,0.147711,0.988729,0.024430,0.000000,-0.059116,-0.015831,0.998126,0.000000,12.996109,0.544431,-1.375636,1.000000;;
       }
      }
     }
    }

    Frame Bip01_R_Thigh {
     

     FrameTransformMatrix {
      -0.997055,0.052067,-0.056311,0.000000,0.051801,0.998639,0.006174,0.000000,0.056556,0.003238,-0.998395,0.000000,0.000004,0.000009,-7.749222,1.000000;;
     }

     Frame Bip01_R_Calf {
      

      FrameTransformMatrix {
       0.999627,0.027315,-0.000000,0.000000,-0.027315,0.999627,-0.000000,0.000000,0.000000,0.000000,1.000001,0.000000,22.080990,-0.000000,-0.000000,1.000000;;
      }

      Frame Bip01_R_Foot {
       

       FrameTransformMatrix {
        0.987421,-0.147811,-0.056152,0.000000,0.146646,0.988889,-0.024354,0.000000,0.059128,0.015814,0.998126,0.000000,14.997717,-0.000001,-0.000001,1.000000;;
       }

       Frame Bip01_R_Toe0 {
        

        FrameTransformMatrix {
         -0.000000,-1.000000,-0.000000,0.000000,1.000001,-0.000000,-0.000000,0.000000,0.000000,-0.000000,1.000001,0.000000,8.640071,-6.144475,-0.000000,1.000000;;
        }
       }
      }

      Frame R_Calf_Point01 {
       

       FrameTransformMatrix {
        0.987418,-0.147839,-0.056125,0.000000,0.146677,0.988886,-0.024316,0.000000,0.059096,0.015778,0.998128,0.000000,12.995918,0.544456,1.372129,1.000000;;
       }
      }
     }
    }

    Frame Weapon_Side_L_Point {
     

     FrameTransformMatrix {
      -0.395956,-0.031511,-0.917728,0.000000,-0.496462,0.848098,0.185080,0.000000,0.772492,0.528901,-0.351454,0.000000,3.514824,-8.649694,15.920968,1.000000;;
     }
    }

    Frame Weapon_Side_R_Point {
     

     FrameTransformMatrix {
      0.375618,0.017156,-0.926615,0.000000,-0.498300,0.846749,-0.186317,0.000000,0.781414,0.531716,0.326603,0.000000,3.401970,-8.603475,-15.780378,1.000000;;
     }
    }
   }

   Frame EFF_Lock_D {
    

    FrameTransformMatrix {
     0.997581,0.000000,0.069521,0.000000,-0.000000,1.000000,0.000000,0.000000,-0.069521,-0.000000,0.997580,0.000000,1.167660,0.013154,-45.309043,1.000000;;
    }
   }

   Frame Move_Link_D {
    

    FrameTransformMatrix {
     0.997564,-0.000000,0.069757,0.000000,0.000000,1.000000,-0.000000,0.000000,-0.069757,0.000000,0.997564,0.000000,0.746982,0.000001,-10.682182,1.000000;;
    }

    Frame EFF_Move_D {
     

     FrameTransformMatrix {
      1.000000,0.000001,-0.000000,0.000000,-0.000001,1.000000,0.000000,0.000000,0.000000,-0.000000,1.000000,0.000000,-1.706174,0.013154,-34.571846,1.000000;;
     }
    }
   }

   Frame SATA9NI_Link_Point02 {
    

    FrameTransformMatrix {
     -0.997564,-0.000001,-0.069756,0.000000,0.069756,0.000000,-0.997564,0.000000,0.000001,-1.000000,-0.000000,0.000000,0.434791,0.010962,-41.792867,1.000000;;
    }
   }

   Frame SATA9NI_Bone01 {
    

    FrameTransformMatrix {
     0.035253,-0.000052,-0.999378,0.000000,0.999378,-0.000001,0.035253,0.000000,-0.000003,-1.000000,0.000052,0.000000,-1.034301,0.013151,-0.145496,1.000000;;
    }
   }

   Frame SATA9NI_Lock_Dummy01 {
    

    FrameTransformMatrix {
     0.000001,-1.000000,0.000000,0.000000,0.997564,0.000001,0.069757,0.000000,-0.069757,-0.000000,0.997564,0.000000,1.168831,0.013159,-45.326454,1.000000;;
    }
   }
  }
 }

 Frame PA {
  

  FrameTransformMatrix {
   1.000000,0.000000,0.000000,0.000000,0.000000,1.000000,0.000000,0.000000,0.000000,0.000000,1.000000,0.000000,0.000000,0.000000,0.000000,1.000000;;
  }
 }

 Frame PA_Panty {
  

  FrameTransformMatrix {
   1.000000,0.000000,0.000000,0.000000,0.000000,1.000000,0.000000,0.000000,0.000000,0.000000,1.000000,0.000000,0.000000,0.000000,0.000000,1.000000;;
  }
 }

 Frame PA_Skin {
  

  FrameTransformMatrix {
   1.000000,0.000000,0.000000,0.000000,0.000000,1.000000,0.000000,0.000000,0.000000,0.000000,1.000000,0.000000,0.000000,0.000000,0.000000,1.000000;;
  }
 }
}

Frame PA_ {
 

 FrameTransformMatrix {
  0.393701,0.000000,0.000000,0.000000,0.000000,-0.000000,-0.393701,0.000000,0.000000,0.393701,-0.000000,0.000000,0.000000,0.000000,0.000000,1.000000;;
 }

 Mesh PA_ {
  243;
  -14.493531;7.097656;36.095184;,
  -13.842685;7.882726;41.193357;,
  -13.392412;7.379601;41.081824;,
  16.189877;1.318650;42.796326;,
  17.008510;0.908406;37.708112;,
  17.683318;0.884612;37.991434;,
  -14.961357;7.587187;36.218330;,
  15.533315;1.362699;42.527053;,
  -14.546290;7.379438;41.513027;,
  -15.639717;7.111651;36.538224;,
  -16.768664;1.705941;37.674058;,
  -15.378712;2.184766;42.493766;,
  -12.981275;7.167970;46.079597;,
  -13.684822;2.475195;46.964854;,
  -12.437004;7.780854;45.818672;,
  -12.094628;7.355788;45.740669;,
  -10.242382;6.898634;50.541242;,
  -11.897935;2.745683;51.364979;,
  -10.141777;2.813893;54.230048;,
  -10.242382;6.898634;50.541242;,
  -11.897935;2.745683;51.364979;,
  -8.793987;6.410500;53.671229;,
  -6.419512;9.701823;49.542819;,
  -4.639295;9.755243;52.891440;,
  -2.308312;10.913052;49.227622;,
  0.000000;10.532756;52.505901;,
  2.309504;10.913052;49.227622;,
  4.639296;9.755243;52.891440;,
  6.420704;9.701820;49.542819;,
  8.793987;6.410500;53.671229;,
  10.363259;6.554790;50.634922;,
  10.141779;2.813894;54.230048;,
  11.930957;2.296282;51.364982;,
  -10.405066;-1.305092;51.836547;,
  -10.141777;2.813893;54.230048;,
  -11.897935;2.745683;51.364979;,
  -8.810354;-0.417818;54.466029;,
  -6.269272;-2.761998;54.633446;,
  -7.022975;-4.503272;52.079744;,
  -2.298474;-5.558834;51.958035;,
  -3.134635;-3.659468;54.608966;,
  0.000001;-3.146537;54.584493;,
  2.671331;-5.494735;52.073619;,
  3.134638;-3.659468;54.608966;,
  6.269274;-2.761998;54.633446;,
  7.024165;-4.503271;52.079744;,
  10.193514;-1.573975;51.836547;,
  8.810356;-0.417817;54.466029;,
  10.141779;2.813894;54.230048;,
  11.930957;2.296282;51.364982;,
  -6.419512;9.701823;49.542819;,
  -12.094628;7.355788;45.740669;,
  -10.242382;6.898634;50.541242;,
  -8.495046;10.543100;44.743789;,
  -13.392412;7.379601;41.081824;,
  -7.709338;10.799488;44.508704;,
  -7.629602;10.265359;44.500941;,
  -8.591673;10.457066;39.656470;,
  -8.721258;11.106834;39.675165;,
  -9.470293;10.270528;34.506771;,
  -9.619669;10.912976;34.531536;,
  -9.606442;11.015954;39.940883;,
  -10.484262;10.827639;34.797366;,
  -14.493531;7.097656;36.095184;,
  10.363259;6.554790;50.634922;,
  7.613892;9.859317;44.775680;,
  6.420704;9.701820;49.542819;,
  12.158954;7.484962;46.081216;,
  8.583048;10.092778;39.884240;,
  12.570452;6.754877;46.195370;,
  12.291280;6.575961;46.045914;,
  13.626690;6.601463;41.466918;,
  14.027992;6.859405;41.644432;,
  14.899069;6.221550;36.568461;,
  15.281035;6.502251;36.741501;,
  13.750286;7.680566;41.523875;,
  15.008504;7.275581;36.587987;,
  9.451282;9.964940;34.603683;,
  11.930957;2.296282;51.364982;,
  12.291280;6.575961;46.045914;,
  10.363259;6.554790;50.634922;,
  14.402040;2.442980;47.186595;,
  13.626690;6.601463;41.466918;,
  14.427850;1.605660;47.233894;,
  13.913590;1.672817;47.028157;,
  16.329061;2.177746;42.811568;,
  14.899069;6.221550;36.568461;,
  17.814810;1.697669;38.004669;,
  2.309504;10.913052;49.227622;,
  -2.592577;11.523996;43.854512;,
  -2.308312;10.913052;49.227622;,
  2.280478;12.086252;43.975254;,
  -2.937042;11.810602;38.879792;,
  3.082572;11.794554;43.975254;,
  2.806515;11.317126;43.975254;,
  3.099535;11.610350;38.981558;,
  3.414243;12.201758;38.981558;,
  3.372117;11.585561;33.699638;,
  3.679337;12.179796;33.699638;,
  2.626070;12.652383;38.981558;,
  2.909917;12.607006;33.699638;,
  -3.284999;11.712876;33.616467;,
  -11.897935;2.745683;51.364979;,
  -12.267898;-2.817509;47.543200;,
  -10.405066;-1.305092;51.836547;,
  -14.136677;1.836384;47.331446;,
  -13.632179;-3.706485;43.081920;,
  -14.058642;2.647883;47.127130;,
  -13.684822;2.475195;46.964854;,
  -15.378712;2.184766;42.493766;,
  -15.897296;2.369944;42.713501;,
  -16.768664;1.705941;37.674058;,
  -17.432643;1.874905;37.909997;,
  -16.157083;1.572548;42.999888;,
  -17.686987;1.120891;38.196707;,
  -14.858229;-4.499675;38.268349;,
  -2.308312;10.913052;49.227622;,
  -7.629602;10.265359;44.500941;,
  -6.419512;9.701823;49.542819;,
  -3.302853;12.114366;43.969955;,
  -8.591673;10.457066;39.656470;,
  -2.458038;12.049190;43.837597;,
  -2.592577;11.523996;43.854512;,
  -2.937042;11.810602;38.879792;,
  -2.812338;12.463666;38.866214;,
  -3.284999;11.712876;33.616467;,
  -3.190981;12.365810;33.608787;,
  -3.693734;12.688057;39.009309;,
  -4.057138;12.559178;33.752861;,
  -9.470293;10.270528;34.506771;,
  10.193514;-1.573975;51.836547;,
  13.913590;1.672817;47.028157;,
  11.930957;2.296282;51.364982;,
  12.806181;-2.895274;47.590579;,
  15.533315;1.362699;42.527053;,
  12.250765;-3.529022;47.529290;,
  11.923650;-3.123661;47.338861;,
  13.329554;-4.009488;42.834294;,
  13.761536;-4.485717;43.085677;,
  14.465658;-4.779200;37.980246;,
  14.920614;-5.241268;38.246470;,
  14.479989;-3.953295;43.222099;,
  15.622477;-4.738076;38.383229;,
  17.008510;0.908406;37.708112;,
  6.420704;9.701820;49.542819;,
  2.806515;11.317126;43.975254;,
  2.309504;10.913052;49.227622;,
  7.469042;10.766886;44.800378;,
  3.099535;11.610350;38.981558;,
  8.061567;10.166378;44.863869;,
  7.613892;9.859317;44.775680;,
  8.583048;10.092778;39.884240;,
  9.132342;10.492430;39.997053;,
  9.451282;9.964940;34.603683;,
  10.004274;10.374880;34.721507;,
  8.634950;11.223912;39.957645;,
  9.518937;11.066532;34.681930;,
  3.372117;11.585561;33.699638;,
  7.024165;-4.503271;52.079744;,
  11.923650;-3.123661;47.338861;,
  10.193514;-1.573975;51.836547;,
  8.836498;-6.508207;47.714397;,
  13.329554;-4.009488;42.834294;,
  8.044345;-6.813185;47.615139;,
  7.951862;-6.299658;47.442941;,
  8.733339;-7.241205;42.888816;,
  8.872215;-7.858998;43.119696;,
  9.388667;-8.165453;37.996979;,
  9.547731;-8.775130;38.242435;,
  9.766625;-7.708348;43.294323;,
  10.421346;-8.633226;38.417392;,
  14.465658;-4.779200;37.980246;,
  -2.298474;-5.558834;51.958035;,
  2.755368;-7.353769;47.311184;,
  2.671331;-5.494735;52.073619;,
  -2.250285;-8.148607;47.585872;,
  3.071198;-8.443590;42.676086;,
  -2.939388;-7.863882;47.512061;,
  -2.662374;-7.407943;47.366643;,
  -3.052151;-8.243006;42.703139;,
  -3.379766;-8.804359;42.896115;,
  -3.416623;-9.023982;37.699654;,
  -3.737256;-9.588745;37.904586;,
  -2.601829;-9.256735;43.030518;,
  -2.977846;-10.017152;38.039229;,
  3.311472;-9.326402;37.699219;,
  -9.589804;-7.851895;38.066387;,
  -13.949250;-4.732678;43.526432;,
  -15.191877;-5.495281;38.729248;,
  -8.814258;-7.180281;43.056339;,
  -15.486768;-4.733595;38.540771;,
  -12.329658;-3.690028;47.842880;,
  -7.969148;-6.386322;47.719277;,
  -7.022975;-4.503272;52.079744;,
  -10.405066;-1.305092;51.836547;,
  -14.251838;-3.927575;43.338269;,
  -14.858229;-4.499675;38.268349;,
  -13.632179;-3.706485;43.081920;,
  -12.765430;-2.977072;47.736138;,
  -12.267898;-2.817509;47.543200;,
  -3.416623;-9.023982;37.699654;,
  -8.664742;-8.081175;43.386592;,
  -9.454775;-8.729693;38.411424;,
  -3.052151;-8.243006;42.703139;,
  -10.060655;-8.128724;38.295622;,
  -7.664396;-7.056989;47.934314;,
  -2.662374;-7.407943;47.366643;,
  -2.298474;-5.558834;51.958035;,
  -7.022975;-4.503272;52.079744;,
  -9.285652;-7.447290;43.271651;,
  -9.589804;-7.851895;38.066387;,
  -8.814258;-7.180281;43.056339;,
  -8.357101;-6.567611;47.883299;,
  -7.969148;-6.386322;47.719277;,
  9.388667;-8.165453;37.996979;,
  3.792896;-9.294136;43.065715;,
  4.023786;-10.159298;38.102141;,
  8.733339;-7.241205;42.888816;,
  3.171132;-9.950268;37.900237;,
  3.460268;-7.915069;47.586768;,
  7.951862;-6.299658;47.442941;,
  7.024165;-4.503271;52.079744;,
  2.671331;-5.494735;52.073619;,
  2.919257;-9.072603;42.864106;,
  3.311472;-9.326402;37.699219;,
  3.071198;-8.443590;42.676086;,
  2.614392;-7.867139;47.451104;,
  2.755368;-7.353769;47.311184;,
  -8.793987;6.410500;53.671229;,
  0.000000;2.261924;53.186378;,
  -4.639295;9.755243;52.891440;,
  -10.141777;2.813893;54.230048;,
  0.000000;10.532756;52.505901;,
  -8.810354;-0.417818;54.466029;,
  4.639296;9.755243;52.891440;,
  -6.269272;-2.761998;54.633446;,
  8.793987;6.410500;53.671229;,
  -3.134635;-3.659468;54.608966;,
  10.141779;2.813894;54.230048;,
  0.000001;-3.146537;54.584493;,
  8.810356;-0.417817;54.466029;,
  3.134638;-3.659468;54.608966;,
  6.269274;-2.761998;54.633446;;
  266;
  3;0,1,2;,
  3;3,4,5;,
  3;1,0,6;,
  3;4,3,7;,
  3;6,8,1;,
  3;8,6,9;,
  3;10,8,9;,
  3;8,10,11;,
  3;11,12,8;,
  3;12,1,8;,
  3;12,11,13;,
  3;1,12,14;,
  3;14,2,1;,
  3;2,14,15;,
  3;14,16,15;,
  3;12,16,14;,
  3;13,16,12;,
  3;16,13,17;,
  3;18,19,20;,
  3;19,18,21;,
  3;21,22,19;,
  3;22,21,23;,
  3;24,22,23;,
  3;25,24,23;,
  3;26,24,25;,
  3;26,25,27;,
  3;26,27,28;,
  3;29,28,27;,
  3;28,29,30;,
  3;31,30,29;,
  3;30,31,32;,
  3;33,34,35;,
  3;34,33,36;,
  3;33,37,36;,
  3;37,33,38;,
  3;39,37,38;,
  3;37,39,40;,
  3;41,40,39;,
  3;41,39,42;,
  3;41,42,43;,
  3;42,44,43;,
  3;44,42,45;,
  3;46,44,45;,
  3;44,46,47;,
  3;46,48,47;,
  3;48,46,49;,
  3;50,51,52;,
  3;51,50,53;,
  3;53,54,51;,
  3;53,50,55;,
  3;55,50,56;,
  3;57,55,56;,
  3;55,57,58;,
  3;58,53,55;,
  3;59,58,57;,
  3;58,59,60;,
  3;53,58,61;,
  3;60,61,58;,
  3;54,53,61;,
  3;61,60,62;,
  3;61,63,54;,
  3;63,61,62;,
  3;64,65,66;,
  3;65,64,67;,
  3;67,68,65;,
  3;67,64,69;,
  3;69,64,70;,
  3;71,69,70;,
  3;69,71,72;,
  3;72,67,69;,
  3;73,72,71;,
  3;72,73,74;,
  3;67,72,75;,
  3;74,75,72;,
  3;68,67,75;,
  3;75,74,76;,
  3;75,77,68;,
  3;77,75,76;,
  3;78,79,80;,
  3;79,78,81;,
  3;81,82,79;,
  3;81,78,83;,
  3;83,78,84;,
  3;7,83,84;,
  3;83,7,3;,
  3;3,81,83;,
  3;81,3,85;,
  3;82,81,85;,
  3;5,85,3;,
  3;85,86,82;,
  3;85,5,87;,
  3;86,85,87;,
  3;88,89,90;,
  3;89,88,91;,
  3;91,92,89;,
  3;91,88,93;,
  3;93,88,94;,
  3;95,93,94;,
  3;93,95,96;,
  3;96,91,93;,
  3;97,96,95;,
  3;96,97,98;,
  3;91,96,99;,
  3;98,99,96;,
  3;92,91,99;,
  3;99,98,100;,
  3;99,101,92;,
  3;101,99,100;,
  3;102,103,104;,
  3;103,102,105;,
  3;105,106,103;,
  3;105,102,107;,
  3;107,102,108;,
  3;109,107,108;,
  3;107,109,110;,
  3;110,105,107;,
  3;111,110,109;,
  3;110,111,112;,
  3;105,110,113;,
  3;112,113,110;,
  3;106,105,113;,
  3;113,112,114;,
  3;113,115,106;,
  3;115,113,114;,
  3;116,117,118;,
  3;117,116,119;,
  3;119,120,117;,
  3;119,116,121;,
  3;121,116,122;,
  3;123,121,122;,
  3;121,123,124;,
  3;124,119,121;,
  3;125,124,123;,
  3;124,125,126;,
  3;119,124,127;,
  3;126,127,124;,
  3;120,119,127;,
  3;127,126,128;,
  3;127,129,120;,
  3;129,127,128;,
  3;130,131,132;,
  3;131,130,133;,
  3;133,134,131;,
  3;133,130,135;,
  3;135,130,136;,
  3;137,135,136;,
  3;135,137,138;,
  3;138,133,135;,
  3;139,138,137;,
  3;138,139,140;,
  3;133,138,141;,
  3;140,141,138;,
  3;134,133,141;,
  3;141,140,142;,
  3;141,143,134;,
  3;143,141,142;,
  3;144,145,146;,
  3;145,144,147;,
  3;147,148,145;,
  3;147,144,149;,
  3;149,144,150;,
  3;151,149,150;,
  3;149,151,152;,
  3;152,147,149;,
  3;153,152,151;,
  3;152,153,154;,
  3;147,152,155;,
  3;154,155,152;,
  3;148,147,155;,
  3;155,154,156;,
  3;155,157,148;,
  3;157,155,156;,
  3;158,159,160;,
  3;159,158,161;,
  3;161,162,159;,
  3;161,158,163;,
  3;163,158,164;,
  3;165,163,164;,
  3;163,165,166;,
  3;166,161,163;,
  3;167,166,165;,
  3;166,167,168;,
  3;161,166,169;,
  3;168,169,166;,
  3;162,161,169;,
  3;169,168,170;,
  3;169,171,162;,
  3;171,169,170;,
  3;172,173,174;,
  3;173,172,175;,
  3;175,176,173;,
  3;175,172,177;,
  3;177,172,178;,
  3;179,177,178;,
  3;177,179,180;,
  3;180,175,177;,
  3;181,180,179;,
  3;180,181,182;,
  3;175,180,183;,
  3;182,183,180;,
  3;176,175,183;,
  3;183,182,184;,
  3;183,185,176;,
  3;185,183,184;,
  3;186,187,188;,
  3;187,186,189;,
  3;187,190,188;,
  3;189,191,187;,
  3;191,189,192;,
  3;193,191,192;,
  3;191,193,194;,
  3;190,187,195;,
  3;191,195,187;,
  3;195,196,190;,
  3;196,195,197;,
  3;195,191,198;,
  3;198,197,195;,
  3;191,194,198;,
  3;197,198,199;,
  3;198,194,199;,
  3;200,201,202;,
  3;201,200,203;,
  3;201,204,202;,
  3;203,205,201;,
  3;205,203,206;,
  3;207,205,206;,
  3;205,207,208;,
  3;204,201,209;,
  3;205,209,201;,
  3;209,210,204;,
  3;210,209,211;,
  3;209,205,212;,
  3;212,211,209;,
  3;205,208,212;,
  3;211,212,213;,
  3;212,208,213;,
  3;214,215,216;,
  3;215,214,217;,
  3;215,218,216;,
  3;217,219,215;,
  3;219,217,220;,
  3;221,219,220;,
  3;219,221,222;,
  3;218,215,223;,
  3;219,223,215;,
  3;223,224,218;,
  3;224,223,225;,
  3;223,219,226;,
  3;226,225,223;,
  3;219,222,226;,
  3;225,226,227;,
  3;226,222,227;,
  3;228,229,230;,
  3;231,229,228;,
  3;230,229,232;,
  3;233,229,231;,
  3;232,229,234;,
  3;235,229,233;,
  3;234,229,236;,
  3;237,229,235;,
  3;236,229,238;,
  3;239,229,237;,
  3;238,229,240;,
  3;241,229,239;,
  3;240,229,242;,
  3;242,229,241;;

  MeshNormals {
   243;
   0.696573;0.690410;-0.195243;,
   -0.024085;0.999657;0.010282;,
   0.718544;0.666306;-0.199325;,
   0.643247;-0.702206;0.305190;,
   -0.078710;-0.994608;0.067528;,
   0.803241;-0.516739;0.296284;,
   -0.255082;0.966919;0.000721;,
   -0.100827;-0.994063;0.040895;,
   -0.916213;0.316739;0.245418;,
   -0.925433;0.330331;0.185623;,
   -0.949369;0.220368;0.223912;,
   -0.930989;0.203485;0.303072;,
   -0.870340;0.300824;0.389888;,
   -0.873877;0.274238;0.401412;,
   0.078198;0.993985;0.076680;,
   0.741074;0.636261;-0.214431;,
   -0.811535;0.392704;0.432659;,
   -0.855528;0.405026;0.322531;,
   -0.848458;0.091035;0.521375;,
   -0.708642;0.558944;0.430590;,
   -0.849465;0.098686;0.518334;,
   -0.625904;0.692102;0.359500;,
   -0.463366;0.845013;0.266916;,
   -0.352166;0.908938;0.223184;,
   -0.138977;0.977987;0.155649;,
   -0.000000;0.982874;0.184279;,
   0.138974;0.977980;0.155695;,
   0.352145;0.908918;0.223296;,
   0.479099;0.839735;0.255555;,
   0.637841;0.688010;0.346124;,
   0.732999;0.546161;0.405488;,
   0.852342;0.067728;0.518581;,
   0.851480;0.059240;0.521030;,
   -0.708168;-0.430788;0.559393;,
   -0.848458;0.091035;0.521375;,
   -0.849465;0.098686;0.518334;,
   -0.693863;-0.440692;0.569513;,
   -0.398456;-0.713567;0.576242;,
   -0.380414;-0.707981;0.595019;,
   -0.066657;-0.786179;0.614394;,
   -0.045755;-0.818811;0.572237;,
   -0.001313;-0.767734;0.640767;,
   0.064820;-0.782355;0.619451;,
   0.045343;-0.813129;0.580315;,
   0.401857;-0.706281;0.582819;,
   0.386201;-0.704977;0.594858;,
   0.698538;-0.440467;0.563945;,
   0.697748;-0.443918;0.562214;,
   0.852342;0.067728;0.518581;,
   0.851480;0.059240;0.521030;,
   -0.477713;0.818902;0.318102;,
   -0.568112;0.774019;0.279541;,
   -0.519909;0.807879;0.277535;,
   -0.554782;0.793701;0.249510;,
   -0.647454;0.743464;0.167524;,
   0.538849;0.842400;-0.002042;,
   0.968324;0.147482;-0.201487;,
   0.966037;0.183324;-0.182111;,
   0.448703;0.892216;-0.051156;,
   0.961375;0.213385;-0.173857;,
   0.217337;0.973261;-0.074350;,
   -0.592774;0.795949;0.122816;,
   -0.600076;0.796583;0.073248;,
   -0.667593;0.738293;0.096142;,
   0.525276;0.805304;0.274902;,
   0.462101;0.861640;0.209855;,
   0.584847;0.792574;0.172568;,
   0.458800;0.858559;0.228865;,
   0.404567;0.907659;0.111717;,
   0.925221;-0.100169;0.365968;,
   0.469220;-0.867982;0.162604;,
   0.481303;-0.862410;0.156831;,
   0.949471;-0.087051;0.301542;,
   0.496478;-0.846642;0.191590;,
   0.966109;0.100274;0.237861;,
   0.481214;0.870527;0.103035;,
   0.494916;0.867198;0.055007;,
   0.418251;0.907463;0.039727;,
   0.821406;0.368830;0.435037;,
   0.813105;0.460240;0.356426;,
   0.853649;0.376039;0.360386;,
   0.816714;0.453468;0.356855;,
   0.807780;0.538873;0.238971;,
   0.559783;-0.749531;0.353337;,
   -0.146855;-0.988155;0.044524;,
   0.841845;0.481525;0.243784;,
   0.807054;0.562531;0.179507;,
   0.842476;0.495743;0.210887;,
   0.017486;0.983894;0.177895;,
   -0.078472;0.987825;0.134328;,
   -0.000000;0.993598;0.112976;,
   -0.054553;0.989502;0.133828;,
   -0.140101;0.988819;0.051084;,
   0.934025;0.329186;0.138684;,
   0.865239;-0.500294;0.032667;,
   0.877606;-0.478398;0.030697;,
   0.900097;0.426310;0.089918;,
   0.884581;-0.464006;0.047077;,
   0.761710;0.646996;0.034559;,
   -0.063726;0.997574;0.028012;,
   -0.066744;0.997696;-0.012158;,
   -0.145848;0.989228;-0.012537;,
   -0.844259;-0.209681;0.493215;,
   -0.847352;-0.301483;0.437153;,
   -0.849240;-0.259443;0.459870;,
   -0.864271;-0.267024;0.426302;,
   -0.857670;-0.382003;0.344202;,
   -0.508777;0.837481;0.199427;,
   0.341569;0.919996;-0.192191;,
   0.286959;0.941635;-0.176007;,
   -0.553281;0.818015;0.157260;,
   0.223950;0.960484;-0.165278;,
   -0.704981;0.692060;0.155096;,
   -0.884465;-0.318993;0.340538;,
   -0.886258;-0.340253;0.314285;,
   -0.857933;-0.417171;0.299866;,
   -0.229610;0.946576;0.226435;,
   -0.334644;0.923348;0.188258;,
   -0.266479;0.948731;0.169997;,
   -0.301791;0.937969;0.170694;,
   -0.396324;0.913356;0.093314;,
   0.813762;0.579349;0.046322;,
   0.964967;-0.249782;-0.080297;,
   0.975645;-0.205998;-0.075383;,
   0.742905;0.669331;-0.009384;,
   0.984014;-0.165854;-0.064876;,
   0.535983;0.842329;-0.056609;,
   -0.317148;0.947042;0.050290;,
   -0.316699;0.948525;-0.001361;,
   -0.399112;0.916687;0.019851;,
   0.801205;-0.300682;0.517359;,
   0.869167;-0.208561;0.448387;,
   0.841488;-0.325194;0.431447;,
   0.868047;-0.230140;0.439921;,
   0.927235;-0.151796;0.342334;,
   -0.096650;-0.957539;0.271620;,
   -0.754867;-0.650070;-0.087094;,
   -0.727199;-0.681230;-0.084305;,
   0.006622;-0.977742;0.209707;,
   -0.709492;-0.702365;-0.057475;,
   0.231775;-0.950858;0.205302;,
   0.911401;-0.257935;0.320653;,
   0.920085;-0.289256;0.264150;,
   0.944315;-0.175326;0.278444;,
   0.255149;0.946945;0.195434;,
   0.150275;0.979526;0.133963;,
   0.274176;0.956515;0.099530;,
   0.174737;0.972264;0.155466;,
   0.073740;0.995757;0.055054;,
   0.957859;-0.132975;0.254605;,
   0.551251;-0.829488;0.089837;,
   0.568066;-0.818356;0.087145;,
   0.976298;-0.044213;0.211865;,
   0.572644;-0.811941;0.113275;,
   0.962849;0.222475;0.153059;,
   0.174107;0.983638;0.046302;,
   0.179471;0.983763;0.000725;,
   0.078703;0.996861;-0.008579;,
   0.574865;-0.644524;0.504102;,
   0.667000;-0.597549;0.445025;,
   0.622051;-0.634997;0.458075;,
   0.635465;-0.660806;0.399399;,
   0.708555;-0.634368;0.309075;,
   -0.521511;-0.829412;0.200255;,
   -0.969886;-0.213796;-0.116674;,
   -0.964397;-0.242543;-0.105411;,
   -0.430374;-0.891921;0.138766;,
   -0.960922;-0.264692;-0.081042;,
   -0.206487;-0.966338;0.153472;,
   0.631033;-0.727202;0.270137;,
   0.621551;-0.750155;0.225704;,
   0.697421;-0.673267;0.245594;,
   0.009058;-0.894013;0.447949;,
   0.110736;-0.920501;0.374721;,
   0.003556;-0.931516;0.363683;,
   0.084417;-0.940276;0.329780;,
   0.155438;-0.964984;0.211293;,
   -0.963958;-0.178972;0.196861;,
   -0.862643;0.500247;-0.074835;,
   -0.863619;0.503826;-0.017941;,
   -0.925517;-0.346985;0.151724;,
   -0.868814;0.494919;-0.014755;,
   -0.780260;-0.607128;0.150300;,
   0.054273;-0.981191;0.185251;,
   0.041076;-0.988215;0.147459;,
   0.132249;-0.978304;0.159471;,
   -0.380687;-0.900437;0.210451;,
   -0.465686;-0.841956;0.272481;,
   -0.436738;-0.864013;0.250481;,
   -0.430164;-0.866040;0.254822;,
   -0.967573;0.100641;0.231679;,
   -0.529961;-0.736561;0.420261;,
   -0.488459;-0.805347;0.335892;,
   -0.521225;-0.674028;0.523461;,
