xof 0303txt 0032
template ColorRGBA {
 <35ff44e0-6c7c-11cf-8f52-0040333594a3>
 FLOAT red;
 FLOAT green;
 FLOAT blue;
 FLOAT alpha;
}

template ColorRGB {
 <d3e16e81-7835-11cf-8f52-0040333594a3>
 FLOAT red;
 FLOAT green;
 FLOAT blue;
}

template Material {
 <3d82ab4d-62da-11cf-ab39-0020af71e433>
 ColorRGBA faceColor;
 FLOAT power;
 ColorRGB specularColor;
 ColorRGB emissiveColor;
 [...]
}

template TextureFilename {
 <a42790e1-7810-11cf-8f52-0040333594a3>
 STRING filename;
}

template Frame {
 <3d82ab46-62da-11cf-ab39-0020af71e433>
 [...]
}

template Matrix4x4 {
 <f6f23f45-7686-11cf-8f52-0040333594a3>
 array FLOAT matrix[16];
}

template FrameTransformMatrix {
 <f6f23f41-7686-11cf-8f52-0040333594a3>
 Matrix4x4 frameMatrix;
}

template Vector {
 <3d82ab5e-62da-11cf-ab39-0020af71e433>
 FLOAT x;
 FLOAT y;
 FLOAT z;
}

template MeshFace {
 <3d82ab5f-62da-11cf-ab39-0020af71e433>
 DWORD nFaceVertexIndices;
 array DWORD faceVertexIndices[nFaceVertexIndices];
}

template Mesh {
 <3d82ab44-62da-11cf-ab39-0020af71e433>
 DWORD nVertices;
 array Vector vertices[nVertices];
 DWORD nFaces;
 array MeshFace faces[nFaces];
 [...]
}

template MeshNormals {
 <f6f23f43-7686-11cf-8f52-0040333594a3>
 DWORD nNormals;
 array Vector normals[nNormals];
 DWORD nFaceNormals;
 array MeshFace faceNormals[nFaceNormals];
}

template MeshMaterialList {
 <f6f23f42-7686-11cf-8f52-0040333594a3>
 DWORD nMaterials;
 DWORD nFaceIndexes;
 array DWORD faceIndexes[nFaceIndexes];
 [Material <3d82ab4d-62da-11cf-ab39-0020af71e433>]
}

template Coords2d {
 <f6f23f44-7686-11cf-8f52-0040333594a3>
 FLOAT u;
 FLOAT v;
}

template MeshTextureCoords {
 <f6f23f40-7686-11cf-8f52-0040333594a3>
 DWORD nTextureCoords;
 array Coords2d textureCoords[nTextureCoords];
}

template XSkinMeshHeader {
 <3cf169ce-ff7c-44ab-93c0-f78f62d172e2>
 WORD nMaxSkinWeightsPerVertex;
 WORD nMaxSkinWeightsPerFace;
 WORD nBones;
}

template SkinWeights {
 <6f0d123b-bad2-4167-a0d0-80224f25fabb>
 STRING transformNodeName;
 DWORD nWeights;
 array DWORD vertexIndices[nWeights];
 array FLOAT weights[nWeights];
 Matrix4x4 matrixOffset;
}

template AnimTicksPerSecond {
 <9e415a43-7ba6-4a73-8743-b73d47e88476>
 DWORD AnimTicksPerSecond;
}

template Animation {
 <3d82ab4f-62da-11cf-ab39-0020af71e433>
 [...]
}

template AnimationSet {
 <3d82ab50-62da-11cf-ab39-0020af71e433>
 [Animation <3d82ab4f-62da-11cf-ab39-0020af71e433>]
}

template FloatKeys {
 <10dd46a9-775b-11cf-8f52-0040333594a3>
 DWORD nValues;
 array FLOAT values[nValues];
}

template TimedFloatKeys {
 <f406b180-7b3b-11cf-8f52-0040333594a3>
 DWORD time;
 FloatKeys tfkeys;
}

template AnimationKey {
 <10dd46a8-775b-11cf-8f52-0040333594a3>
 DWORD keyType;
 DWORD nKeys;
 array TimedFloatKeys keys[nKeys];
}


Material _222_146 {
 1.000000;1.000000;1.000000;1.000000;;
 43.219280;
 0.020000;0.020000;0.020000;;
 0.000000;0.000000;0.000000;;

 TextureFilename {
  "01500013_m_marineshort_d.dds";
 }
}

Material Material__62_166 {
 1.000000;1.000000;1.000000;1.000000;;
 43.219280;
 0.020000;0.020000;0.020000;;
 0.000000;0.000000;0.000000;;

 TextureFilename {
  "F_Skin_body_D.dds";
 }
}

Frame Scene_Root {
 

 FrameTransformMatrix {
  0.393701,0.000000,0.000000,0.000000,0.000000,-0.000000,-0.393701,0.000000,0.000000,0.393701,-0.000000,0.000000,0.000000,0.000000,0.000000,1.000000;;
 }

 Frame Bip01 {
  

  FrameTransformMatrix {
   0.000002,0.997564,-0.069757,0.000000,-1.000000,0.000001,-0.000000,0.000000,0.000000,0.069757,0.997564,0.000000,0.000000,1.527915,43.145398,1.000000;;
  }

  Frame Bip01_Footsteps {
   

   FrameTransformMatrix {
    0.000002,-1.000000,0.000000,0.000000,0.997564,0.000002,0.069757,0.000000,-0.069757,-0.000000,0.997564,0.000000,3.011113,0.000004,-43.060326,1.000000;;
   }
  }

  Frame Bip01_Pelvis {
   

   FrameTransformMatrix {
    0.000002,-0.000000,1.000000,0.000000,-1.000000,0.000001,0.000002,0.000000,-0.000001,-1.000000,-0.000000,0.000000,0.000000,0.000000,0.000000,1.000000;;
   }

   Frame Bip01_Spine {
    

    FrameTransformMatrix {
     1.000000,-0.001017,0.000001,0.000000,0.001017,1.000000,0.000004,0.000000,-0.000001,-0.000004,1.000000,0.000000,3.648823,0.087649,0.000006,1.000000;;
    }

    Frame Bip01_Spine1 {
     

     FrameTransformMatrix {
      0.993339,0.115232,-0.000000,0.000000,-0.115232,0.993339,0.000000,0.000000,0.000000,-0.000000,1.000000,0.000000,8.606418,0.007722,-0.000000,1.000000;;
     }

     Frame Bip01_Spine2 {
      

      FrameTransformMatrix {
       0.993176,0.116629,-0.000000,0.000000,-0.116629,0.993176,0.000000,0.000000,0.000000,-0.000000,1.000000,0.000000,9.761890,0.009831,-0.000000,1.000000;;
      }

      Frame Bip01_Neck {
       

       FrameTransformMatrix {
        0.967538,-0.252726,0.000001,0.000000,0.252726,0.967538,0.000000,0.000000,-0.000001,0.000000,1.000000,0.000000,12.207950,-0.363332,0.000003,1.000000;;
       }

       Frame Bip01_Head {
        

        FrameTransformMatrix {
         0.995689,0.092758,-0.000000,0.000000,-0.092758,0.995689,0.000000,0.000000,0.000000,-0.000000,1.000000,0.000000,3.164169,0.777051,-0.000001,1.000000;;
        }

        Frame Bip01_HeadNub {
         

         FrameTransformMatrix {
          1.000000,0.000000,-0.000000,0.000000,-0.000000,1.000000,0.000000,0.000000,0.000000,-0.000000,1.000000,0.000000,54.433952,-0.000000,-0.000002,1.000000;;
         }
        }
       }

       Frame Bip01_L_Clavicle {
        

        FrameTransformMatrix {
         -0.352693,0.012017,0.935662,0.000000,0.252031,-0.961746,0.107353,0.000000,0.901160,0.273679,0.336172,0.000000,-2.653061,0.600208,3.128578,1.000000;;
        }

        Frame Bip01_L_UpperArm {
         

         FrameTransformMatrix {
          0.866962,-0.069581,-0.493494,0.000000,-0.053550,0.971468,-0.231048,0.000000,0.495490,0.226737,0.838499,0.000000,7.154707,-0.000002,-0.000015,1.000000;;
         }

         Frame Bip01_L_Forearm {
          

          FrameTransformMatrix {
           1.000000,0.001452,-0.000000,0.000000,-0.001452,1.000000,-0.000000,0.000000,0.000000,0.000000,1.000000,0.000000,16.099011,0.000001,0.000000,1.000000;;
          }

          Frame Bip01_L_Hand {
           

           FrameTransformMatrix {
            0.999148,-0.032013,0.026073,0.000000,-0.027134,-0.033162,0.999082,0.000000,-0.031119,-0.998937,-0.034003,0.000000,12.943913,0.000000,-0.000008,1.000000;;
           }

           Frame Weapon_Hand_L_Point {
            

            FrameTransformMatrix {
             0.031765,-0.100532,0.994427,0.000000,0.997954,-0.052045,-0.037139,0.000000,0.055489,0.993572,0.098673,0.000000,11.053602,-2.077038,-0.434263,1.000000;;
            }
           }
          }
         }
        }
       }

       Frame Bip01_R_Clavicle {
        

        FrameTransformMatrix {
         -0.352692,0.012011,-0.935662,0.000000,0.252031,-0.961747,-0.107348,0.000000,-0.901160,-0.273677,0.336174,0.000000,-2.653076,0.600190,-3.128585,1.000000;;
        }

        Frame Bip01_R_UpperArm {
         

         FrameTransformMatrix {
          0.866962,-0.069581,0.493494,0.000000,-0.053550,0.971467,0.231048,0.000000,-0.495490,-0.226737,0.838499,0.000000,7.154714,0.000002,-0.000023,1.000000;;
         }

         Frame Bip01_R_Forearm {
          

          FrameTransformMatrix {
           0.999999,0.001452,0.000000,0.000000,-0.001452,0.999999,0.000000,0.000000,-0.000000,-0.000000,1.000000,0.000000,16.098984,0.000001,-0.000008,1.000000;;
          }

          Frame Bip01_R_Hand {
           

           FrameTransformMatrix {
            0.999147,-0.032013,-0.026073,0.000000,-0.027134,-0.033162,-0.999082,0.000000,0.031119,0.998937,-0.034003,0.000000,12.943905,0.000000,-0.000011,1.000000;;
           }

           Frame Weapon_Hand_R_Point {
            

            FrameTransformMatrix {
             -0.066572,0.102286,0.992525,0.000000,0.996237,-0.048502,0.071820,0.000000,0.055485,0.993572,-0.098672,0.000000,11.053572,-2.077042,0.434245,1.000000;;
            }
           }
          }
         }
        }
       }
      }
     }

     Frame Weapon_Back_R_Point {
      

      FrameTransformMatrix {
       -0.126066,-0.986694,0.102681,0.000000,-0.473971,0.150837,0.867525,0.000000,-0.871469,0.060697,-0.486680,0.000000,22.106290,8.777386,-28.850074,1.000000;;
      }
     }

     Frame Weapon_Back_B_Point {
      

      FrameTransformMatrix {
       -0.020807,-0.996061,0.086193,0.000000,0.646766,0.052332,0.760891,0.000000,-0.762405,0.071578,0.643130,0.000000,6.591148,15.335430,3.548435,1.000000;;
      }
     }
    }
   }

   Frame Bip01_L_Thigh {
    

    FrameTransformMatrix {
     -0.996421,0.067699,0.050614,0.000000,0.067412,0.997698,-0.007358,0.000000,-0.050996,-0.003919,-0.998691,0.000000,-0.000008,-0.000012,7.749224,1.000000;;
    }

    Frame Bip01_L_Calf {
     

     FrameTransformMatrix {
      0.999627,0.027315,-0.000000,0.000000,-0.027315,0.999627,-0.000000,0.000000,0.000000,0.000000,1.000000,0.000000,20.567830,0.000000,-0.000002,1.000000;;
     }

     Frame Bip01_L_Foot {
      

      FrameTransformMatrix {
       0.985297,-0.163264,0.050339,0.000000,0.162268,0.986472,0.023295,0.000000,-0.053461,-0.014784,0.998461,0.000000,13.299988,0.000000,0.000000,1.000000;;
      }
     }

     Frame L_Calf_Point01 {
      

      FrameTransformMatrix {
       0.985105,-0.164333,0.050615,0.000000,0.163331,0.986294,0.023365,0.000000,-0.053761,-0.014750,0.998445,0.000000,12.278652,-0.074270,-1.656629,1.000000;;
      }
     }
    }
   }

   Frame Bip01_R_Thigh {
    

    FrameTransformMatrix {
     -0.996421,0.067700,-0.050617,0.000000,0.067413,0.997698,0.007361,0.000000,0.050999,0.003922,-0.998691,0.000000,0.000011,0.000009,-7.749224,1.000000;;
    }

    Frame Bip01_R_Calf {
     

     FrameTransformMatrix {
      0.999627,0.027315,-0.000000,0.000000,-0.027315,0.999627,-0.000000,0.000000,0.000000,0.000000,1.000000,0.000000,20.567816,0.000001,0.000000,1.000000;;
     }

     Frame Bip01_R_Foot {
      

      FrameTransformMatrix {
       0.985297,-0.163264,-0.050339,0.000000,0.162268,0.986472,-0.023295,0.000000,0.053461,0.014784,0.998460,0.000000,13.299987,-0.000000,-0.000000,1.000000;;
      }
     }

     Frame R_Calf_Point01 {
      

      FrameTransformMatrix {
       0.985277,-0.163296,-0.050628,0.000000,0.162299,0.986468,-0.023257,0.000000,0.053740,0.014697,0.998447,0.000000,12.277329,-0.074043,1.630355,1.000000;;
      }
     }
    }
   }

   Frame Weapon_Side_R_Point {
    

    FrameTransformMatrix {
     0.375118,-0.025884,-0.926616,0.000000,-0.398265,0.898149,-0.186316,0.000000,0.837061,0.438930,0.326603,0.000000,4.754982,-9.728015,-14.996738,1.000000;;
    }
   }

   Frame Weapon_Side_L_Point {
    

    FrameTransformMatrix {
     -0.396964,0.013947,-0.917729,0.000000,-0.396286,0.899279,0.185080,0.000000,0.827876,0.437153,-0.351454,0.000000,4.843651,-9.796760,15.171019,1.000000;;
    }
   }
  }

  Frame EFF_Lock_D {
   

   FrameTransformMatrix {
    0.997581,0.000000,0.069521,0.000000,-0.000000,1.000000,0.000000,0.000000,-0.069521,-0.000000,0.997581,0.000000,1.485518,0.000002,-43.146877,1.000000;;
   }
  }

  Frame Move_Link_D {
   

   FrameTransformMatrix {
    0.997564,-0.000000,0.069757,0.000000,0.000000,1.000000,-0.000000,0.000000,-0.069757,0.000000,0.997564,0.000000,0.598069,0.000001,-8.552654,1.000000;;
   }

   Frame EFF_Move_D {
    

    FrameTransformMatrix {
     1.000000,0.000001,-0.000000,0.000000,-0.000001,1.000000,0.000000,0.000000,0.000000,-0.000000,1.000000,0.000000,-1.706174,0.013154,-34.571846,1.000000;;
    }
   }
  }

  Frame SATA9NI_Bone01 {
   

   FrameTransformMatrix {
    0.043110,-0.000337,-0.999071,0.000000,0.999071,-0.000001,0.043110,0.000000,-0.000016,-1.000000,0.000337,0.000000,-1.034301,0.013151,-0.145493,1.000000;;
   }
  }

  Frame SATA9NI_Lock_Dummy01 {
   

   FrameTransformMatrix {
    0.000002,-1.000000,0.000000,0.000000,0.997564,0.000002,0.069757,0.000000,-0.069757,-0.000000,0.997564,0.000000,1.485518,0.000002,-43.146877,1.000000;;
   }
  }

  Frame SATA9NI_Link_Point02 {
   

   FrameTransformMatrix {
    -0.997564,-0.000001,-0.069757,0.000000,0.069757,0.000000,-0.997564,0.000000,0.000001,-1.000000,-0.000000,0.000000,0.647019,0.000002,-39.109939,1.000000;;
   }
  }
 }

 Frame PA {
  

  FrameTransformMatrix {
   1.000000,0.000000,0.000000,0.000000,0.000000,1.000000,0.000000,0.000000,0.000000,0.000000,1.000000,0.000000,0.000008,0.000000,0.000000,1.000000;;
  }
 }

 Frame PA_Skin {
  

  FrameTransformMatrix {
   1.000000,0.000000,0.000000,0.000000,0.000000,1.000000,0.000000,0.000000,0.000000,0.000000,1.000000,0.000000,0.000000,0.000000,0.000000,1.000000;;
  }
 }
}

Frame PA_ {
 

 FrameTransformMatrix {
  0.393701,0.000000,0.000000,0.000000,0.000000,-0.000000,-0.393701,0.000000,0.000000,0.393701,-0.000000,0.000000,0.000000,0.000000,0.000000,1.000000;;
 }

 Mesh PA_ {
  497;
  -17.301245;-2.742151;36.501760;,
  -16.294222;-2.285180;37.355680;,
  -17.192110;-2.329420;37.471427;,
  -16.962339;-1.883524;38.778029;,
  -16.479549;-2.761412;36.353574;,
  -16.115581;-1.882444;38.681651;,
  -16.442728;-2.556574;35.941894;,
  -16.363102;-1.688786;40.906349;,
  -17.463838;-2.520337;36.029786;,
  -15.657038;-1.667200;40.849280;,
  -17.045266;-2.348239;35.773152;,
  -16.832413;0.546455;42.273328;,
  -17.139816;0.089057;35.998749;,
  -16.168533;0.553414;42.274262;,
  -17.899499;0.108614;35.825674;,
  -16.548336;2.618575;40.628339;,
  -15.741438;2.613672;40.605392;,
  -17.121773;2.644643;38.503520;,
  -16.135811;2.706918;38.354323;,
  -17.319258;2.733823;37.417622;,
  -16.405467;2.773953;37.308707;,
  -17.389606;3.131909;36.244630;,
  -16.500190;3.120612;36.116666;,
  -16.492904;2.968190;35.731229;,
  -17.600574;2.852176;35.854893;,
  -17.210394;2.711647;35.561277;,
  -0.398410;1.321830;35.349635;,
  -1.046312;-3.590786;36.979610;,
  -0.937257;-3.890808;35.631571;,
  -0.521939;1.275388;36.855850;,
  0.398424;1.321830;35.349638;,
  1.046327;-3.590786;36.979613;,
  0.521954;1.275388;36.855853;,
  0.937272;-3.890809;35.631571;,
  3.948577;-7.142911;37.381456;,
  3.998445;-7.282254;36.023971;,
  8.779306;-8.044390;38.041370;,
  8.873684;-8.328828;36.640358;,
  14.566870;-6.472687;39.148419;,
  14.951178;-6.833298;37.648483;,
  17.200490;0.140232;37.928256;,
  16.887662;0.261425;39.364608;,
  0.521954;1.275388;36.855853;,
  1.895248;5.836218;35.174394;,
  0.398424;1.321830;35.349638;,
  1.912641;5.989428;36.583558;,
  5.398967;9.025613;35.350755;,
  5.192464;8.832281;36.824944;,
  10.212715;9.067575;37.611840;,
  10.528582;9.152926;36.020810;,
  15.226574;6.067127;38.826538;,
  15.602181;6.091920;37.322211;,
  16.887662;0.261425;39.364608;,
  17.200490;0.140232;37.928256;,
  -16.887646;0.261426;39.364602;,
  -15.602162;6.091920;37.322202;,
  -17.200472;0.140233;37.928250;,
  -15.226558;6.067127;38.826531;,
  -10.528567;9.152926;36.020806;,
  -10.212700;9.067577;37.611830;,
  -5.398952;9.025614;35.350749;,
  -5.192449;8.832282;36.824941;,
  -1.912627;5.989428;36.583552;,
  -1.895233;5.836219;35.174390;,
  -0.521939;1.275388;36.855850;,
  -0.398410;1.321830;35.349635;,
  -17.441358;0.011146;36.372461;,
  -15.833112;5.746952;35.405050;,
  -17.159147;-0.014285;35.874845;,
  -15.985067;5.970765;35.756522;,
  -10.782806;8.962057;34.192208;,
  -17.200472;0.140233;37.928250;,
  -17.441358;0.011146;36.372461;,
  -15.602162;6.091920;37.322202;,
  -10.809589;9.273061;34.487680;,
  -10.528567;9.152926;36.020806;,
  -5.630766;9.225377;33.875859;,
  -5.814080;8.917988;33.719536;,
  -5.398952;9.025614;35.350749;,
  -2.218722;5.500751;33.617341;,
  -1.878479;5.646399;33.834000;,
  -1.895233;5.836219;35.174390;,
  -0.576888;1.150551;33.874698;,
  -0.398410;1.321830;35.349635;,
  -0.327017;1.209675;34.123523;,
  -3.948562;-7.142910;37.381450;,
  -0.937257;-3.890808;35.631571;,
  -1.046312;-3.590786;36.979610;,
  -3.998430;-7.282253;36.023968;,
  -8.779290;-8.044390;38.041370;,
  -8.873668;-8.328828;36.640358;,
  -14.566851;-6.472686;39.148410;,
  -14.951160;-6.833298;37.648477;,
  -17.200472;0.140233;37.928250;,
  -16.887646;0.261426;39.364602;,
  15.833130;5.746950;35.405056;,
  17.441376;0.011145;36.372467;,
  17.159165;-0.014286;35.874851;,
  15.985083;5.970764;35.756531;,
  10.782822;8.962056;34.192211;,
  17.200490;0.140232;37.928256;,
  17.441376;0.011145;36.372467;,
  15.602181;6.091920;37.322211;,
  10.809604;9.273060;34.487683;,
  10.528582;9.152926;36.020810;,
  5.630782;9.225376;33.875862;,
  5.814095;8.917987;33.719539;,
  5.398967;9.025613;35.350755;,
  2.218736;5.500750;33.617344;,
  1.878494;5.646398;33.834003;,
  1.895248;5.836218;35.174394;,
  0.576903;1.150550;33.874704;,
  0.398424;1.321830;35.349638;,
  0.327032;1.209675;34.123526;,
  -17.463838;-2.520337;36.029786;,
  -17.899499;0.108614;35.825674;,
  -17.045266;-2.348239;35.773152;,
  -18.468402;0.111504;36.087485;,
  -17.600574;2.852176;35.854893;,
  -17.210394;2.711647;35.561277;,
  17.899517;0.108613;35.825680;,
  17.463856;-2.520338;36.029792;,
  17.045282;-2.348241;35.773158;,
  18.468418;0.111503;36.087494;,
  17.600592;2.852174;35.854899;,
  17.210411;2.711645;35.561283;,
  -17.441358;0.011146;36.372461;,
  -14.951160;-6.833298;37.648477;,
  -17.200472;0.140233;37.928250;,
  -15.282130;-7.157850;36.255731;,
  -17.159147;-0.014285;35.874845;,
  -17.441358;0.011146;36.372461;,
  -15.281768;-7.054813;35.937546;,
  -8.983697;-8.640371;35.420803;,
  -9.019215;-8.491514;35.114870;,
  -8.873668;-8.328828;36.640358;,
  -4.150318;-7.282650;34.656666;,
  -4.072304;-7.442378;34.932218;,
  -3.998430;-7.282253;36.023968;,
  -1.049956;-4.084797;34.234397;,
  -0.854808;-4.132115;34.480266;,
  -0.937257;-3.890808;35.631571;,
  -0.327017;1.209675;34.123523;,
  -0.576888;1.150551;33.874698;,
  -0.398410;1.321830;35.349635;,
  14.951178;-6.833298;37.648483;,
  17.441376;0.011145;36.372467;,
  17.200490;0.140232;37.928256;,
  15.282149;-7.157852;36.255734;,
  17.159165;-0.014286;35.874851;,
  17.441376;0.011145;36.372467;,
  15.281786;-7.054814;35.937549;,
  8.983713;-8.640372;35.420806;,
  9.019232;-8.491514;35.114877;,
  8.873684;-8.328828;36.640358;,
  4.150334;-7.282650;34.656669;,
  4.072320;-7.442379;34.932221;,
  3.998445;-7.282254;36.023971;,
  1.049971;-4.084798;34.234403;,
  0.854822;-4.132115;34.480269;,
  0.937272;-3.890809;35.631571;,
  0.327032;1.209675;34.123526;,
  0.576903;1.150550;33.874704;,
  0.398424;1.321830;35.349638;,
  -16.206886;0.547333;42.286781;,
  -15.226558;6.067127;38.826531;,
  -16.887646;0.261426;39.364602;,
  -14.561622;6.052652;41.406243;,
  -10.212700;9.067577;37.611830;,
  -15.379030;0.682448;45.425248;,
  -9.806338;8.918049;39.497872;,
  -5.192449;8.832282;36.824941;,
  -13.464019;5.844703;44.699981;,
  -12.335412;5.752277;47.472531;,
  -14.426098;0.831605;48.118707;,
  -13.539770;0.910851;48.576557;,
  -11.848951;5.582594;47.797123;,
  -11.864367;1.107547;52.112931;,
  -10.058919;5.964163;51.460080;,
  -11.627918;1.239878;52.076234;,
  -9.921476;5.834719;51.472998;,
  -7.235216;7.162511;51.009322;,
  -8.209934;8.182386;47.064957;,
  -7.391869;7.369786;51.014979;,
  -4.968673;8.566557;50.527290;,
  -4.847292;8.339822;50.597510;,
  0.000007;9.452685;50.186557;,
  -8.265370;8.220794;46.737021;,
  -4.326693;9.103372;46.628451;,
  0.000007;9.649639;50.078397;,
  -4.314250;9.281987;46.337731;,
  4.968688;8.566557;50.527290;,
  4.847307;8.339822;50.597510;,
  7.235231;7.162511;51.009322;,
  0.000007;9.705825;46.390387;,
  4.326708;9.103372;46.628451;,
  7.391883;7.369786;51.014979;,
  8.209950;8.182386;47.064957;,
  10.058932;5.964163;51.460080;,
  9.921490;5.834719;51.472998;,
  11.627933;1.239877;52.076234;,
  11.864382;1.107547;52.112931;,
  11.848966;5.582593;47.797123;,
  13.539786;0.910851;48.576557;,
  12.335427;5.752276;47.472531;,
  14.426114;0.831604;48.118710;,
  15.379046;0.682447;45.425251;,
  8.265386;8.220794;46.737021;,
  13.464037;5.844702;44.699981;,
  4.314264;9.281987;46.337731;,
  8.841990;8.620282;43.326256;,
  0.000007;9.832135;46.069245;,
  3.783552;9.332413;43.169952;,
  -3.783537;9.332413;43.169952;,
  0.000008;9.784483;42.974429;,
  -8.841974;8.620282;43.326256;,
  -4.973188;8.654328;38.087910;,
  -3.114149;8.476854;40.303837;,
  -1.979950;6.016266;37.439299;,
  -1.912627;5.989428;36.583552;,
  -0.653103;1.124454;37.965520;,
  -0.521939;1.275388;36.855850;,
  -1.529694;4.948740;38.491446;,
  0.000008;5.201222;38.626317;,
  0.000008;1.125281;38.087306;,
  0.653118;1.124454;37.965523;,
  1.912641;5.989428;36.583558;,
  0.521954;1.275388;36.855853;,
  1.979965;6.016266;37.439299;,
  5.192464;8.832281;36.824944;,
  1.529709;4.948740;38.491446;,
  4.973202;8.654327;38.087914;,
  3.114164;8.476854;40.303837;,
  9.806354;8.918049;39.497878;,
  10.212715;9.067575;37.611840;,
  14.561638;6.052652;41.406250;,
  15.226574;6.067127;38.826538;,
  16.206901;0.547332;42.286790;,
  16.887662;0.261425;39.364608;,
  0.000008;9.109811;40.293293;,
  0.000008;9.753710;42.851658;,
  0.000007;9.452685;50.186557;,
  -4.847292;8.339822;50.597510;,
  0.000007;1.036138;51.750342;,
  4.847307;8.339822;50.597510;,
  -7.235216;7.162511;51.009322;,
  0.000007;1.036138;51.750342;,
  7.235231;7.162511;51.009322;,
  -9.921476;5.834719;51.472998;,
  9.921490;5.834719;51.472998;,
  -11.627918;1.239878;52.076234;,
  11.627933;1.239877;52.076234;,
  -10.269229;-2.393769;52.330390;,
  0.000007;1.036138;51.750342;,
  10.269243;-2.393769;52.330390;,
  -6.968719;-4.174090;52.417344;,
  6.968734;-4.174090;52.417344;,
  -3.702324;-4.934044;52.451334;,
  0.000007;1.036138;51.750342;,
  3.702339;-4.934044;52.451334;,
  0.000007;-5.099363;52.436166;,
  -0.653103;1.124454;37.965520;,
  -1.046312;-3.590786;36.979610;,
  -0.521939;1.275388;36.855850;,
  -1.163445;-3.343973;38.098896;,
  0.000008;-3.370378;38.546870;,
  0.000008;1.125281;38.087306;,
  0.653118;1.124454;37.965523;,
  1.046327;-3.590786;36.979613;,
  0.521954;1.275388;36.855853;,
  1.163460;-3.343973;38.098896;,
  0.000008;-5.737058;39.904758;,
  3.960387;-7.151807;38.593933;,
  3.948577;-7.142911;37.381456;,
  8.779306;-8.044390;38.041370;,
  1.631943;-6.917922;40.263782;,
  8.627486;-7.907786;39.056234;,
  14.566870;-6.472687;39.148419;,
  5.283951;-7.756074;40.357296;,
  14.063664;-6.051572;41.216874;,
  16.887662;0.261425;39.364608;,
  16.206901;0.547332;42.286790;,
  9.317650;-7.622376;41.109642;,
  13.478848;-5.509813;43.298416;,
  15.379046;0.682447;45.425251;,
  12.539619;-4.555763;46.452128;,
  14.426114;0.831604;48.118710;,
  9.381013;-7.279850;43.520973;,
  5.820356;-7.884053;43.519501;,
  9.083266;-6.404485;46.524192;,
  2.269217;-7.762764;43.210013;,
  6.021871;-7.143882;46.549242;,
  2.957073;-7.211570;46.347843;,
  7.544259;-5.463284;49.069510;,
  3.577114;-6.312805;49.213158;,
  0.000008;-7.098589;46.035539;,
  0.000008;-7.385883;43.097731;,
  0.000008;-6.547574;40.349088;,
  -1.631927;-6.917922;40.263782;,
  -2.269201;-7.762765;43.210013;,
  -3.960372;-7.151807;38.593930;,
  -3.948562;-7.142910;37.381450;,
  -8.779290;-8.044390;38.041370;,
  -5.283935;-7.756074;40.357296;,
  -8.627469;-7.907786;39.056227;,
  -14.566851;-6.472686;39.148410;,
  -14.063646;-6.051571;41.216864;,
  -16.887646;0.261426;39.364602;,
  -16.206886;0.547333;42.286781;,
  -9.317632;-7.622375;41.109642;,
  -13.478832;-5.509813;43.298416;,
  -15.379030;0.682448;45.425248;,
  -5.820340;-7.884054;43.519498;,
  -9.380997;-7.279850;43.520970;,
  -12.539605;-4.555762;46.452122;,
  -14.426098;0.831605;48.118707;,
  -9.083250;-6.404484;46.524192;,
  -12.052886;-3.709123;48.894970;,
  -6.021855;-7.143882;46.549242;,
  -7.544245;-5.463284;49.069510;,
  -2.957058;-7.211570;46.347843;,
  -3.577099;-6.312805;49.213158;,
  0.000007;-6.153211;49.162470;,
  0.000007;-5.939456;49.253632;,
  -3.617814;-6.082255;49.345725;,
  -7.544331;-5.342710;49.302067;,
  0.000007;-5.463937;52.276454;,
  -11.650406;-3.281207;49.098109;,
  -13.539770;0.910851;48.576557;,
  -11.864367;1.107547;52.112931;,
  -10.544633;-2.639632;52.335674;,
  -11.627918;1.239878;52.076234;,
  -10.269229;-2.393769;52.330390;,
  -7.126745;-4.504198;52.401222;,
  -6.968719;-4.174090;52.417344;,
  -3.704692;-5.303203;52.382355;,
  -3.702324;-4.934044;52.451334;,
  0.000007;-5.099363;52.436166;,
  3.704707;-5.303203;52.382355;,
  3.702339;-4.934044;52.451334;,
  6.968734;-4.174090;52.417344;,
  3.617829;-6.082254;49.345725;,
  7.126760;-4.504198;52.401222;,
  10.269243;-2.393769;52.330390;,
  7.544346;-5.342711;49.302067;,
  10.544648;-2.639632;52.335674;,
  11.627933;1.239877;52.076234;,
  11.864382;1.107547;52.112931;,
  11.650421;-3.281207;49.098109;,
  13.539786;0.910851;48.576557;,
  12.052902;-3.709123;48.894970;,
  17.600592;2.852174;35.854899;,
  17.210411;2.711645;35.561283;,
  16.492922;2.968189;35.731235;,
  17.899517;0.108613;35.825680;,
  17.389624;3.131908;36.244637;,
  17.139834;0.089055;35.998755;,
  16.500208;3.120611;36.116672;,
  17.045282;-2.348241;35.773158;,
  16.405485;2.773952;37.308717;,
  16.442746;-2.556575;35.941901;,
  17.319275;2.733821;37.417629;,
  17.463856;-2.520338;36.029792;,
  16.135829;2.706917;38.354333;,
  17.301262;-2.742152;36.501766;,
  17.121789;2.644641;38.503523;,
  16.479566;-2.761413;36.353581;,
  15.741454;2.613671;40.605402;,
  16.294238;-2.285181;37.355686;,
  16.548354;2.618574;40.628339;,
  17.192128;-2.329421;37.471437;,
  16.168549;0.553413;42.274269;,
  16.962357;-1.883525;38.778038;,
  16.832427;0.546454;42.273331;,
  16.115598;-1.882445;38.681661;,
  15.657054;-1.667201;40.849290;,
  16.363118;-1.688787;40.906358;,
  -17.971277;1.328420;37.092816;,
  -17.389606;3.131909;36.244630;,
  -17.600574;2.852176;35.854893;,
  -17.319258;2.733823;37.417622;,
  -18.468402;0.111504;36.087485;,
  -17.537571;2.011012;37.618122;,
  -18.372744;0.184648;36.984106;,
  -17.121773;2.644643;38.503520;,
  -17.961058;-0.708622;37.204650;,
  -17.229955;2.314546;38.521366;,
  -17.463838;-2.520337;36.029786;,
  -17.045626;2.090453;39.479830;,
  -17.301245;-2.742151;36.501760;,
  -16.548336;2.618575;40.628339;,
  -17.192110;-2.329420;37.471427;,
  -17.104619;1.506899;40.257370;,
  -17.469302;-1.363443;37.874938;,
  -16.832413;0.546455;42.273328;,
  -17.119805;-1.530261;38.778186;,
  -17.345915;0.461742;40.678298;,
  -16.962339;-1.883524;38.778029;,
  -17.093994;-0.513660;40.382842;,
  -16.971147;-1.209040;39.705472;,
  -16.363102;-1.688786;40.906349;,
  17.389624;3.131908;36.244637;,
  17.971294;1.328419;37.092822;,
  17.600592;2.852174;35.854899;,
  17.319275;2.733821;37.417629;,
  18.468418;0.111503;36.087494;,
  17.537589;2.011010;37.618131;,
  18.372760;0.184646;36.984112;,
  17.121789;2.644641;38.503523;,
  17.229973;2.314545;38.521370;,
  17.045643;2.090452;39.479830;,
  16.548354;2.618574;40.628339;,
  17.104637;1.506898;40.257370;,
  16.832427;0.546454;42.273331;,
  17.345933;0.461741;40.678304;,
  17.094011;-0.513661;40.382851;,
  16.363118;-1.688787;40.906358;,
  16.971165;-1.209041;39.705478;,
  16.962357;-1.883525;38.778038;,
  17.119821;-1.530262;38.778192;,
  17.192128;-2.329421;37.471437;,
  17.469320;-1.363445;37.874947;,
  17.961075;-0.708623;37.204659;,
  17.301262;-2.742152;36.501766;,
  17.463856;-2.520338;36.029792;,
  -17.159147;-0.014285;35.874845;,
  -8.584018;-0.164534;36.651712;,
  -15.281768;-7.054813;35.937546;,
  -15.833112;5.746952;35.405050;,
  -9.019215;-8.491514;35.114870;,
  -10.782806;8.962057;34.192208;,
  -4.150318;-7.282650;34.656666;,
  -5.814080;8.917988;33.719536;,
  -1.049956;-4.084797;34.234397;,
  -2.218722;5.500751;33.617341;,
  -0.576888;1.150551;33.874698;,
  17.159165;-0.014286;35.874851;,
  15.281786;-7.054814;35.937549;,
  8.584033;-0.164535;36.651715;,
  9.019232;-8.491514;35.114877;,
  15.833130;5.746950;35.405056;,
  4.150334;-7.282650;34.656669;,
  10.782822;8.962056;34.192211;,
  1.049971;-4.084798;34.234403;,
  5.814095;8.917987;33.719539;,
  0.576903;1.150550;33.874704;,
  2.218736;5.500750;33.617344;,
  17.345933;0.461741;40.678304;,
  17.776901;1.391884;40.246522;,
  17.104637;1.506898;40.257370;,
  17.946736;0.483758;40.594390;,
  17.094011;-0.513661;40.382851;,
  17.796606;1.948566;39.582109;,
  17.045643;2.090452;39.479830;,
  18.634384;0.411816;39.132624;,
  17.933597;2.055895;38.760352;,
  17.229973;2.314545;38.521370;,
  18.218248;1.860426;38.001072;,
  17.537589;2.011010;37.618131;,
  18.566893;1.195153;37.509766;,
  17.971294;1.328419;37.092822;,
  18.868664;0.282545;37.391069;,
  18.372760;0.184646;36.984112;,
  18.522547;-0.579140;37.617546;,
  17.961075;-0.708623;37.204659;,
  18.192920;-1.191648;38.205536;,
  17.469320;-1.363445;37.874947;,
  17.950024;-1.311300;39.004691;,
  17.119821;-1.530262;38.778192;,
  17.850306;-1.081487;39.801686;,
  16.971165;-1.209041;39.705478;,
  17.904074;-0.404176;40.388899;,
  -17.776882;1.391886;40.246518;,
  -17.345915;0.461742;40.678298;,
  -17.104619;1.506899;40.257370;,
  -17.946720;0.483759;40.594384;,
  -17.093994;-0.513660;40.382842;,
  -17.796589;1.948567;39.582099;,
  -17.045626;2.090453;39.479830;,
  -17.904056;-0.404175;40.388893;,
  -16.971147;-1.209040;39.705472;,
  -18.634366;0.411817;39.132618;,
  -17.850288;-1.081486;39.801677;,
  -17.119805;-1.530261;38.778186;,
  -17.950005;-1.311299;39.004685;,
  -17.469302;-1.363443;37.874938;,
  -18.192904;-1.191647;38.205530;,
  -17.961058;-0.708622;37.204650;,
  -18.522530;-0.579139;37.617539;,
  -18.372744;0.184648;36.984106;,
  -18.868646;0.282546;37.391059;,
  -17.971277;1.328420;37.092816;,
  -18.566875;1.195154;37.509757;,
  -17.537571;2.011012;37.618122;,
  -18.218232;1.860427;38.001072;,
  -17.229955;2.314546;38.521366;,
  -17.933579;2.055896;38.760346;;
  597;
  3;0,1,2;,
  3;1,3,2;,
  3;1,0,4;,
  3;3,1,5;,
  3;0,6,4;,
  3;5,7,3;,
  3;6,0,8;,
  3;7,5,9;,
  3;8,10,6;,
  3;9,11,7;,
  3;10,12,6;,
  3;11,9,13;,
  3;12,10,14;,
  3;13,15,11;,
  3;15,13,16;,
  3;16,17,15;,
  3;17,16,18;,
  3;18,19,17;,
  3;19,18,20;,
  3;20,21,19;,
  3;21,20,22;,
  3;23,21,22;,
  3;21,23,24;,
  3;24,23,25;,
  3;23,14,25;,
  3;14,23,12;,
  3;26,27,28;,
  3;27,26,29;,
  3;30,31,32;,
  3;31,30,33;,
  3;33,34,31;,
  3;34,33,35;,
  3;35,36,34;,
  3;36,35,37;,
  3;37,38,36;,
  3;38,37,39;,
  3;40,38,39;,
  3;38,40,41;,
  3;42,43,44;,
  3;43,42,45;,
  3;45,46,43;,
  3;46,45,47;,
  3;48,46,47;,
  3;46,48,49;,
  3;50,49,48;,
  3;49,50,51;,
  3;52,51,50;,
  3;51,52,53;,
  3;54,55,56;,
  3;55,54,57;,
  3;57,58,55;,
  3;58,57,59;,
  3;59,60,58;,
  3;60,59,61;,
  3;62,60,61;,
  3;60,62,63;,
  3;64,63,62;,
  3;63,64,65;,
  3;66,67,68;,
  3;67,66,69;,
  3;69,70,67;,
  3;71,69,72;,
  3;69,71,73;,
  3;73,74,69;,
  3;70,69,74;,
  3;74,73,75;,
  3;76,70,74;,
  3;75,76,74;,
  3;70,76,77;,
  3;76,75,78;,
  3;76,79,77;,
  3;78,80,76;,
  3;79,76,80;,
  3;80,78,81;,
  3;80,82,79;,
  3;83,80,81;,
  3;82,80,84;,
  3;80,83,84;,
  3;85,86,87;,
  3;86,85,88;,
  3;89,88,85;,
  3;88,89,90;,
  3;91,90,89;,
  3;90,91,92;,
  3;91,93,92;,
  3;93,91,94;,
  3;95,96,97;,
  3;96,95,98;,
  3;99,98,95;,
  3;98,100,101;,
  3;100,98,102;,
  3;103,102,98;,
  3;98,99,103;,
  3;102,103,104;,
  3;99,105,103;,
  3;105,104,103;,
  3;105,99,106;,
  3;104,105,107;,
  3;108,105,106;,
  3;109,107,105;,
  3;105,108,109;,
  3;107,109,110;,
  3;111,109,108;,
  3;109,112,110;,
  3;109,111,113;,
  3;112,109,113;,
  3;114,115,116;,
  3;115,114,117;,
  3;118,115,117;,
  3;115,118,119;,
  3;120,121,122;,
  3;121,120,123;,
  3;120,124,123;,
  3;124,120,125;,
  3;126,127,128;,
  3;127,126,129;,
  3;130,129,131;,
  3;129,130,132;,
  3;133,127,129;,
  3;132,133,129;,
  3;133,132,134;,
  3;127,133,135;,
  3;136,133,134;,
  3;137,135,133;,
  3;133,136,137;,
  3;135,137,138;,
  3;139,137,136;,
  3;140,138,137;,
  3;137,139,140;,
  3;138,140,141;,
  3;139,142,140;,
  3;142,141,140;,
  3;142,139,143;,
  3;141,142,144;,
  3;145,146,147;,
  3;146,145,148;,
  3;148,149,150;,
  3;149,148,151;,
  3;145,152,148;,
  3;152,151,148;,
  3;151,152,153;,
  3;152,145,154;,
  3;152,155,153;,
  3;154,156,152;,
  3;155,152,156;,
  3;156,154,157;,
  3;156,158,155;,
  3;157,159,156;,
  3;158,156,159;,
  3;159,157,160;,
  3;161,158,159;,
  3;160,161,159;,
  3;158,161,162;,
  3;161,160,163;,
  3;164,165,166;,
  3;165,164,167;,
  3;167,168,165;,
  3;169,167,164;,
  3;168,167,170;,
  3;170,171,168;,
  3;167,169,172;,
  3;172,170,167;,
  3;169,173,172;,
  3;173,169,174;,
  3;175,173,174;,
  3;173,175,176;,
  3;177,176,175;,
  3;176,177,178;,
  3;179,178,177;,
  3;178,179,180;,
  3;181,178,180;,
  3;176,178,182;,
  3;182,173,176;,
  3;178,181,183;,
  3;182,178,183;,
  3;181,184,183;,
  3;182,183,184;,
  3;184,181,185;,
  3;186,184,185;,
  3;173,182,187;,
  3;187,172,173;,
  3;188,182,184;,
  3;188,187,182;,
  3;189,188,184;,
  3;184,186,189;,
  3;187,188,190;,
  3;186,191,189;,
  3;191,186,192;,
  3;193,191,192;,
  3;188,189,194;,
  3;194,190,188;,
  3;195,189,191;,
  3;189,195,194;,
  3;191,193,196;,
  3;195,191,197;,
  3;197,191,196;,
  3;193,198,196;,
  3;197,196,198;,
  3;198,193,199;,
  3;200,198,199;,
  3;198,200,201;,
  3;201,202,198;,
  3;202,197,198;,
  3;202,201,203;,
  3;203,204,202;,
  3;204,197,202;,
  3;204,203,205;,
  3;206,204,205;,
  3;197,204,207;,
  3;207,195,197;,
  3;204,206,208;,
  3;208,207,204;,
  3;195,207,209;,
  3;209,194,195;,
  3;207,208,210;,
  3;210,209,207;,
  3;194,209,211;,
  3;190,194,211;,
  3;212,211,209;,
  3;209,210,212;,
  3;211,213,190;,
  3;214,211,212;,
  3;211,214,213;,
  3;215,190,213;,
  3;190,215,187;,
  3;172,187,215;,
  3;170,172,215;,
  3;170,215,216;,
  3;171,170,216;,
  3;215,213,217;,
  3;215,217,216;,
  3;213,214,217;,
  3;218,171,216;,
  3;218,216,217;,
  3;171,218,219;,
  3;219,220,221;,
  3;220,219,218;,
  3;220,218,222;,
  3;222,218,217;,
  3;223,220,222;,
  3;217,223,222;,
  3;220,223,224;,
  3;223,225,224;,
  3;225,226,227;,
  3;226,225,228;,
  3;228,229,226;,
  3;225,230,228;,
  3;225,223,230;,
  3;229,228,231;,
  3;230,232,228;,
  3;228,232,231;,
  3;223,232,230;,
  3;233,229,231;,
  3;229,233,234;,
  3;210,231,232;,
  3;233,231,210;,
  3;210,232,212;,
  3;208,233,210;,
  3;212,232,214;,
  3;233,208,235;,
  3;235,234,233;,
  3;206,235,208;,
  3;234,235,236;,
  3;235,206,237;,
  3;237,236,235;,
  3;236,237,238;,
  3;214,239,240;,
  3;214,232,239;,
  3;232,223,239;,
  3;217,214,239;,
  3;223,217,239;,
  3;241,242,243;,
  3;241,243,244;,
  3;245,246,242;,
  3;246,247,244;,
  3;246,245,248;,
  3;247,246,249;,
  3;246,248,250;,
  3;246,251,249;,
  3;250,252,253;,
  3;251,253,254;,
  3;253,252,255;,
  3;253,256,254;,
  3;255,257,258;,
  3;256,258,259;,
  3;257,260,258;,
  3;259,258,260;,
  3;261,262,263;,
  3;262,261,264;,
  3;261,265,264;,
  3;265,261,266;,
  3;267,265,266;,
  3;268,267,269;,
  3;265,267,270;,
  3;267,268,270;,
  3;265,270,271;,
  3;265,271,264;,
  3;268,272,270;,
  3;272,268,273;,
  3;274,272,273;,
  3;271,270,275;,
  3;270,272,275;,
  3;272,274,276;,
  3;277,276,274;,
  3;272,278,275;,
  3;278,272,276;,
  3;276,277,279;,
  3;280,279,277;,
  3;279,280,281;,
  3;279,282,276;,
  3;278,276,282;,
  3;281,283,279;,
  3;283,282,279;,
  3;284,283,281;,
  3;285,283,284;,
  3;286,285,284;,
  3;287,282,283;,
  3;287,283,285;,
  3;288,282,287;,
  3;282,288,278;,
  3;285,289,287;,
  3;290,278,288;,
  3;290,275,278;,
  3;287,291,288;,
  3;291,287,289;,
  3;292,288,291;,
  3;288,292,290;,
  3;293,291,289;,
  3;294,292,291;,
  3;293,294,291;,
  3;295,290,292;,
  3;294,295,292;,
  3;290,295,296;,
  3;296,275,290;,
  3;275,296,297;,
  3;271,275,297;,
  3;298,271,297;,
  3;296,298,297;,
  3;264,271,298;,
  3;298,296,299;,
  3;295,299,296;,
  3;264,298,300;,
  3;300,262,264;,
  3;262,300,301;,
  3;300,302,301;,
  3;300,298,303;,
  3;299,303,298;,
  3;302,300,304;,
  3;303,304,300;,
  3;304,305,302;,
  3;305,304,306;,
  3;307,305,306;,
  3;306,308,307;,
  3;306,304,309;,
  3;303,309,304;,
  3;308,306,310;,
  3;310,306,309;,
  3;311,308,310;,
  3;312,309,303;,
  3;299,312,303;,
  3;313,310,309;,
  3;309,312,313;,
  3;314,311,310;,
  3;313,314,310;,
  3;314,315,311;,
  3;314,313,316;,
  3;315,314,317;,
  3;317,314,316;,
  3;313,318,316;,
  3;318,313,312;,
  3;317,316,319;,
  3;319,316,318;,
  3;312,320,318;,
  3;320,312,299;,
  3;299,295,320;,
  3;321,318,320;,
  3;295,321,320;,
  3;319,318,321;,
  3;321,295,322;,
  3;295,294,322;,
  3;323,321,322;,
  3;294,323,322;,
  3;324,319,321;,
  3;321,323,324;,
  3;319,324,325;,
  3;325,317,319;,
  3;326,324,323;,
  3;317,325,327;,
  3;327,315,317;,
  3;315,327,328;,
  3;327,329,328;,
  3;329,327,330;,
  3;325,330,327;,
  3;330,331,329;,
  3;331,330,332;,
  3;330,325,333;,
  3;333,332,330;,
  3;324,333,325;,
  3;332,333,334;,
  3;333,324,335;,
  3;335,334,333;,
  3;334,335,336;,
  3;324,326,335;,
  3;335,337,336;,
  3;337,335,326;,
  3;338,337,326;,
  3;337,338,339;,
  3;338,340,339;,
  3;326,341,338;,
  3;341,326,323;,
  3;323,294,341;,
  3;293,341,294;,
  3;340,338,342;,
  3;341,342,338;,
  3;342,343,340;,
  3;342,341,344;,
  3;341,293,344;,
  3;343,342,345;,
  3;344,345,342;,
  3;345,346,343;,
  3;346,345,347;,
  3;348,347,345;,
  3;345,344,348;,
  3;347,348,349;,
  3;348,286,349;,
  3;344,350,348;,
  3;286,348,350;,
  3;350,344,293;,
  3;285,286,350;,
  3;350,293,289;,
  3;350,289,285;,
  3;351,352,353;,
  3;354,353,352;,
  3;353,355,351;,
  3;353,354,356;,
  3;355,353,357;,
  3;358,356,354;,
  3;359,355,357;,
  3;356,358,360;,
  3;355,359,361;,
  3;362,360,358;,
  3;363,361,359;,
  3;364,360,362;,
  3;361,363,365;,
  3;360,364,366;,
  3;367,365,363;,
  3;364,368,366;,
  3;365,367,369;,
  3;368,364,370;,
  3;371,369,367;,
  3;372,368,370;,
  3;369,371,373;,
  3;368,372,374;,
  3;375,373,371;,
  3;376,374,372;,
  3;373,375,376;,
  3;374,376,375;,
  3;377,378,379;,
  3;378,377,380;,
  3;381,377,379;,
  3;380,377,382;,
  3;377,381,383;,
  3;382,384,380;,
  3;381,385,383;,
  3;384,382,386;,
  3;385,381,387;,
  3;388,384,386;,
  3;389,385,387;,
  3;384,388,390;,
  3;385,389,391;,
  3;392,390,388;,
  3;393,385,391;,
  3;392,394,390;,
  3;391,395,393;,
  3;394,392,396;,
  3;395,391,397;,
  3;398,394,396;,
  3;397,399,395;,
  3;394,398,400;,
  3;399,397,400;,
  3;400,398,399;,
  3;401,402,403;,
  3;402,401,404;,
  3;402,405,403;,
  3;404,406,402;,
  3;405,402,407;,
  3;408,406,404;,
  3;406,408,409;,
  3;408,410,409;,
  3;410,408,411;,
  3;412,410,411;,
  3;413,412,411;,
  3;412,413,414;,
  3;413,415,414;,
  3;415,413,416;,
  3;416,417,415;,
  3;418,417,416;,
  3;417,418,419;,
  3;420,419,418;,
  3;419,420,421;,
  3;421,420,422;,
  3;423,422,420;,
  3;422,423,424;,
  3;405,422,424;,
  3;422,405,407;,
  3;425,426,427;,
  3;428,426,425;,
  3;427,426,429;,
  3;430,426,428;,
  3;429,426,431;,
  3;432,426,430;,
  3;431,426,433;,
  3;434,426,432;,
  3;433,426,435;,
  3;435,426,434;,
  3;436,437,438;,
  3;437,439,438;,
  3;440,436,438;,
  3;439,441,438;,
  3;442,440,438;,
  3;441,443,438;,
  3;444,442,438;,
  3;443,445,438;,
  3;446,444,438;,
  3;445,446,438;,
  3;447,448,449;,
  3;448,447,450;,
  3;451,450,447;,
  3;452,449,448;,
  3;449,452,453;,
  3;450,454,448;,
  3;448,454,452;,
  3;455,453,452;,
  3;452,454,455;,
  3;453,455,456;,
  3;457,456,455;,
  3;455,454,457;,
  3;456,457,458;,
  3;459,458,457;,
  3;457,454,459;,
  3;458,459,460;,
  3;461,460,459;,
  3;459,454,461;,
  3;460,461,462;,
  3;463,462,461;,
  3;461,454,463;,
  3;462,463,464;,
  3;465,464,463;,
  3;463,454,465;,
  3;464,465,466;,
  3;467,466,465;,
  3;465,454,467;,
  3;466,467,468;,
  3;469,468,467;,
  3;467,454,469;,
  3;468,469,470;,
  3;469,454,471;,
  3;471,470,469;,
  3;471,454,450;,
  3;470,471,451;,
  3;450,451,471;,
  3;472,473,474;,
  3;473,472,475;,
  3;475,476,473;,
  3;474,477,472;,
  3;477,474,478;,
  3;476,475,479;,
  3;479,480,476;,
  3;475,472,481;,
  3;479,475,481;,
  3;472,477,481;,
  3;480,479,482;,
  3;482,479,481;,
  3;482,483,480;,
  3;483,482,484;,
  3;484,482,481;,
  3;484,485,483;,
  3;485,484,486;,
  3;486,484,481;,
  3;486,487,485;,
  3;487,486,488;,
  3;488,486,481;,
  3;488,489,487;,
  3;489,488,490;,
  3;490,488,481;,
  3;490,491,489;,
  3;491,490,492;,
  3;492,490,481;,
  3;492,493,491;,
  3;493,492,494;,
  3;494,492,481;,
  3;494,495,493;,
  3;496,494,481;,
  3;495,494,496;,
  3;477,496,481;,
  3;496,478,495;,
  3;478,496,477;;

  MeshNormals {
   497;
   0.025884;-0.989355;0.143205;,
   0.067063;-0.936920;0.343052;,
