xof 0303txt 0032
template ColorRGBA {
 <35ff44e0-6c7c-11cf-8f52-0040333594a3>
 FLOAT red;
 FLOAT green;
 FLOAT blue;
 FLOAT alpha;
}

template ColorRGB {
 <d3e16e81-7835-11cf-8f52-0040333594a3>
 FLOAT red;
 FLOAT green;
 FLOAT blue;
}

template Material {
 <3d82ab4d-62da-11cf-ab39-0020af71e433>
 ColorRGBA faceColor;
 FLOAT power;
 ColorRGB specularColor;
 ColorRGB emissiveColor;
 [...]
}

template TextureFilename {
 <a42790e1-7810-11cf-8f52-0040333594a3>
 STRING filename;
}

template Frame {
 <3d82ab46-62da-11cf-ab39-0020af71e433>
 [...]
}

template Matrix4x4 {
 <f6f23f45-7686-11cf-8f52-0040333594a3>
 array FLOAT matrix[16];
}

template FrameTransformMatrix {
 <f6f23f41-7686-11cf-8f52-0040333594a3>
 Matrix4x4 frameMatrix;
}

template Vector {
 <3d82ab5e-62da-11cf-ab39-0020af71e433>
 FLOAT x;
 FLOAT y;
 FLOAT z;
}

template MeshFace {
 <3d82ab5f-62da-11cf-ab39-0020af71e433>
 DWORD nFaceVertexIndices;
 array DWORD faceVertexIndices[nFaceVertexIndices];
}

template Mesh {
 <3d82ab44-62da-11cf-ab39-0020af71e433>
 DWORD nVertices;
 array Vector vertices[nVertices];
 DWORD nFaces;
 array MeshFace faces[nFaces];
 [...]
}

template MeshNormals {
 <f6f23f43-7686-11cf-8f52-0040333594a3>
 DWORD nNormals;
 array Vector normals[nNormals];
 DWORD nFaceNormals;
 array MeshFace faceNormals[nFaceNormals];
}

template MeshMaterialList {
 <f6f23f42-7686-11cf-8f52-0040333594a3>
 DWORD nMaterials;
 DWORD nFaceIndexes;
 array DWORD faceIndexes[nFaceIndexes];
 [Material <3d82ab4d-62da-11cf-ab39-0020af71e433>]
}

template Coords2d {
 <f6f23f44-7686-11cf-8f52-0040333594a3>
 FLOAT u;
 FLOAT v;
}

template MeshTextureCoords {
 <f6f23f40-7686-11cf-8f52-0040333594a3>
 DWORD nTextureCoords;
 array Coords2d textureCoords[nTextureCoords];
}

template XSkinMeshHeader {
 <3cf169ce-ff7c-44ab-93c0-f78f62d172e2>
 WORD nMaxSkinWeightsPerVertex;
 WORD nMaxSkinWeightsPerFace;
 WORD nBones;
}

template SkinWeights {
 <6f0d123b-bad2-4167-a0d0-80224f25fabb>
 STRING transformNodeName;
 DWORD nWeights;
 array DWORD vertexIndices[nWeights];
 array FLOAT weights[nWeights];
 Matrix4x4 matrixOffset;
}

template AnimTicksPerSecond {
 <9e415a43-7ba6-4a73-8743-b73d47e88476>
 DWORD AnimTicksPerSecond;
}

template Animation {
 <3d82ab4f-62da-11cf-ab39-0020af71e433>
 [...]
}

template AnimationSet {
 <3d82ab50-62da-11cf-ab39-0020af71e433>
 [Animation <3d82ab4f-62da-11cf-ab39-0020af71e433>]
}

template FloatKeys {
 <10dd46a9-775b-11cf-8f52-0040333594a3>
 DWORD nValues;
 array FLOAT values[nValues];
}

template TimedFloatKeys {
 <f406b180-7b3b-11cf-8f52-0040333594a3>
 DWORD time;
 FloatKeys tfkeys;
}

template AnimationKey {
 <10dd46a8-775b-11cf-8f52-0040333594a3>
 DWORD keyType;
 DWORD nKeys;
 array TimedFloatKeys keys[nKeys];
}


Material _01500005_M_MapleStarBaseball_170 {
 1.000000;1.000000;1.000000;1.000000;;
 43.219280;
 0.020000;0.020000;0.020000;;
 0.000000;0.000000;0.000000;;

 TextureFilename {
  "01500005_M_MapleStarBaseball_D.dds";
 }
}

Material Material__568_192 {
 1.000000;1.000000;1.000000;1.000000;;
 43.219280;
 0.020000;0.020000;0.020000;;
 0.000000;0.000000;0.000000;;

 TextureFilename {
  "F_Skin_body_D.dds";
 }
}

Frame Scene_Root {
 

 FrameTransformMatrix {
  0.393701,0.000000,0.000000,0.000000,0.000000,-0.000000,-0.393701,0.000000,0.000000,0.393701,-0.000000,0.000000,0.000000,0.000000,0.000000,1.000000;;
 }

 Frame Bip01 {
  

  FrameTransformMatrix {
   0.000001,0.997564,-0.069757,0.000000,-1.000000,0.000001,-0.000000,0.000000,0.000000,0.069757,0.997564,0.000000,0.000000,1.527915,43.145398,1.000000;;
  }

  Frame Bip01_Footsteps {
   

   FrameTransformMatrix {
    0.000002,-1.000000,0.000000,0.000000,0.997564,0.000002,0.069757,0.000000,-0.069757,-0.000000,0.997564,0.000000,3.011114,0.000004,-43.060326,1.000000;;
   }
  }

  Frame Bip01_Pelvis {
   

   FrameTransformMatrix {
    0.000001,-0.000000,1.000000,0.000000,-1.000000,0.000001,0.000001,0.000000,-0.000001,-1.000000,-0.000000,0.000000,0.000000,0.000000,0.000000,1.000000;;
   }

   Frame Bip01_Spine {
    

    FrameTransformMatrix {
     0.999999,-0.001017,0.000001,0.000000,0.001017,0.999999,0.000004,0.000000,-0.000001,-0.000004,1.000000,0.000000,3.648819,0.087648,0.000006,1.000000;;
    }

    Frame Bip01_Spine1 {
     

     FrameTransformMatrix {
      0.993338,0.115232,-0.000000,0.000000,-0.115232,0.993339,0.000000,0.000000,0.000000,-0.000000,1.000000,0.000000,8.606411,0.007721,-0.000000,1.000000;;
     }

     Frame Bip01_Spine2 {
      

      FrameTransformMatrix {
       0.993176,0.116629,-0.000000,0.000000,-0.116629,0.993176,0.000000,0.000000,0.000000,-0.000000,1.000000,0.000000,9.761890,0.009832,-0.000000,1.000000;;
      }

      Frame Bip01_Neck {
       

       FrameTransformMatrix {
        0.967538,-0.252726,0.000001,0.000000,0.252726,0.967538,0.000000,0.000000,-0.000001,0.000000,1.000000,0.000000,12.207958,-0.363331,0.000003,1.000000;;
       }

       Frame Bip01_Head {
        

        FrameTransformMatrix {
         0.995689,0.092758,-0.000000,0.000000,-0.092758,0.995689,0.000000,0.000000,0.000000,-0.000000,1.000000,0.000000,3.164185,0.777052,-0.000000,1.000000;;
        }

        Frame Bip01_HeadNub {
         

         FrameTransformMatrix {
          1.000000,0.000000,-0.000000,0.000000,-0.000000,1.000000,0.000000,0.000000,0.000000,-0.000000,1.000000,0.000000,54.433946,0.000000,-0.000001,1.000000;;
         }
        }

        Frame Tail_Point02 {
         

         FrameTransformMatrix {
          0.000001,-0.000000,1.000000,0.000000,-0.999999,-0.001053,0.000001,0.000000,0.001053,-0.999999,-0.000000,0.000000,19.123322,-15.099806,19.392770,1.000000;;
         }
        }

        Frame Tail_Point01 {
         

         FrameTransformMatrix {
          0.000001,-0.000000,1.000000,0.000000,-0.999999,-0.001053,0.000001,0.000000,0.001053,-0.999999,-0.000000,0.000000,12.513458,-23.171248,4.274388,1.000000;;
         }
        }

        Frame Tail_Point04 {
         

         FrameTransformMatrix {
          0.000001,-0.000000,1.000000,0.000000,-0.999999,-0.001053,0.000001,0.000000,0.001053,-0.999999,-0.000000,0.000000,19.123818,-15.099856,-19.392981,1.000000;;
         }
        }

        Frame Tail_Point03 {
         

         FrameTransformMatrix {
          0.000001,-0.000000,1.000000,0.000000,-0.999999,-0.001053,0.000001,0.000000,0.001053,-0.999999,-0.000000,0.000000,12.513306,-23.171251,-4.273971,1.000000;;
         }
        }

        Frame Tail_Point05 {
         

         FrameTransformMatrix {
          0.000001,-0.000000,1.000000,0.000000,-0.999999,-0.001053,0.000001,0.000000,0.001053,-0.999999,-0.000000,0.000000,18.363640,-22.216832,9.580283,1.000000;;
         }
        }

        Frame Tail_Point06 {
         

         FrameTransformMatrix {
          0.000001,-0.000000,1.000000,0.000000,-0.999999,-0.001053,0.000001,0.000000,0.001053,-0.999999,-0.000000,0.000000,8.652519,-18.881099,13.965821,1.000000;;
         }
        }

        Frame Tail_Point07 {
         

         FrameTransformMatrix {
          0.000001,-0.000000,1.000000,0.000000,-0.999999,-0.001053,0.000001,0.000000,0.001053,-0.999999,-0.000000,0.000000,9.050392,-18.880720,-14.099013,1.000000;;
         }
        }

        Frame Tail_Point08 {
         

         FrameTransformMatrix {
          0.000001,-0.000000,1.000000,0.000000,-0.999999,-0.001053,0.000001,0.000000,0.001053,-0.999999,-0.000000,0.000000,18.363618,-22.216854,-9.579970,1.000000;;
         }
        }
       }

       Frame Bip01_L_Clavicle {
        

        FrameTransformMatrix {
         -0.352692,0.012017,0.935662,0.000000,0.252031,-0.961746,0.107353,0.000000,0.901159,0.273679,0.336172,0.000000,-2.653053,0.600207,3.128576,1.000000;;
        }

        Frame Bip01_L_UpperArm {
         

         FrameTransformMatrix {
          0.866962,-0.069581,-0.493494,0.000000,-0.053550,0.971468,-0.231048,0.000000,0.495490,0.226737,0.838499,0.000000,7.154713,-0.000003,-0.000000,1.000000;;
         }

         Frame Bip01_L_Forearm {
          

          FrameTransformMatrix {
           0.999999,0.001452,0.000000,0.000000,-0.001452,0.999999,-0.000000,0.000000,0.000000,0.000000,1.000000,0.000000,16.099011,0.000001,0.000000,1.000000;;
          }

          Frame Bip01_L_Hand {
           

           FrameTransformMatrix {
            0.999148,-0.032013,0.026073,0.000000,-0.027134,-0.033162,0.999081,0.000000,-0.031119,-0.998937,-0.034003,0.000000,12.943914,0.000001,0.000000,1.000000;;
           }

           Frame Weapon_Hand_L_Point {
            

            FrameTransformMatrix {
             0.031765,-0.100532,0.994427,0.000000,0.997954,-0.052045,-0.037139,0.000000,0.055489,0.993572,0.098673,0.000000,11.053598,-2.077042,-0.434262,1.000000;;
            }
           }
          }
         }
        }
       }

       Frame Bip01_R_Clavicle {
        

        FrameTransformMatrix {
         -0.352692,0.012011,-0.935662,0.000000,0.252031,-0.961747,-0.107348,0.000000,-0.901159,-0.273677,0.336173,0.000000,-2.653076,0.600190,-3.128585,1.000000;;
        }

        Frame Bip01_R_UpperArm {
         

         FrameTransformMatrix {
          0.866961,-0.069581,0.493494,0.000000,-0.053550,0.971467,0.231048,0.000000,-0.495490,-0.226737,0.838499,0.000000,7.154707,0.000002,0.000000,1.000000;;
         }

         Frame Bip01_R_Forearm {
          

          FrameTransformMatrix {
           0.999999,0.001452,-0.000000,0.000000,-0.001452,0.999999,-0.000000,0.000000,0.000000,0.000000,1.000000,0.000000,16.098979,0.000001,0.000000,1.000000;;
          }

          Frame Bip01_R_Hand {
           

           FrameTransformMatrix {
            0.999147,-0.032013,-0.026073,0.000000,-0.027134,-0.033162,-0.999082,0.000000,0.031119,0.998937,-0.034003,0.000000,12.943894,0.000000,-0.000004,1.000000;;
           }

           Frame Weapon_Hand_R_Point {
            

            FrameTransformMatrix {
             -0.066572,0.102286,0.992525,0.000000,0.996237,-0.048502,0.071820,0.000000,0.055486,0.993572,-0.098672,0.000000,11.053572,-2.077049,0.434246,1.000000;;
            }
           }
          }
         }
        }
       }
      }
     }

     Frame Weapon_Back_R_Point {
      

      FrameTransformMatrix {
       -0.126066,-0.986694,0.102681,0.000000,-0.473971,0.150837,0.867525,0.000000,-0.871469,0.060697,-0.486680,0.000000,22.106290,8.777389,-28.850067,1.000000;;
      }
     }

     Frame Weapon_Back_B_Point {
      

      FrameTransformMatrix {
       -0.020807,-0.996061,0.086193,0.000000,0.646766,0.052332,0.760891,0.000000,-0.762405,0.071578,0.643130,0.000000,6.591152,15.335430,3.548436,1.000000;;
      }
     }
    }
   }

   Frame Bip01_L_Thigh {
    

    FrameTransformMatrix {
     -0.996421,0.067699,0.050614,0.000000,0.067412,0.997698,-0.007358,0.000000,-0.050996,-0.003919,-0.998692,0.000000,-0.000008,-0.000013,7.749222,1.000000;;
    }

    Frame Bip01_L_Calf {
     

     FrameTransformMatrix {
      0.999628,0.027315,-0.000000,0.000000,-0.027315,0.999627,-0.000000,0.000000,0.000000,0.000000,1.000001,0.000000,20.567846,0.000000,-0.000001,1.000000;;
     }

     Frame Bip01_L_Foot {
      

      FrameTransformMatrix {
       0.985298,-0.163264,0.050339,0.000000,0.162268,0.986472,0.023295,0.000000,-0.053461,-0.014784,0.998461,0.000000,13.299996,-0.000000,-0.000000,1.000000;;
      }
     }

     Frame L_Calf_Point01 {
      

      FrameTransformMatrix {
       0.985106,-0.164333,0.050615,0.000000,0.163331,0.986295,0.023365,0.000000,-0.053761,-0.014750,0.998446,0.000000,12.278660,-0.074271,-1.656631,1.000000;;
      }
     }
    }
   }

   Frame Bip01_R_Thigh {
    

    FrameTransformMatrix {
     -0.996421,0.067700,-0.050617,0.000000,0.067413,0.997698,0.007361,0.000000,0.050999,0.003922,-0.998691,0.000000,0.000011,0.000009,-7.749222,1.000000;;
    }

    Frame Bip01_R_Calf {
     

     FrameTransformMatrix {
      0.999627,0.027315,-0.000000,0.000000,-0.027315,0.999627,-0.000000,0.000000,0.000000,0.000000,1.000000,0.000000,20.567826,-0.000000,0.000001,1.000000;;
     }

     Frame Bip01_R_Foot {
      

      FrameTransformMatrix {
       0.985298,-0.163264,-0.050339,0.000000,0.162268,0.986472,-0.023295,0.000000,0.053461,0.014784,0.998461,0.000000,13.299989,-0.000001,-0.000000,1.000000;;
      }
     }

     Frame R_Calf_Point01 {
      

      FrameTransformMatrix {
       0.985277,-0.163296,-0.050628,0.000000,0.162299,0.986468,-0.023257,0.000000,0.053740,0.014697,0.998447,0.000000,12.277331,-0.074044,1.630356,1.000000;;
      }
     }
    }
   }

   Frame Weapon_Side_R_Point {
    

    FrameTransformMatrix {
     0.375118,-0.025884,-0.926616,0.000000,-0.398265,0.898149,-0.186316,0.000000,0.837061,0.438929,0.326603,0.000000,4.754982,-9.728017,-14.996736,1.000000;;
    }
   }

   Frame Weapon_Side_L_Point {
    

    FrameTransformMatrix {
     -0.396963,0.013947,-0.917728,0.000000,-0.396286,0.899279,0.185080,0.000000,0.827875,0.437153,-0.351454,0.000000,4.843651,-9.796758,15.171016,1.000000;;
    }
   }
  }

  Frame EFF_Lock_D {
   

   FrameTransformMatrix {
    0.997581,0.000000,0.069521,0.000000,-0.000000,1.000000,0.000000,0.000000,-0.069521,-0.000000,0.997580,0.000000,1.485519,0.000002,-43.146867,1.000000;;
   }
  }

  Frame Move_Link_D {
   

   FrameTransformMatrix {
    0.997564,-0.000000,0.069757,0.000000,0.000000,1.000000,-0.000000,0.000000,-0.069757,0.000000,0.997564,0.000000,0.598068,0.000001,-8.552654,1.000000;;
   }

   Frame EFF_Move_D {
    

    FrameTransformMatrix {
     1.000000,0.000001,-0.000000,0.000000,-0.000001,1.000000,0.000000,0.000000,0.000000,-0.000000,1.000000,0.000000,-1.706174,0.013154,-34.571846,1.000000;;
    }
   }
  }

  Frame SATA9NI_Bone01 {
   

   FrameTransformMatrix {
    0.043110,-0.000337,-0.999070,0.000000,0.999070,-0.000001,0.043110,0.000000,-0.000016,-1.000000,0.000337,0.000000,-1.034301,0.013151,-0.145493,1.000000;;
   }
  }

  Frame SATA9NI_Lock_Dummy01 {
   

   FrameTransformMatrix {
    0.000001,-1.000000,0.000000,0.000000,0.997564,0.000001,0.069757,0.000000,-0.069757,-0.000000,0.997564,0.000000,1.485519,0.000002,-43.146867,1.000000;;
   }
  }

  Frame SATA9NI_Link_Point02 {
   

   FrameTransformMatrix {
    -0.997564,-0.000001,-0.069757,0.000000,0.069757,0.000000,-0.997564,0.000000,0.000001,-1.000000,-0.000000,0.000000,0.647019,0.000002,-39.109933,1.000000;;
   }
  }
 }

 Frame PA {
  

  FrameTransformMatrix {
   1.000000,0.000000,0.000000,0.000000,0.000000,1.000000,0.000000,0.000000,0.000000,0.000000,1.000000,0.000000,0.000000,0.000000,0.000000,1.000000;;
  }
 }

 Frame CP {
  

  FrameTransformMatrix {
   1.000000,0.000000,0.000000,0.000000,0.000000,1.000000,0.000000,0.000000,0.000000,0.000000,1.000000,0.000000,-0.000000,-0.002889,109.711078,1.000000;;
  }
 }

 Frame PA_Skin {
  

  FrameTransformMatrix {
   1.000000,0.000000,0.000000,0.000000,0.000000,1.000000,0.000000,0.000000,0.000000,0.000000,1.000000,0.000000,0.000000,0.000000,0.000000,1.000000;;
  }
 }
}

Frame PA_ {
 

 FrameTransformMatrix {
  0.393701,0.000000,0.000000,0.000000,0.000000,-0.000000,-0.393701,0.000000,0.000000,0.393701,-0.000000,0.000000,0.000000,0.000000,0.000000,1.000000;;
 }

 Mesh PA_ {
  289;
  16.940390;7.039095;26.314710;,
  8.577242;-0.962063;27.805280;,
  11.483156;10.505546;25.747120;,
  18.804234;0.557214;26.771976;,
  5.101911;10.091435;25.323606;,
  18.911259;-2.344445;26.959936;,
  1.521471;6.639388;25.256424;,
  15.665821;-9.722217;27.104224;,
  0.098477;0.746729;25.467518;,
  8.951991;-10.922206;26.701816;,
  0.601996;-5.671264;25.840339;,
  4.084662;-9.709082;26.297538;,
  17.794406;1.138979;32.536368;,
  16.920542;-0.965232;37.820493;,
  17.915115;-1.680051;32.750086;,
  16.844355;1.626976;37.560848;,
  15.772307;-0.285887;41.988787;,
  15.728251;2.033478;41.746240;,
  14.692694;0.221633;45.429734;,
  14.620205;2.364590;45.155418;,
  12.881815;0.671361;48.934355;,
  12.792473;2.702761;48.637267;,
  -16.920542;-0.965233;37.820493;,
  -17.794406;1.138978;32.536374;,
  -17.915115;-1.680053;32.750093;,
  -16.844355;1.626975;37.560848;,
  -15.772307;-0.285888;41.988787;,
  -15.728251;2.033476;41.746240;,
  -14.692694;0.221632;45.429734;,
  -14.620205;2.364589;45.155414;,
  -12.881815;0.671360;48.934355;,
  -12.792473;2.702760;48.637267;,
  0.255304;0.773653;25.934901;,
  -0.601998;-5.671265;25.840341;,
  -0.098480;0.746729;25.467520;,
  -0.261554;-5.814400;26.317611;,
  0.122065;1.497360;30.880368;,
  -4.084662;-9.709083;26.297539;,
  -0.359858;-4.556445;31.209424;,
  -0.514810;1.372868;31.228112;,
  -3.891330;-10.022779;26.794075;,
  -8.951990;-10.922209;26.701819;,
  -0.959790;-4.216858;31.732234;,
  -0.460893;1.366857;34.847702;,
  -3.907427;-9.190519;31.856867;,
  -8.938678;-11.280773;27.213296;,
  -15.665818;-9.722219;27.104224;,
  -15.907470;-10.035204;27.631117;,
  -18.911259;-2.344446;26.959939;,
  -19.277557;-2.376031;27.481206;,
  -8.729909;-10.350979;32.266525;,
  -15.334427;-9.232351;32.511795;,
  -18.722877;-1.785720;32.402349;,
  -4.235405;-8.495687;32.204605;,
  -8.688199;-9.567187;32.614262;,
  -14.786421;-8.534312;32.859533;,
  -17.915115;-1.680053;32.750093;,
  -14.145885;-7.919184;36.903142;,
  -16.920542;-0.965233;37.820493;,
  -8.536146;-8.900410;35.596803;,
  -13.744790;-7.321714;39.082755;,
  -15.772307;-0.285888;41.988787;,
  -8.289011;-8.429144;37.882163;,
  -4.094550;-7.986354;35.113018;,
  -4.083406;-7.530563;37.116368;,
  -0.947215;-3.833794;34.933619;,
  -0.498428;1.293934;36.656326;,
  -0.937797;-3.430273;36.678883;,
  -1.012218;-3.310595;38.037430;,
  -0.504044;1.328057;38.045501;,
  -3.965730;-7.752155;38.586784;,
  -0.633359;-3.338928;38.427174;,
  -8.120015;-8.915897;39.840282;,
  -2.559387;-7.605112;39.771024;,
  -13.288845;-7.539970;41.453062;,
  -7.890206;-8.871920;42.536022;,
  -12.283291;-5.544120;45.963008;,
  -14.692694;0.221632;45.429734;,
  -11.163284;-3.284588;49.259034;,
  -12.881815;0.671360;48.934355;,
  -11.627921;1.239872;52.076234;,
  -10.269234;-2.393771;52.330387;,
  -6.972385;-4.172346;52.417245;,
  -7.446575;-5.337160;49.368736;,
  -3.902894;-6.078029;49.413002;,
  -3.660461;-4.934047;52.451334;,
  0.000000;-5.099503;52.436192;,
  -7.745726;-7.259541;46.193546;,
  -4.062772;-8.085062;46.227872;,
  -3.982422;-9.371735;42.591130;,
  0.000000;-8.180062;46.089789;,
  0.000000;-6.325559;49.377792;,
  3.902894;-6.078029;49.413002;,
  3.660461;-4.934047;52.451334;,
  6.972385;-4.172346;52.417245;,
  7.446576;-5.337160;49.368736;,
  4.062774;-8.085062;46.227872;,
  11.163284;-3.284587;49.259034;,
  10.269234;-2.393771;52.330387;,
  11.627921;1.239873;52.076234;,
  12.881815;0.671361;48.934355;,
  14.692694;0.221633;45.429734;,
  12.283291;-5.544119;45.963008;,
  15.772307;-0.285887;41.988787;,
  7.745726;-7.259541;46.193546;,
  13.288848;-7.539966;41.453062;,
  7.890207;-8.871918;42.536022;,
  13.744792;-7.321710;39.082755;,
  16.920542;-0.965232;37.820493;,
  8.120016;-8.915894;39.840282;,
  14.145886;-7.919181;36.903142;,
  17.915115;-1.680051;32.750086;,
  8.289011;-8.429142;37.882163;,
  3.965731;-7.752154;38.586784;,
  14.786422;-8.534310;32.859526;,
  18.722880;-1.785718;32.402342;,
  15.334429;-9.232349;32.511792;,
  19.277560;-2.376030;27.481203;,
  8.688199;-9.567185;32.614262;,
  15.907472;-10.035201;27.631114;,
  18.911259;-2.344445;26.959936;,
  15.665821;-9.722217;27.104224;,
  8.729909;-10.350976;32.266525;,
  8.938678;-11.280770;27.213296;,
  8.951991;-10.922206;26.701816;,
  4.235404;-8.495686;32.204605;,
  3.891330;-10.022777;26.794074;,
  4.084662;-9.709082;26.297538;,
  3.907426;-9.190518;31.856867;,
  0.261552;-5.814399;26.317610;,
  0.601996;-5.671264;25.840339;,
  -0.255306;0.773652;25.934898;,
  0.098477;0.746729;25.467518;,
  -0.122069;1.497360;30.880368;,
  0.359856;-4.556444;31.209424;,
  0.514807;1.372868;31.228112;,
  0.959788;-4.216856;31.732234;,
  0.460890;1.366857;34.847702;,
  0.947212;-3.833793;34.933619;,
  0.498426;1.293935;36.656326;,
  4.094548;-7.986351;35.113018;,
  8.536146;-8.900408;35.596803;,
  4.083406;-7.530562;37.116368;,
  0.937796;-3.430272;36.678883;,
  1.012219;-3.310595;38.037430;,
  0.504043;1.328057;38.045501;,
  2.559388;-7.605111;39.771024;,
  0.633360;-3.338928;38.427174;,
  0.000001;-3.338541;38.506698;,
  0.000000;1.345377;38.182877;,
  0.000001;-7.490673;39.945978;,
  0.000001;-9.446180;42.451744;,
  3.982423;-9.371734;42.591130;,
  -12.792473;2.702760;48.637267;,
  -12.881815;0.671360;48.934355;,
  -11.627921;1.239872;52.076234;,
  -11.347981;5.854084;48.115434;,
  -9.921481;5.834714;51.472995;,
  -13.103993;6.069706;44.622067;,
  -14.620205;2.364589;45.155414;,
  -15.728251;2.033476;41.746240;,
  -7.637631;8.445452;46.918672;,
  -4.847300;8.339815;50.597510;,
  -14.187429;6.406970;41.236762;,
  -16.844355;1.626975;37.560848;,
  -2.030038;9.330802;46.605354;,
  -1.940470;9.007178;50.351075;,
  -15.177557;6.827097;36.987501;,
  -17.794406;1.138978;32.536374;,
  -3.785659;9.278051;46.263946;,
  -0.000001;9.495279;45.814224;,
  -0.000001;9.488441;46.516022;,
  -3.744322;9.203083;42.586563;,
  -0.000000;9.508801;42.405008;,
  -8.415952;8.420048;43.268960;,
  -0.000000;8.645329;39.713280;,
  -9.501122;8.835306;40.033328;,
  -3.622038;8.527635;39.741408;,
  -10.302626;9.539865;35.828486;,
  -4.059048;8.746744;38.037238;,
  -4.603100;9.204324;35.043866;,
  -10.808156;9.824295;31.300163;,
  -1.737181;5.957908;38.581798;,
  -16.016613;6.895678;32.059830;,
  -5.017342;9.477827;30.972448;,
  -11.025872;10.650457;30.952422;,
  -4.754284;10.275225;30.624707;,
  -1.232889;6.700199;30.703654;,
  -16.666755;7.478695;31.712083;,
  -1.765894;6.176862;31.051392;,
  0.122065;1.497360;30.880368;,
  -0.514810;1.372868;31.228112;,
  0.255304;0.773653;25.934901;,
  -1.746702;6.320316;34.846733;,
  -0.460893;1.366857;34.847702;,
  -0.498428;1.293934;36.656326;,
  -1.781417;5.962045;37.149373;,
  -0.504044;1.328057;38.045501;,
  0.000000;1.345377;38.182877;,
  -0.000000;5.856624;38.565994;,
  1.737180;5.957908;38.581798;,
  0.504043;1.328057;38.045501;,
  3.622036;8.527635;39.741408;,
  1.781415;5.962045;37.149376;,
  0.498426;1.293935;36.656326;,
  4.059046;8.746743;38.037238;,
  1.746698;6.320315;34.846733;,
  0.460890;1.366857;34.847702;,
  0.514807;1.372868;31.228112;,
  4.603097;9.204323;35.043866;,
  1.765891;6.176861;31.051392;,
  -0.122069;1.497360;30.880368;,
  1.232886;6.700198;30.703654;,
  -0.255306;0.773652;25.934898;,
  5.017339;9.477826;30.972448;,
  1.204897;6.820400;25.718283;,
  0.098477;0.746729;25.467518;,
  1.521471;6.639388;25.256424;,
  4.754281;10.275222;30.624707;,
  4.952089;10.433225;25.788643;,
  5.101911;10.091435;25.323606;,
  10.808154;9.824294;31.300163;,
  11.575586;10.863057;26.228254;,
  11.483156;10.505546;25.747120;,
  11.025870;10.650455;30.952422;,
  17.254179;7.255997;26.818720;,
  16.940390;7.039095;26.314710;,
  16.666755;7.478695;31.712083;,
  16.016613;6.895678;32.059830;,
  18.585322;1.106247;32.199354;,
  19.148554;0.629046;27.286029;,
  18.804234;0.557214;26.771976;,
  18.911259;-2.344445;26.959936;,
  19.277560;-2.376030;27.481203;,
  18.722880;-1.785718;32.402342;,
  17.915115;-1.680051;32.750086;,
  17.794406;1.138979;32.536368;,
  15.177555;6.827097;36.987501;,
  16.844355;1.626976;37.560848;,
  10.302625;9.539863;35.828486;,
  14.187429;6.406970;41.236762;,
  15.728251;2.033478;41.746240;,
  9.501120;8.835304;40.033334;,
  13.103993;6.069707;44.622070;,
  14.620205;2.364590;45.155418;,
  12.792473;2.702761;48.637267;,
  11.627921;1.239873;52.076234;,
  12.881815;0.671361;48.934355;,
  11.347978;5.854086;48.115434;,
  9.921479;5.834715;51.472995;,
  7.637630;8.445452;46.918672;,
  4.847299;8.339816;50.597510;,
  8.415950;8.420048;43.268960;,
  3.744321;9.203083;42.586563;,
  3.785658;9.278051;46.263946;,
  -0.000001;9.452677;50.186557;,
  -1.809542;9.303930;50.249549;,
  -1.940470;9.007178;50.351075;,
  -2.030038;9.441703;46.495590;,
  -2.201669;9.237786;46.496467;,
  -1.940470;9.007178;50.351075;,
  -1.204901;6.820401;25.718285;,
  -0.098480;0.746729;25.467520;,
  -1.521474;6.639389;25.256424;,
  -4.952092;10.433226;25.788643;,
  -5.101914;10.091438;25.323606;,
  -11.575587;10.863059;26.228256;,
  -11.483158;10.505547;25.747122;,
  -17.254179;7.255997;26.818722;,
  -16.940390;7.039095;26.314712;,
  -18.585322;1.106246;32.199357;,
  -17.915115;-1.680053;32.750093;,
  -18.722877;-1.785720;32.402349;,
  -19.148554;0.629044;27.286032;,
  -19.277557;-2.376031;27.481206;,
  -18.804234;0.557213;26.771978;,
  -18.911259;-2.344446;26.959939;,
  -15.665818;-9.722219;27.104224;,
  -18.911259;-2.344446;26.959939;,
  -8.577243;-0.962063;27.805280;,
  -8.951990;-10.922209;26.701819;,
  -18.804234;0.557213;26.771978;,
  -4.084662;-9.709083;26.297539;,
  -16.940390;7.039095;26.314712;,
  -0.601998;-5.671265;25.840341;,
  -11.483158;10.505547;25.747122;,
  -0.098480;0.746729;25.467520;,
  -5.101914;10.091438;25.323606;,
  -1.521474;6.639389;25.256424;;
  417;
  3;0,1,2;,
  3;3,1,0;,
  3;2,1,4;,
  3;1,3,5;,
  3;4,1,6;,
  3;7,1,5;,
  3;6,1,8;,
  3;9,1,7;,
  3;8,1,10;,
  3;11,1,9;,
  3;10,1,11;,
  3;12,13,14;,
  3;13,12,15;,
  3;15,16,13;,
  3;16,15,17;,
  3;17,18,16;,
  3;18,17,19;,
  3;19,20,18;,
  3;20,19,21;,
  3;22,23,24;,
  3;23,22,25;,
  3;26,25,22;,
  3;25,26,27;,
  3;28,27,26;,
  3;27,28,29;,
  3;30,29,28;,
  3;29,30,31;,
  3;32,33,34;,
  3;33,32,35;,
  3;36,35,32;,
  3;35,37,33;,
  3;35,36,38;,
  3;39,38,36;,
  3;37,35,40;,
  3;38,40,35;,
  3;40,41,37;,
  3;38,39,42;,
  3;43,42,39;,
  3;40,38,44;,
  3;42,44,38;,
  3;41,40,45;,
  3;44,45,40;,
  3;45,46,41;,
  3;46,45,47;,
  3;47,48,46;,
  3;48,47,49;,
  3;50,47,45;,
  3;45,44,50;,
  3;51,49,47;,
  3;47,50,51;,
  3;49,51,52;,
  3;53,50,44;,
  3;44,42,53;,
  3;54,51,50;,
  3;50,53,54;,
  3;55,52,51;,
  3;51,54,55;,
  3;52,55,56;,
  3;57,56,55;,
  3;54,57,55;,
  3;56,57,58;,
  3;57,54,59;,
  3;53,59,54;,
  3;60,58,57;,
  3;58,60,61;,
  3;62,57,59;,
  3;57,62,60;,
  3;59,53,63;,
  3;42,63,53;,
  3;64,59,63;,
  3;59,64,62;,
  3;63,42,65;,
  3;65,64,63;,
  3;42,43,65;,
  3;66,65,43;,
  3;65,66,67;,
  3;64,65,67;,
  3;66,68,67;,
  3;68,64,67;,
  3;68,66,69;,
  3;64,68,70;,
  3;70,62,64;,
  3;71,68,69;,
  3;62,70,72;,
  3;72,60,62;,
  3;68,73,70;,
  3;73,68,71;,
  3;60,72,74;,
  3;60,74,61;,
  3;75,72,70;,
  3;72,75,74;,
  3;75,70,73;,
  3;76,61,74;,
  3;76,74,75;,
  3;61,76,77;,
  3;78,77,76;,
  3;77,78,79;,
  3;78,80,79;,
  3;80,78,81;,
  3;78,82,81;,
  3;82,78,83;,
  3;76,83,78;,
  3;84,82,83;,
  3;82,84,85;,
  3;84,86,85;,
  3;83,76,87;,
  3;75,87,76;,
  3;88,83,87;,
  3;75,88,87;,
  3;83,88,84;,
  3;88,75,89;,
  3;89,75,73;,
  3;90,84,88;,
  3;89,90,88;,
  3;84,90,91;,
  3;86,84,91;,
  3;92,86,91;,
  3;90,92,91;,
  3;86,92,93;,
  3;92,94,93;,
  3;94,92,95;,
  3;92,90,96;,
  3;96,95,92;,
  3;97,94,95;,
  3;94,97,98;,
  3;97,99,98;,
  3;99,97,100;,
  3;97,101,100;,
  3;101,97,102;,
  3;95,102,97;,
  3;102,103,101;,
  3;102,95,104;,
  3;95,96,104;,
  3;103,102,105;,
  3;106,102,104;,
  3;102,106,105;,
  3;96,106,104;,
  3;107,103,105;,
  3;107,108,103;,
  3;109,105,106;,
  3;109,107,105;,
  3;108,107,110;,
  3;110,111,108;,
  3;107,109,112;,
  3;112,110,107;,
  3;113,112,109;,
  3;106,113,109;,
  3;111,110,114;,
  3;114,115,111;,
  3;115,114,116;,
  3;116,117,115;,
  3;110,118,114;,
  3;118,116,114;,
  3;117,116,119;,
  3;119,120,117;,
  3;120,119,121;,
  3;122,119,116;,
  3;116,118,122;,
  3;123,121,119;,
  3;119,122,123;,
  3;121,123,124;,
  3;125,122,118;,
  3;126,124,123;,
  3;124,126,127;,
  3;128,123,122;,
  3;123,128,126;,
  3;122,125,128;,
  3;129,127,126;,
  3;127,129,130;,
  3;130,131,132;,
  3;131,130,129;,
  3;129,133,131;,
  3;133,129,134;,
  3;126,134,129;,
  3;134,126,128;,
  3;134,135,133;,
  3;128,136,134;,
  3;135,134,136;,
  3;136,128,125;,
  3;136,137,135;,
  3;137,136,138;,
  3;138,139,137;,
  3;140,136,125;,
  3;136,140,138;,
  3;125,141,140;,
  3;141,125,118;,
  3;118,110,141;,
  3;110,112,141;,
  3;141,142,140;,
  3;142,141,112;,
  3;142,138,140;,
  3;112,113,142;,
  3;138,142,143;,
  3;139,138,143;,
  3;142,144,143;,
  3;144,139,143;,
  3;144,142,113;,
  3;139,144,145;,
  3;146,144,113;,
  3;106,146,113;,
  3;147,145,144;,
  3;144,146,147;,
  3;148,145,147;,
  3;145,148,149;,
  3;148,69,149;,
  3;69,148,71;,
  3;147,150,148;,
  3;150,71,148;,
  3;150,147,146;,
  3;71,150,73;,
  3;151,73,150;,
  3;146,151,150;,
  3;73,151,89;,
  3;90,89,151;,
  3;151,146,152;,
  3;152,90,151;,
  3;152,146,106;,
  3;90,152,96;,
  3;106,96,152;,
  3;153,154,155;,
  3;155,156,153;,
  3;156,155,157;,
  3;158,153,156;,
  3;153,158,159;,
  3;158,160,159;,
  3;157,161,156;,
  3;161,158,156;,
  3;161,157,162;,
  3;160,158,163;,
  3;163,164,160;,
  3;165,162,166;,
  3;164,163,167;,
  3;167,168,164;,
  3;162,165,169;,
  3;169,161,162;,
  3;165,170,169;,
  3;170,165,171;,
  3;172,161,169;,
  3;173,169,170;,
  3;169,173,172;,
  3;161,172,174;,
  3;158,161,174;,
  3;175,172,173;,
  3;176,158,174;,
  3;158,176,163;,
  3;174,172,177;,
  3;177,176,174;,
  3;172,175,177;,
  3;178,163,176;,
  3;163,178,167;,
  3;176,177,179;,
  3;176,180,178;,
  3;180,176,179;,
  3;181,167,178;,
  3;182,179,177;,
  3;167,181,183;,
  3;168,167,183;,
  3;178,184,181;,
  3;184,178,180;,
  3;185,183,181;,
  3;186,181,184;,
  3;181,186,185;,
  3;184,187,186;,
  3;183,185,188;,
  3;187,184,189;,
  3;180,189,184;,
  3;189,190,187;,
  3;190,189,191;,
  3;192,187,190;,
  3;193,191,189;,
  3;189,180,193;,
  3;191,193,194;,
  3;193,195,194;,
  3;180,196,193;,
  3;195,193,196;,
  3;196,180,179;,
  3;196,197,195;,
  3;179,182,196;,
  3;197,196,182;,
  3;182,198,197;,
  3;198,182,199;,
  3;177,199,182;,
  3;199,177,175;,
  3;200,198,199;,
  3;198,200,201;,
  3;202,199,175;,
  3;199,202,200;,
  3;203,201,200;,
  3;201,203,204;,
  3;205,200,202;,
  3;200,205,203;,
  3;206,204,203;,
  3;204,206,207;,
  3;206,208,207;,
  3;209,203,205;,
  3;203,209,206;,
  3;208,206,210;,
  3;209,210,206;,
  3;210,211,208;,
  3;211,210,212;,
  3;212,213,211;,
  3;214,212,210;,
  3;210,209,214;,
  3;213,212,215;,
  3;215,216,213;,
  3;216,215,217;,
  3;218,215,212;,
  3;212,214,218;,
  3;219,217,215;,
  3;215,218,219;,
  3;217,219,220;,
  3;221,218,214;,
  3;222,220,219;,
  3;220,222,223;,
  3;224,219,218;,
  3;219,224,222;,
  3;218,221,224;,
  3;225,223,222;,
  3;223,225,226;,
  3;227,222,224;,
  3;222,227,225;,
  3;224,228,227;,
  3;228,224,221;,
  3;229,225,227;,
  3;228,229,227;,
  3;230,226,225;,
  3;225,229,230;,
  3;226,230,231;,
  3;230,232,231;,
  3;232,230,233;,
  3;230,234,233;,
  3;234,230,229;,
  3;229,235,234;,
  3;235,229,236;,
  3;229,228,236;,
  3;237,236,228;,
  3;221,237,228;,
  3;236,237,238;,
  3;237,221,239;,
  3;214,239,221;,
  3;239,214,209;,
  3;240,238,237;,
  3;239,240,237;,
  3;238,240,241;,
  3;209,242,239;,
  3;240,239,242;,
  3;242,209,205;,
  3;202,242,205;,
  3;243,241,240;,
  3;242,243,240;,
  3;241,243,244;,
  3;243,245,244;,
  3;245,246,247;,
  3;248,246,245;,
  3;245,243,248;,
  3;246,248,249;,
  3;250,249,248;,
  3;243,250,248;,
  3;249,250,251;,
  3;250,243,252;,
  3;243,242,252;,
  3;242,202,252;,
  3;252,202,253;,
  3;253,250,252;,
  3;175,253,202;,
  3;253,175,173;,
  3;250,253,254;,
  3;173,254,253;,
  3;254,251,250;,
  3;254,173,170;,
  3;254,255,251;,
  3;170,171,254;,
  3;255,254,171;,
  3;256,257,255;,
  3;258,255,171;,
  3;255,258,256;,
  3;171,259,258;,
  3;258,260,256;,
  3;260,258,259;,
  3;187,192,261;,
  3;262,261,192;,
  3;261,186,187;,
  3;261,262,263;,
  3;186,261,264;,
  3;263,264,261;,
  3;264,185,186;,
  3;264,263,265;,
  3;185,264,266;,
  3;265,266,264;,
  3;266,188,185;,
  3;266,265,267;,
  3;267,268,266;,
  3;188,266,268;,
  3;268,267,269;,
  3;268,270,188;,
  3;270,183,188;,
  3;183,270,168;,
  3;270,271,168;,
  3;271,270,272;,
  3;273,272,270;,
  3;270,268,273;,
  3;269,273,268;,
  3;272,273,274;,
  3;273,269,275;,
  3;273,276,274;,
  3;276,273,275;,
  3;277,278,279;,
  3;280,277,279;,
  3;279,278,281;,
  3;282,280,279;,
  3;281,283,279;,
  3;284,282,279;,
  3;283,285,279;,
  3;286,284,279;,
  3;285,287,279;,
  3;288,286,279;,
  3;287,288,279;;

  MeshNormals {
   289;
   -0.046269;-0.135999;-0.989628;,
   0.069661;-0.052605;-0.996183;,
   0.034520;-0.185016;-0.982129;,
   -0.087405;-0.086597;-0.992402;,
   0.118660;-0.181850;-0.976141;,
   -0.082462;-0.007034;-0.996569;,
   0.211766;-0.128307;-0.968862;,
   -0.025292;0.059395;-0.997914;,
   0.253108;-0.064689;-0.965273;,
   0.069173;0.112421;-0.991250;,
   0.232777;0.011547;-0.972462;,
   0.157287;0.088753;-0.983557;,
   0.945159;0.229709;0.232182;,
   0.934580;-0.252546;0.250562;,
   0.899858;-0.302664;0.314086;,
   0.948551;0.238166;0.208633;,
   0.919256;-0.263268;0.292674;,
   0.927912;0.259978;0.267191;,
   0.885844;-0.214745;0.411296;,
   0.892518;0.262971;0.366411;,
   0.884883;-0.150653;0.440779;,
   0.840091;0.339355;0.423184;,
   -0.934580;-0.252547;0.250562;,
   -0.945159;0.229709;0.232182;,
   -0.899858;-0.302665;0.314086;,
   -0.948551;0.238166;0.208633;,
   -0.919256;-0.263268;0.292675;,
   -0.927912;0.259978;0.267191;,
   -0.885844;-0.214745;0.411296;,
   -0.892518;0.262971;0.366411;,
   -0.884883;-0.150653;0.440780;,
   -0.840091;0.339355;0.423184;,
   0.991794;0.115309;-0.055219;,
   0.753905;-0.242628;-0.610541;,
   0.792876;0.076417;-0.604572;,
   0.959633;-0.280925;0.013617;,
   0.990576;0.032073;0.133153;,
   0.455872;-0.661550;-0.595427;,
   0.881989;-0.417959;0.217730;,
   0.980024;0.130526;0.150054;,
   0.624728;-0.777114;0.076222;,
   0.020227;-0.818420;-0.574264;,
   0.927166;-0.331987;0.173630;,
   0.999212;0.039688;-0.000042;,
   0.487120;-0.832244;0.264733;,
   0.062901;-0.994039;0.089056;,
   -0.419989;-0.682542;-0.598118;,
   -0.529003;-0.841850;0.106978;,
   -0.785246;-0.257329;-0.563179;,
   -0.935598;-0.336522;0.106814;,
   -0.036676;-0.957018;0.287701;,
   -0.720270;-0.619951;0.311242;,
   -0.926088;-0.218469;0.307624;,
   0.456142;-0.820073;0.345564;,
   -0.034890;-0.927317;0.372646;,
   -0.593827;-0.669334;0.446499;,
   -0.899858;-0.302665;0.314086;,
   -0.628328;-0.736246;0.251287;,
   -0.934580;-0.252547;0.250562;,
   0.092932;-0.975150;0.201111;,
   -0.730061;-0.656818;0.188686;,
   -0.919256;-0.263268;0.292675;,
   -0.013821;-0.998975;0.043114;,
   0.630642;-0.766085;0.124113;,
   0.589976;-0.802840;0.085888;,
   0.928200;-0.367005;0.061251;,
   0.997010;0.071837;0.028469;,
   0.924830;-0.371441;0.081981;,
   0.879407;-0.409400;-0.242973;,
   0.917261;0.107400;-0.383534;,
   0.390349;-0.892797;-0.224815;,
   0.235943;-0.299665;-0.924409;,
   -0.088030;-0.992824;-0.080939;,
   0.138236;-0.769465;-0.623550;,
   -0.658282;-0.699615;0.277856;,
   -0.165738;-0.967582;0.190570;,
   -0.647883;-0.605004;0.462836;,
   -0.885844;-0.214745;0.411296;,
   -0.717199;-0.512829;0.471838;,
   -0.884883;-0.150653;0.440780;,
   -0.909838;0.062999;0.410153;,
   -0.713316;-0.589727;0.378686;,
   -0.339523;-0.862965;0.374187;,
   -0.302984;-0.810216;0.501749;,
   -0.100041;-0.891623;0.441588;,
   -0.124020;-0.925333;0.358298;,
   0.000000;-0.931400;0.363997;,
   -0.276237;-0.846189;0.455693;,
   -0.116774;-0.889185;0.442395;,
   -0.059635;-0.998192;0.007512;,
   0.000000;-0.906307;0.422620;,
   0.000000;-0.899619;0.436677;,
   0.100041;-0.891623;0.441588;,
   0.124020;-0.925333;0.358298;,
   0.339523;-0.862965;0.374186;,
   0.302984;-0.810216;0.501749;,
   0.116774;-0.889185;0.442395;,
   0.717200;-0.512829;0.471838;,
   0.713316;-0.589727;0.378686;,
   0.909838;0.062999;0.410153;,
   0.884883;-0.150653;0.440779;,
   0.885844;-0.214745;0.411296;,
   0.647884;-0.605004;0.462836;,
   0.919256;-0.263268;0.292674;,
   0.276237;-0.846189;0.455693;,
   0.658282;-0.699615;0.277856;,
   0.165738;-0.967582;0.190570;,
   0.730061;-0.656817;0.188686;,
   0.934580;-0.252546;0.250562;,
   0.088030;-0.992824;-0.080939;,
   0.628328;-0.736246;0.251287;,
   0.899858;-0.302664;0.314086;,
   0.013821;-0.998975;0.043114;,
   -0.390349;-0.892797;-0.224815;,
   0.593827;-0.669334;0.446499;,
   0.926088;-0.218469;0.307624;,
   0.720270;-0.619951;0.311242;,
   0.935598;-0.336521;0.106814;,
   0.034891;-0.927317;0.372646;,
   0.529004;-0.841850;0.106978;,
   0.785246;-0.257329;-0.563179;,
   0.419989;-0.682542;-0.598118;,
   0.036676;-0.957018;0.287701;,
   -0.062901;-0.994039;0.089056;,
   -0.020226;-0.818420;-0.574264;,
   -0.456142;-0.820073;0.345564;,
   -0.624728;-0.777114;0.076222;,
   -0.455872;-0.661549;-0.595427;,
   -0.487120;-0.832244;0.264733;,
   -0.959633;-0.280925;0.013617;,
   -0.753905;-0.242627;-0.610541;,
   -0.991794;0.115309;-0.055218;,
   -0.792876;0.076417;-0.604572;,
   -0.990576;0.032072;0.133154;,
   -0.881989;-0.417959;0.217730;,
   -0.980024;0.130526;0.150054;,
   -0.927166;-0.331987;0.173630;,
   -0.999212;0.039688;-0.000042;,
   -0.928200;-0.367005;0.061251;,
   -0.997010;0.071837;0.028470;,
   -0.630642;-0.766085;0.124113;,
   -0.092932;-0.975150;0.201111;,
   -0.589976;-0.802840;0.085888;,
   -0.924830;-0.371441;0.081981;,
   -0.879407;-0.409400;-0.242973;,
   -0.917261;0.107400;-0.383534;,
   -0.138236;-0.769465;-0.623550;,
   -0.235943;-0.299665;-0.924409;,
   0.000000;-0.164689;-0.986346;,
   0.000000;0.074836;-0.997196;,
   0.000000;-0.517969;-0.855400;,
   0.000000;-0.976138;-0.217153;,
   0.059636;-0.998192;0.007512;,
   -0.840091;0.339355;0.423184;,
   -0.884883;-0.150653;0.440780;,
   -0.909838;0.062999;0.410153;,
   -0.701739;0.617020;0.356157;,
   -0.589428;0.742890;0.317317;,
   -0.649652;0.704715;0.285183;,
   -0.892518;0.262971;0.366411;,
   -0.927912;0.259978;0.267191;,
   -0.350312;0.921354;0.168489;,
   -0.254011;0.942699;0.216325;,
   -0.697849;0.671998;0.247843;,
   -0.948551;0.238166;0.208633;,
   -0.139439;0.982644;0.122339;,
   -0.328308;0.935680;0.129296;,
   -0.752334;0.637374;0.166575;,
   -0.945159;0.229709;0.232182;,
   -0.127714;0.990095;0.058314;,
   -0.001830;0.999947;0.010127;,
   0.025658;0.999651;-0.006220;,
   -0.138695;0.983882;-0.112872;,
   -0.000000;0.995558;-0.094154;,
   -0.229870;0.971147;0.063515;,
   -0.000000;0.840841;-0.541282;,
   -0.149549;0.972105;0.180683;,
   0.048355;0.962093;-0.268399;,
   -0.189032;0.972658;0.134917;,
   0.415345;0.908294;0.049906;,
   0.394498;0.916606;0.064840;,
   -0.276544;0.928389;0.248228;,
   0.632047;0.472147;-0.614487;,
   -0.688069;0.604366;0.401625;,
   0.269844;0.941889;0.200075;,
   -0.116560;0.971303;0.207327;,
   0.472180;0.863032;0.179505;,
   0.906007;0.402389;0.131280;,
   -0.685709;0.704546;0.182809;,
   0.824170;0.544257;0.156614;,
   0.990576;0.032073;0.133153;,
   0.980024;0.130526;0.150054;,
   0.991794;0.115309;-0.055219;,
   0.916845;0.399038;0.012798;,
   0.999212;0.039688;-0.000042;,
   0.997010;0.071837;0.028469;,
   0.878018;0.478251;0.019012;,
   0.917261;0.107400;-0.383534;,
   0.000000;0.074836;-0.997196;,
   0.000000;0.292970;-0.956122;,
   -0.632047;0.472147;-0.614487;,
   -0.917261;0.107400;-0.383534;,
   -0.048355;0.962093;-0.268399;,
   -0.878018;0.478250;0.019012;,
   -0.997010;0.071837;0.028470;,
   -0.415345;0.908294;0.049906;,
   -0.916845;0.399038;0.012798;,
   -0.999212;0.039688;-0.000042;,
   -0.980024;0.130526;0.150054;,
   -0.394498;0.916606;0.064840;,
   -0.824170;0.544257;0.156614;,
   -0.990576;0.032072;0.133154;,
   -0.906007;0.402389;0.131280;,
   -0.991794;0.115309;-0.055218;,
   -0.269844;0.941889;0.200076;,
   -0.843652;0.533246;-0.062442;,
   -0.792876;0.076417;-0.604572;,
   -0.652674;0.437266;-0.618720;,
   -0.472180;0.863032;0.179505;,
   -0.274544;0.960589;-0.043521;,
   -0.164465;0.768777;-0.618008;,
   0.276544;0.928389;0.248228;,
   0.320331;0.947105;-0.019479;,
   0.330448;0.726049;-0.603040;,
   0.116559;0.971303;0.207327;,
   0.857625;0.514274;-0.001217;,
   0.724136;0.348960;-0.594856;,
   0.685709;0.704546;0.182809;,
   0.688069;0.604366;0.401626;,
   0.936977;0.249302;0.244790;,
   0.984655;0.173996;-0.013388;,
   0.814882;0.132351;-0.564314;,
   0.785246;-0.257329;-0.563179;,
   0.935598;-0.336521;0.106814;,
   0.926088;-0.218469;0.307624;,
   0.899858;-0.302664;0.314086;,
   0.945159;0.229709;0.232182;,
   0.752334;0.637374;0.166575;,
   0.948551;0.238166;0.208633;,
   0.189032;0.972658;0.134917;,
   0.697849;0.671997;0.247843;,
   0.927912;0.259978;0.267191;,
   0.149549;0.972105;0.180683;,
