xof 0303txt 0032
template ColorRGBA {
 <35ff44e0-6c7c-11cf-8f52-0040333594a3>
 FLOAT red;
 FLOAT green;
 FLOAT blue;
 FLOAT alpha;
}

template ColorRGB {
 <d3e16e81-7835-11cf-8f52-0040333594a3>
 FLOAT red;
 FLOAT green;
 FLOAT blue;
}

template Material {
 <3d82ab4d-62da-11cf-ab39-0020af71e433>
 ColorRGBA faceColor;
 FLOAT power;
 ColorRGB specularColor;
 ColorRGB emissiveColor;
 [...]
}

template TextureFilename {
 <a42790e1-7810-11cf-8f52-0040333594a3>
 STRING filename;
}

template Frame {
 <3d82ab46-62da-11cf-ab39-0020af71e433>
 [...]
}

template Matrix4x4 {
 <f6f23f45-7686-11cf-8f52-0040333594a3>
 array FLOAT matrix[16];
}

template FrameTransformMatrix {
 <f6f23f41-7686-11cf-8f52-0040333594a3>
 Matrix4x4 frameMatrix;
}

template Vector {
 <3d82ab5e-62da-11cf-ab39-0020af71e433>
 FLOAT x;
 FLOAT y;
 FLOAT z;
}

template MeshFace {
 <3d82ab5f-62da-11cf-ab39-0020af71e433>
 DWORD nFaceVertexIndices;
 array DWORD faceVertexIndices[nFaceVertexIndices];
}

template Mesh {
 <3d82ab44-62da-11cf-ab39-0020af71e433>
 DWORD nVertices;
 array Vector vertices[nVertices];
 DWORD nFaces;
 array MeshFace faces[nFaces];
 [...]
}

template MeshNormals {
 <f6f23f43-7686-11cf-8f52-0040333594a3>
 DWORD nNormals;
 array Vector normals[nNormals];
 DWORD nFaceNormals;
 array MeshFace faceNormals[nFaceNormals];
}

template MeshMaterialList {
 <f6f23f42-7686-11cf-8f52-0040333594a3>
 DWORD nMaterials;
 DWORD nFaceIndexes;
 array DWORD faceIndexes[nFaceIndexes];
 [Material <3d82ab4d-62da-11cf-ab39-0020af71e433>]
}

template Coords2d {
 <f6f23f44-7686-11cf-8f52-0040333594a3>
 FLOAT u;
 FLOAT v;
}

template MeshTextureCoords {
 <f6f23f40-7686-11cf-8f52-0040333594a3>
 DWORD nTextureCoords;
 array Coords2d textureCoords[nTextureCoords];
}

template XSkinMeshHeader {
 <3cf169ce-ff7c-44ab-93c0-f78f62d172e2>
 WORD nMaxSkinWeightsPerVertex;
 WORD nMaxSkinWeightsPerFace;
 WORD nBones;
}

template SkinWeights {
 <6f0d123b-bad2-4167-a0d0-80224f25fabb>
 STRING transformNodeName;
 DWORD nWeights;
 array DWORD vertexIndices[nWeights];
 array FLOAT weights[nWeights];
 Matrix4x4 matrixOffset;
}

template AnimTicksPerSecond {
 <9e415a43-7ba6-4a73-8743-b73d47e88476>
 DWORD AnimTicksPerSecond;
}

template Animation {
 <3d82ab4f-62da-11cf-ab39-0020af71e433>
 [...]
}

template AnimationSet {
 <3d82ab50-62da-11cf-ab39-0020af71e433>
 [Animation <3d82ab4f-62da-11cf-ab39-0020af71e433>]
}

template FloatKeys {
 <10dd46a9-775b-11cf-8f52-0040333594a3>
 DWORD nValues;
 array FLOAT values[nValues];
}

template TimedFloatKeys {
 <f406b180-7b3b-11cf-8f52-0040333594a3>
 DWORD time;
 FloatKeys tfkeys;
}

template AnimationKey {
 <10dd46a8-775b-11cf-8f52-0040333594a3>
 DWORD keyType;
 DWORD nKeys;
 array TimedFloatKeys keys[nKeys];
}


Material Standard_4_175 {
 1.000000;1.000000;1.000000;1.000000;;
 43.219280;
 0.020000;0.020000;0.020000;;
 0.000000;0.000000;0.000000;;

 TextureFilename {
  "01400014_f_ribbonmarine_d.dds";
 }
}

Material _08_-_Default_195 {
 1.000000;1.000000;1.000000;1.000000;;
 43.219280;
 0.020000;0.020000;0.020000;;
 0.000000;0.000000;0.000000;;

 TextureFilename {
  "01700005_C_MarineShoes_D.dds";
 }
}

Material _08_-_Default_214 {
 1.000000;1.000000;1.000000;1.000000;;
 43.219280;
 0.020000;0.020000;0.020000;;
 0.000000;0.000000;0.000000;;

 TextureFilename {
  "01700005_C_MarineShoes_D.dds";
 }
}

Material Standard_8_227 {
 1.000000;1.000000;1.000000;1.000000;;
 43.219280;
 0.020000;0.020000;0.020000;;
 0.000000;0.000000;0.000000;;

 TextureFilename {
  "01500014_f_marineskirt_d.dds";
 }
}

Material _02_-_Default_247 {
 1.000000;1.000000;1.000000;1.000000;;
 43.219280;
 0.020000;0.020000;0.020000;;
 0.000000;0.000000;0.000000;;

 TextureFilename {
  "01700005_C_MarineShoes_D.dds";
 }
}

Material PA_261 {
 1.000000;1.000000;1.000000;1.000000;;
 43.219280;
 0.020000;0.020000;0.020000;;
 0.000000;0.000000;0.000000;;

 TextureFilename {
  "F_PA.dds";
 }
}

Material Standard_13aa_278 {
 1.000000;1.000000;1.000000;1.000000;;
 43.219280;
 0.020000;0.020000;0.020000;;
 0.000000;0.000000;0.000000;;

 TextureFilename {
  "F_Skin_body_D.dds";
 }
}

Material Standard_13aa_297 {
 1.000000;1.000000;1.000000;1.000000;;
 43.219280;
 0.020000;0.020000;0.020000;;
 0.000000;0.000000;0.000000;;

 TextureFilename {
  "F_Skin_body_D.dds";
 }
}

Frame Scene_Root {
 

 FrameTransformMatrix {
  0.393701,0.000000,0.000000,0.000000,0.000000,-0.000000,-0.393701,0.000000,0.000000,0.393701,-0.000000,0.000000,0.000000,0.000000,0.000000,1.000000;;
 }

 Frame Bip01 {
  

  FrameTransformMatrix {
   0.000002,0.997564,-0.069757,0.000000,-1.000000,0.000001,-0.000000,0.000000,0.000000,0.069757,0.997564,0.000000,0.013153,1.995826,45.297594,1.000000;;
  }

  Frame Bip01_Footsteps {
   

   FrameTransformMatrix {
    0.000002,-1.000000,0.000000,0.000000,0.997564,0.000002,0.069757,0.000000,-0.069757,-0.000000,0.997564,0.000000,3.147252,0.000004,-45.007174,1.000000;;
   }
  }

  Frame Bip01_Pelvis {
   

   FrameTransformMatrix {
    0.000002,-0.000000,1.000000,0.000000,-1.000000,0.000001,0.000002,0.000000,-0.000001,-1.000000,-0.000000,0.000000,0.000000,0.000000,0.000000,1.000000;;
   }

   Frame Bip01_Spine {
    

    FrameTransformMatrix {
     0.998708,-0.050824,0.000001,0.000000,0.050824,0.998708,0.000004,0.000000,-0.000001,-0.000004,1.000000,0.000000,3.672924,-0.256298,0.000005,1.000000;;
    }

    Frame Bip01_Spine1 {
     

     FrameTransformMatrix {
      0.996899,0.078688,-0.000000,0.000000,-0.078688,0.996899,0.000000,0.000000,0.000000,-0.000000,1.000000,0.000000,5.748711,0.004558,-0.000000,1.000000;;
     }

     Frame Bip01_Spine2 {
      

      FrameTransformMatrix {
       0.983435,0.181259,-0.000001,0.000000,-0.181259,0.983435,0.000000,0.000000,0.000001,0.000000,1.000000,0.000000,5.739052,0.013319,-0.000000,1.000000;;
      }

      Frame Bip01_Neck {
       

       FrameTransformMatrix {
        0.967684,-0.252167,0.000001,0.000000,0.252167,0.967684,0.000000,0.000000,-0.000001,0.000000,1.000000,0.000000,17.185211,0.674536,0.000002,1.000000;;
       }

       Frame Bip01_Head {
        

        FrameTransformMatrix {
         0.993567,0.113247,-0.000000,0.000000,-0.113247,0.993567,0.000000,0.000000,0.000000,0.000000,1.000000,0.000000,4.018608,0.785323,-0.013147,1.000000;;
        }

        Frame Bip01_HeadNub {
         

         FrameTransformMatrix {
          1.000000,-0.000000,-0.000000,0.000000,0.000000,1.000000,0.000000,0.000000,0.000000,-0.000000,1.000000,0.000000,51.565370,-0.000000,-0.000002,1.000000;;
         }
        }
       }

       Frame Bip01_L_Clavicle {
        

        FrameTransformMatrix {
         -0.307849,-0.008913,0.951393,0.000000,0.252271,-0.964930,0.072590,0.000000,0.917381,0.262356,0.299302,0.000000,-1.842407,0.188779,3.177583,1.000000;;
        }

        Frame Bip01_L_UpperArm {
         

         FrameTransformMatrix {
          0.835930,-0.092037,-0.541063,0.000000,-0.025557,0.978242,-0.205888,0.000000,0.548240,0.185936,0.815390,0.000000,7.100722,-0.000000,0.000008,1.000000;;
         }

         Frame Bip01_L_Forearm {
          

          FrameTransformMatrix {
           0.999999,0.001452,-0.000000,0.000000,-0.001452,0.999999,-0.000000,0.000000,-0.000000,0.000000,1.000000,0.000000,15.525947,0.000001,-0.000004,1.000000;;
          }

          Frame Bip01_L_Hand {
           

           FrameTransformMatrix {
            0.999650,-0.022704,0.013559,0.000000,-0.014317,-0.033570,0.999334,0.000000,-0.022233,-0.999179,-0.033883,0.000000,13.317225,-0.000000,-0.000011,1.000000;;
           }

           Frame Weapon_Hand_L_Point {
            

            FrameTransformMatrix {
             0.039464,-0.100056,0.994199,0.000000,0.998798,-0.024994,-0.042162,0.000000,0.029067,0.994668,0.098950,0.000000,11.464726,-1.377159,-0.147706,1.000000;;
            }
           }
          }
         }

         Frame Bip01_L_ForeTwist {
          

          FrameTransformMatrix {
           0.999999,0.001452,-0.000000,0.000000,-0.001452,0.999935,0.011299,0.000000,0.000016,-0.011299,0.999936,0.000000,15.525947,0.000001,-0.000004,1.000000;;
          }

          Frame Bip01_L_ForeTwist1 {
           

           FrameTransformMatrix {
            1.000000,-0.000000,0.000000,0.000000,0.000000,0.999936,0.011299,0.000000,-0.000000,-0.011299,0.999936,0.000000,6.658619,-0.000000,0.000004,1.000000;;
           }
          }
         }

         Frame Bip01_L_UpperTwist_Bone01 {
          

          FrameTransformMatrix {
           1.000000,-0.000000,-0.000000,0.000000,0.000000,1.000000,-0.000000,0.000000,0.000000,0.000000,1.000000,0.000000,0.000015,-0.000001,-0.000015,1.000000;;
          }
         }
        }
       }

       Frame Bip01_R_Clavicle {
        

        FrameTransformMatrix {
         -0.307849,-0.008918,-0.951394,0.000000,0.252271,-0.964930,-0.072584,0.000000,-0.917381,-0.262354,0.299303,0.000000,-1.842422,0.188759,-3.177591,1.000000;;
        }

        Frame Bip01_R_UpperArm {
         

         FrameTransformMatrix {
          0.835931,-0.092037,0.541063,0.000000,-0.025557,0.978242,0.205888,0.000000,-0.548240,-0.185936,0.815390,0.000000,7.100717,-0.000001,-0.000015,1.000000;;
         }

         Frame Bip01_R_Forearm {
          

          FrameTransformMatrix {
           0.999999,0.001452,0.000000,0.000000,-0.001452,0.999999,-0.000000,0.000000,0.000000,0.000000,1.000000,0.000000,15.525952,0.000001,0.000000,1.000000;;
          }

          Frame Bip01_R_Hand {
           

           FrameTransformMatrix {
            0.999650,-0.022704,-0.013559,0.000000,-0.014317,-0.033570,-0.999334,0.000000,0.022233,0.999179,-0.033883,0.000000,13.317222,-0.000000,0.000004,1.000000;;
           }

           Frame Weapon_Hand_R_Point {
            

            FrameTransformMatrix {
             -0.074295,0.100867,0.992123,0.000000,0.996813,-0.021483,0.076830,0.000000,0.029064,0.994669,-0.098949,0.000000,11.482883,-1.359406,0.123646,1.000000;;
            }
           }
          }
         }

         Frame Bip01_R_ForeTwist {
          

          FrameTransformMatrix {
           0.999999,0.001452,-0.000000,0.000000,-0.001452,0.999935,-0.011299,0.000000,-0.000016,0.011299,0.999936,0.000000,15.525952,0.000001,0.000000,1.000000;;
          }

          Frame Bip01_R_ForeTwist1 {
           

           FrameTransformMatrix {
            1.000000,0.000000,0.000000,0.000000,-0.000000,0.999936,-0.011299,0.000000,0.000000,0.011299,0.999936,0.000000,6.658611,-0.000000,0.000011,1.000000;;
           }
          }
         }

         Frame Bip01_R_UpperTwist_Bone01 {
          

          FrameTransformMatrix {
           1.000000,0.000000,-0.000001,0.000000,-0.000000,1.000000,0.000001,0.000000,0.000001,-0.000001,1.000000,0.000000,0.000008,0.000000,-0.000008,1.000000;;
          }
         }
        }
       }
      }
     }

     Frame Weapon_Back_B_Point {
      

      FrameTransformMatrix {
       0.040356,-0.997590,0.056439,0.000000,0.641886,0.069172,0.763674,0.000000,-0.765738,0.005409,0.643130,0.000000,6.044247,14.009642,3.010172,1.000000;;
      }
     }

     Frame Weapon_Back_R_Point {
      

      FrameTransformMatrix {
       -0.040305,-0.993898,0.102682,0.000000,-0.485235,0.109303,0.867525,0.000000,-0.873455,-0.014859,-0.486679,0.000000,22.008541,10.240378,-28.863229,1.000000;;
      }
     }
    }
   }

   Frame Bip01_L_Thigh {
    

    FrameTransformMatrix {
     -0.997055,0.052067,0.056309,0.000000,0.051801,0.998638,-0.006171,0.000000,-0.056553,-0.003236,-0.998395,0.000000,-0.000011,-0.000013,7.749225,1.000000;;
    }

    Frame Bip01_L_Calf {
     

     FrameTransformMatrix {
      0.999627,0.027315,-0.000000,0.000000,-0.027315,0.999627,-0.000000,0.000000,0.000000,0.000000,1.000000,0.000000,22.080990,-0.000000,0.000002,1.000000;;
     }

     Frame Bip01_L_Foot {
      

      FrameTransformMatrix {
       0.987421,-0.147811,0.056152,0.000000,0.146646,0.988889,0.024354,0.000000,-0.059128,-0.015813,0.998125,0.000000,14.997723,-0.000001,-0.000002,1.000000;;
      }

      Frame Bip01_L_Toe0 {
       

       FrameTransformMatrix {
        -0.000000,-1.000000,-0.000000,0.000000,1.000001,-0.000000,-0.000000,0.000000,0.000000,-0.000000,1.000000,0.000000,8.640068,-6.144474,0.000001,1.000000;;
       }
      }
     }

     Frame L_Calf_Point01 {
      

      FrameTransformMatrix {
       0.987262,-0.148879,0.056111,0.000000,0.147711,0.988729,0.024430,0.000000,-0.059116,-0.015831,0.998126,0.000000,12.996121,0.544428,-1.375638,1.000000;;
      }
     }
    }
   }

   Frame Bip01_R_Thigh {
    

    FrameTransformMatrix {
     -0.997055,0.052067,-0.056311,0.000000,0.051801,0.998638,0.006174,0.000000,0.056556,0.003238,-0.998394,0.000000,0.000011,0.000008,-7.749222,1.000000;;
    }

    Frame Bip01_R_Calf {
     

     FrameTransformMatrix {
      0.999627,0.027315,-0.000000,0.000000,-0.027315,0.999627,-0.000000,0.000000,0.000000,0.000000,1.000000,0.000000,22.080987,0.000000,0.000000,1.000000;;
     }

     Frame Bip01_R_Foot {
      

      FrameTransformMatrix {
       0.987420,-0.147811,-0.056152,0.000000,0.146646,0.988889,-0.024354,0.000000,0.059128,0.015813,0.998125,0.000000,14.997717,-0.000000,-0.000001,1.000000;;
      }

      Frame Bip01_R_Toe0 {
       

       FrameTransformMatrix {
        -0.000000,-1.000000,-0.000000,0.000000,1.000000,-0.000000,-0.000000,0.000000,0.000000,-0.000000,1.000000,0.000000,8.640069,-6.144474,-0.000001,1.000000;;
       }
      }
     }

     Frame R_Calf_Point01 {
      

      FrameTransformMatrix {
       0.987418,-0.147839,-0.056125,0.000000,0.146677,0.988886,-0.024316,0.000000,0.059096,0.015778,0.998128,0.000000,12.995918,0.544456,1.372131,1.000000;;
      }
     }
    }
   }

   Frame Weapon_Side_L_Point {
    

    FrameTransformMatrix {
     -0.395956,-0.031511,-0.917729,0.000000,-0.496463,0.848098,0.185080,0.000000,0.772492,0.528902,-0.351454,0.000000,3.514828,-8.649693,15.920971,1.000000;;
    }
   }

   Frame Weapon_Side_R_Point {
    

    FrameTransformMatrix {
     0.375618,0.017156,-0.926616,0.000000,-0.498300,0.846749,-0.186317,0.000000,0.781414,0.531717,0.326603,0.000000,3.401978,-8.603474,-15.780382,1.000000;;
    }
   }
  }

  Frame EFF_Lock_D {
   

   FrameTransformMatrix {
    0.997581,0.000000,0.069521,0.000000,-0.000000,1.000000,0.000000,0.000000,-0.069521,-0.000000,0.997581,0.000000,1.168878,0.013154,-45.326458,1.000000;;
   }
  }

  Frame Move_Link_D {
   

   FrameTransformMatrix {
    0.997564,-0.000000,0.069757,0.000000,0.000000,1.000000,-0.000000,0.000000,-0.069757,0.000000,0.997564,0.000000,0.748200,0.000001,-10.699604,1.000000;;
   }

   Frame EFF_Move_D {
    

    FrameTransformMatrix {
     1.000000,0.000001,-0.000000,0.000000,-0.000001,1.000000,0.000000,0.000000,0.000000,-0.000000,1.000000,0.000000,-1.706174,0.013154,-34.571846,1.000000;;
    }
   }
  }

  Frame SATA9NI_Link_Point02 {
   

   FrameTransformMatrix {
    -0.997564,-0.000001,-0.069756,0.000000,0.069756,0.000000,-0.997564,0.000000,0.000001,-1.000000,-0.000000,0.000000,0.434791,0.010962,-41.792880,1.000000;;
   }
  }

  Frame SATA9NI_Bone01 {
   

   FrameTransformMatrix {
    0.035253,-0.000053,-0.999379,0.000000,0.999378,-0.000001,0.035253,0.000000,-0.000003,-1.000000,0.000052,0.000000,-1.034301,0.013151,-0.145496,1.000000;;
   }
  }

  Frame SATA9NI_Lock_Dummy01 {
   

   FrameTransformMatrix {
    0.000002,-1.000000,0.000000,0.000000,0.997564,0.000002,0.069757,0.000000,-0.069757,-0.000000,0.997564,0.000000,1.168832,0.013159,-45.326467,1.000000;;
   }
  }
 }

 Frame CL {
  

  FrameTransformMatrix {
   1.000000,0.000000,0.000000,0.000000,0.000000,1.000000,0.000000,0.000000,0.000000,0.000000,1.000000,0.000000,0.000000,2.045111,64.617370,1.000000;;
  }
 }

 Frame SH_Ankle {
  

  FrameTransformMatrix {
   1.000000,0.000000,0.000000,0.000000,0.000000,1.000000,0.000000,0.000000,0.000000,0.000000,1.000000,0.000000,0.000000,-0.000000,-0.000000,1.000000;;
  }
 }

 Frame SH {
  

  FrameTransformMatrix {
   1.000000,0.000000,0.000000,0.000000,0.000000,1.000000,0.000000,0.000000,0.000000,0.000000,1.000000,0.000000,0.000000,-0.000000,-0.000000,1.000000;;
  }
 }

 Frame PA {
  

  FrameTransformMatrix {
   1.000000,0.000000,0.000000,0.000000,0.000000,1.000000,0.000000,0.000000,0.000000,0.000000,1.000000,0.000000,0.000000,0.000000,0.000000,1.000000;;
  }
 }

 Frame SH_Stocking {
  

  FrameTransformMatrix {
   1.000000,0.000000,0.000000,0.000000,0.000000,1.000000,0.000000,0.000000,0.000000,0.000000,1.000000,0.000000,0.000008,0.000000,0.000000,1.000000;;
  }
 }

 Frame PA_Panty {
  

  FrameTransformMatrix {
   1.000000,0.000000,0.000000,0.000000,0.000000,1.000000,0.000000,0.000000,0.000000,0.000000,1.000000,0.000000,0.000000,0.000000,0.000000,1.000000;;
  }
 }

 Frame PA_Skin {
  

  FrameTransformMatrix {
   1.000000,0.000000,0.000000,0.000000,0.000000,1.000000,0.000000,0.000000,0.000000,0.000000,1.000000,0.000000,0.000000,0.000000,0.000000,1.000000;;
  }
 }

 Frame CL_Skin {
  

  FrameTransformMatrix {
   1.000000,0.000000,0.000000,0.000000,0.000000,1.000000,0.000000,0.000000,0.000000,0.000000,1.000000,0.000000,0.000000,0.000000,0.000000,1.000000;;
  }
 }
}

Frame CL_ {
 

 FrameTransformMatrix {
  0.393701,0.000000,0.000000,0.000000,0.000000,-0.000000,-0.393701,0.000000,0.000000,0.393701,-0.000000,0.000000,0.000000,0.000000,0.000000,1.000000;;
 }

 Mesh CL_ {
  1033;
  -10.963908;-3.118566;65.828390;,
  -11.203274;0.872652;64.337779;,
  -11.001791;-0.348759;65.460710;,
  3.367654;8.827427;68.650496;,
  4.521106;10.122369;64.929517;,
  5.132117;8.554771;68.421638;,
  -11.224446;-3.351094;65.198874;,
  -11.753048;1.116390;63.566893;,
  -12.140252;-3.162454;64.233382;,
  -12.570677;0.898709;63.148096;,
  -13.415786;-2.732736;63.400602;,
  -13.478128;0.729820;63.316301;,
  -15.211533;-4.597553;64.669210;,
  -14.202091;-6.045794;65.890131;,
  -17.716232;-4.228741;66.801894;,
  -13.103160;-6.358279;67.579405;,
  -17.544034;-5.608173;67.586240;,
  -19.139598;-2.117252;67.916301;,
  -16.527570;-6.192592;68.844333;,
  -19.817581;-2.517705;69.031226;,
  -19.795667;-3.691282;70.408384;,
  -20.057544;-0.143100;69.169523;,
  -18.863811;1.244291;67.820333;,
  -20.107861;0.023135;70.956019;,
  -19.210634;2.852060;68.633120;,
  -17.209013;3.480893;66.627571;,
  -18.767245;-4.022790;71.527699;,
  -18.873318;3.902882;69.608256;,
  -15.540568;-6.024514;70.191994;,
  -19.020782;0.082807;72.152314;,
  -17.243157;-4.052498;72.065421;,
  -12.211002;-5.745802;69.231994;,
  -13.758435;-4.713735;72.182234;,
  -10.716488;-3.155502;66.091462;,
  -10.862122;-0.335034;65.515475;,
  -9.710641;-3.533719;66.332410;,
  -10.738374;-0.367755;65.169997;,
  -11.068105;-5.304276;70.491910;,
  -9.696188;-4.693994;71.093242;,
  -12.176616;-3.799671;74.009453;,
  -9.727411;-3.628291;75.404480;,
  -10.043503;-1.240310;76.592384;,
  -12.731930;-1.539316;75.378202;,
  -15.143840;-2.316365;74.042035;,
  -12.662706;1.829459;75.059469;,
  -9.861486;1.657495;76.202803;,
  -9.731210;4.204936;73.668998;,
  -17.708667;-0.007402;72.543322;,
  -14.787166;2.041448;73.754362;,
  -12.160686;3.367975;73.531469;,
  -14.298742;4.110372;72.131533;,
  -11.841458;4.250720;71.871789;,
  -10.658789;5.072528;69.648704;,
  -16.708941;3.833646;71.577536;,
  -13.177030;4.888203;69.672704;,
  -11.369559;4.820010;69.581530;,
  -10.910199;5.141798;67.601843;,
  -11.119613;4.147641;66.597376;,
  -11.066058;4.561102;66.407738;,
  -10.738374;-0.367755;65.169997;,
  -10.862122;-0.335034;65.515475;,
  -11.462233;4.264129;66.566803;,
  -11.001791;-0.348759;65.460710;,
  -11.203274;0.872652;64.337779;,
  -14.113880;5.513272;68.661856;,
  -11.988959;4.486712;65.662438;,
  -11.753048;1.116390;63.566893;,
  -15.250229;5.672361;67.636538;,
  -12.836660;4.471890;64.934182;,
  -13.789696;4.001082;64.316294;,
  -12.570677;0.898709;63.148096;,
  -14.643822;2.999999;64.524179;,
  -13.478128;0.729820;63.316301;,
  -16.322336;4.972944;66.841504;,
  -17.783438;4.198098;70.764832;,
  -1.700049;10.039910;67.459162;,
  -2.331269;11.353483;66.448333;,
  -1.573382;11.197677;67.333869;,
  -2.687393;10.154555;66.863379;,
  -3.379398;11.475448;65.326886;,
  -3.750323;10.258354;65.914106;,
  -4.399516;11.268314;64.389907;,
  -4.521103;10.122369;64.929517;,
  -5.672154;11.018937;63.942042;,
  -3.367652;8.827427;68.650496;,
  -5.234646;9.908536;64.587827;,
  -7.243447;10.487992;63.951994;,
  -6.280749;9.484828;64.529958;,
  -8.154562;9.944555;64.981056;,
  -5.132114;8.554771;68.421638;,
  -7.440545;9.037820;65.450419;,
  -8.517430;9.400434;66.831469;,
  -7.867094;8.820743;67.111366;,
  -8.488640;8.800376;69.248390;,
  -7.670346;8.406743;69.188531;,
  -8.770733;8.421592;71.893882;,
  -7.952576;7.905174;71.205094;,
  -8.230651;8.375008;72.941786;,
  -7.568150;7.747857;72.044634;,
  -6.023202;8.629539;73.256141;,
  -5.612105;7.947594;72.344077;,
  -4.166177;9.057643;72.809133;,
  -3.992196;8.293834;71.945651;,
  -2.870419;9.415978;71.994906;,
  -2.742432;8.582016;71.274483;,
  -1.651125;9.654089;71.230752;,
  -1.519270;8.772401;70.647859;,
  -10.276592;-1.306182;76.814010;,
  -11.292910;1.754229;76.027814;,
  -11.370705;-1.352789;76.471955;,
  -10.202752;1.693431;76.413888;,
  -10.436034;4.482609;73.642227;,
  -9.137169;4.787346;73.807142;,
  -9.880594;5.088745;72.963974;,
  -8.707362;6.282243;72.003930;,
  -7.818774;5.960760;72.880122;,
  -7.109077;7.785094;70.960704;,
  -6.081922;7.589332;71.778605;,
  -5.983255;8.251186;70.998240;,
  -2.470814;8.986895;71.039462;,
  -12.546394;-1.409506;76.042566;,
  -11.193966;-3.919020;75.086637;,
  -11.370705;-1.352789;76.471955;,
  -12.371294;-3.930122;74.792326;,
  -9.920298;-5.232480;71.460371;,
  -10.983974;-5.161331;70.999930;,
  -10.242507;-5.543101;69.618150;,
  -9.490549;-5.403326;70.553254;,
  -8.958643;-5.798978;68.384787;,
  -8.270261;-5.633153;69.431642;,
  -6.797948;-5.829185;68.598035;,
  -6.821507;-6.031454;67.320333;,
  -3.319323;-6.105877;67.738131;,
  -3.327841;-6.217300;66.677005;,
  -0.000000;-6.151025;67.576883;,
  -0.000000;-6.253435;66.545197;,
  3.327840;-6.217300;66.677005;,
  3.319323;-6.105877;67.738131;,
  6.821506;-6.031454;67.320333;,
  6.797947;-5.829186;68.598035;,
  8.958643;-5.798978;68.384787;,
  8.270262;-5.633153;69.431648;,
  9.490549;-5.403326;70.553261;,
  10.242506;-5.543101;69.618163;,
  9.920298;-5.232481;71.460371;,
  10.983974;-5.161331;70.999949;,
  12.371293;-3.930122;74.792333;,
  11.193968;-3.919020;75.086637;,
  12.546394;-1.409506;76.042579;,
  11.370705;-1.352789;76.471962;,
  -11.370705;-1.352789;76.471955;,
  -10.027351;-3.903811;75.366714;,
  -10.276592;-1.306182;76.814010;,
  -11.193966;-3.919020;75.086637;,
  -8.669523;-5.320529;71.650598;,
  -9.920298;-5.232480;71.460371;,
  -9.490549;-5.403326;70.553254;,
  -7.527163;-5.543840;70.472397;,
  -8.270261;-5.633153;69.431642;,
  -6.769698;-5.640936;69.918445;,
  -6.797948;-5.829185;68.598035;,
  -3.309838;-5.981776;69.014470;,
  -3.319323;-6.105877;67.738131;,
  -1.494677;-6.010934;68.927667;,
  -0.618103;-5.821185;71.728896;,
  -0.293599;-5.937542;70.212602;,
  -0.000000;-5.930165;70.353888;,
  -0.000000;-5.822668;72.048256;,
  0.618102;-5.821185;71.728896;,
  0.293599;-5.937542;70.212602;,
  1.494676;-6.010934;68.927667;,
  3.309838;-5.981776;69.014470;,
  3.319323;-6.105877;67.738131;,
  -0.000000;-6.034940;68.856192;,
  6.797947;-5.829186;68.598035;,
  6.769697;-5.640936;69.918445;,
  8.270262;-5.633153;69.431648;,
  7.527163;-5.543840;70.472403;,
  9.490549;-5.403326;70.553261;,
  8.669523;-5.320529;71.650605;,
  9.920298;-5.232481;71.460371;,
  11.193968;-3.919020;75.086637;,
  10.027352;-3.903812;75.366720;,
  11.370705;-1.352789;76.471962;,
  10.276592;-1.306183;76.814016;,
  2.470814;8.986895;71.039462;,
  6.081922;7.589332;71.778605;,
  5.983254;8.251186;70.998240;,
  7.109075;7.785094;70.960704;,
  7.818774;5.960760;72.880122;,
  8.707362;6.282243;72.003930;,
  9.137167;4.787346;73.807142;,
  9.880594;5.088745;72.963981;,
  10.436034;4.482608;73.642234;,
  10.202753;1.693431;76.413894;,
  11.292913;1.754228;76.027834;,
  10.276592;-1.306183;76.814016;,
  11.370705;-1.352789;76.471962;,
  -2.428645;6.986716;73.384070;,
  -2.589688;8.719499;71.131130;,
  -3.694865;6.677796;73.321600;,
  -0.000000;7.222266;73.476358;,
  -0.000000;8.959696;71.087347;,
  2.589687;8.719499;71.131130;,
  2.428644;6.986716;73.384077;,
  3.694864;6.677796;73.321600;,
  3.976801;5.765986;74.162189;,
  2.351837;5.120443;75.289024;,
  4.023777;4.606572;75.028371;,
  2.367360;6.250854;74.263526;,
  -0.000001;5.534062;75.439110;,
  -0.000001;6.580323;74.371277;,
  -2.367361;6.250855;74.263526;,
  -2.351838;5.120443;75.289024;,
  -3.976801;5.765986;74.162189;,
  -4.023778;4.606572;75.028371;,
  2.331272;11.353483;66.448333;,
  1.700050;10.039909;67.459162;,
  1.573383;11.197677;67.333869;,
  2.687397;10.154555;66.863379;,
  3.379402;11.475448;65.326886;,
  3.750326;10.258354;65.914106;,
  4.399518;11.268314;64.389907;,
  5.672156;11.018937;63.942042;,
  5.234650;9.908536;64.587827;,
  7.243450;10.487992;63.951994;,
  6.280752;9.484827;64.529958;,
  8.154566;9.944555;64.981056;,
  7.440547;9.037820;65.450419;,
  8.517433;9.400434;66.831469;,
  7.867098;8.820742;67.111366;,
  8.488644;8.800376;69.248390;,
  7.670348;8.406743;69.188531;,
  8.770738;8.421592;71.893882;,
  7.952578;7.905174;71.205094;,
  8.230654;8.375008;72.941786;,
  7.568153;7.747857;72.044634;,
  6.023204;8.629539;73.256141;,
  5.612109;7.947594;72.344077;,
  4.166180;9.057643;72.809133;,
  3.992198;8.293834;71.945651;,
  2.870422;9.415978;71.994906;,
  2.742435;8.582016;71.274483;,
  1.651126;9.654089;71.230752;,
  1.519271;8.772401;70.647859;,
  -2.367361;6.250855;74.263526;,
  -3.694865;6.677796;73.321600;,
  -3.976801;5.765986;74.162189;,
  -2.428645;6.986716;73.384070;,
  -0.000001;6.580323;74.371277;,
  -0.000000;7.222266;73.476358;,
  2.428644;6.986716;73.384077;,
  2.367360;6.250854;74.263526;,
  3.694864;6.677796;73.321600;,
  3.976801;5.765986;74.162189;,
  -11.292910;1.754229;76.027814;,
  -12.546394;-1.409506;76.042566;,
  -11.370705;-1.352789;76.471955;,
  -12.491959;1.823140;75.590470;,
  -11.579399;4.061750;73.453203;,
  -10.436034;4.482609;73.642227;,
  -9.880594;5.088745;72.963974;,
  -10.463772;5.476808;72.066221;,
  -8.707362;6.282243;72.003930;,
  -8.672021;7.249227;70.711930;,
  -7.109077;7.785094;70.960704;,
  -7.202404;8.401676;70.019949;,
  -5.983255;8.251186;70.998240;,
  -5.788942;9.363362;69.750758;,
  -2.263645;9.942703;69.793261;,
  -2.470814;8.986895;71.039462;,
  -0.967320;9.106164;71.098592;,
  -0.000000;10.047158;69.851411;,
  -0.000000;9.366436;70.734093;,
  -0.339032;9.059135;71.086707;,
  -2.428151;6.604695;74.124250;,
  -2.817487;6.651472;74.122362;,
  -3.828169;3.803578;77.036928;,
  -6.081922;7.589332;71.778605;,
  -4.350784;3.751520;77.025229;,
  -4.208202;1.537660;78.864096;,
  -6.350219;5.600664;73.953101;,
  -7.818774;5.960760;72.880122;,
  -9.137169;4.787346;73.807142;,
  -4.014824;-1.334544;79.983885;,
  -3.432310;-0.974764;80.149408;,
  -6.870243;1.542674;77.172608;,
  -10.202752;1.693431;76.413888;,
  -7.008764;-1.115322;77.670880;,
  -10.276592;-1.306182;76.814010;,
  -5.775101;-0.953670;78.594810;,
  -5.641937;1.473731;78.062362;,
  -4.717221;1.438336;78.780314;,
  12.546394;-1.409506;76.042579;,
  11.292913;1.754228;76.027834;,
  11.370705;-1.352789;76.471962;,
  12.491961;1.823140;75.590477;,
  11.579399;4.061750;73.453210;,
  10.436034;4.482608;73.642234;,
  9.880594;5.088745;72.963981;,
  10.463773;5.476808;72.066234;,
  8.707362;6.282243;72.003930;,
  8.672021;7.249226;70.711930;,
  7.109075;7.785094;70.960704;,
  7.202403;8.401676;70.019949;,
  5.983254;8.251186;70.998240;,
  5.788941;9.363362;69.750758;,
  2.263644;9.942702;69.793261;,
  2.470814;8.986895;71.039462;,
  0.967319;9.106164;71.098592;,
  -0.000000;9.366436;70.734093;,
  0.339031;9.059135;71.086707;,
  2.428150;6.604695;74.124250;,
  2.817486;6.651472;74.122362;,
  3.828168;3.803578;77.036928;,
  6.081922;7.589332;71.778605;,
  4.350783;3.751520;77.025235;,
  4.208202;1.537660;78.864102;,
  6.350218;5.600663;73.953101;,
  7.818774;5.960760;72.880122;,
  9.137167;4.787346;73.807142;,
  4.014822;-1.334545;79.983904;,
  3.432310;-0.974764;80.149408;,
  6.870243;1.542674;77.172608;,
  10.202753;1.693431;76.413894;,
  7.008765;-1.115323;77.670880;,
  10.276592;-1.306183;76.814016;,
  5.775101;-0.953670;78.594816;,
  5.641936;1.473731;78.062362;,
  4.717220;1.438336;78.780314;,
  -1.494677;-6.010934;68.927667;,
  -0.000000;-6.034940;68.856192;,
  -0.293599;-5.937542;70.212602;,
  -0.000000;-5.930165;70.353888;,
  0.293599;-5.937542;70.212602;,
  1.494676;-6.010934;68.927667;,
  -16.040645;3.048485;62.797037;,
  -17.209013;3.480893;66.627571;,
  -14.643822;2.999999;64.524179;,
  -18.809990;3.463058;65.043238;,
  -16.206301;2.844921;62.778810;,
  -18.863811;1.244291;67.820333;,
  -18.839062;3.307997;64.869293;,
  -20.233555;1.292526;66.040275;,
  -19.139598;-2.117252;67.916301;,
  -20.182723;1.186124;65.805555;,
  -20.509333;-2.069018;66.136243;,
  -17.716232;-4.228741;66.801894;,
  -20.396250;-2.011249;65.944250;,
  -19.123974;-4.180784;65.020250;,
  -19.064766;-4.025443;64.779117;,
  -15.211533;-4.597553;64.669210;,
  -16.736434;-4.403077;62.866240;,
  -16.594626;-4.551967;62.918138;,
  -13.415786;-2.732736;63.400602;,
  -14.823525;-2.684776;61.618957;,
  -15.033688;-2.588129;61.647078;,
  -13.478128;0.729820;63.316301;,
  -14.885866;0.777779;61.534650;,
  -15.133949;0.743362;61.581574;,
  -14.643822;2.999999;64.524179;,
  -16.206301;2.844921;62.778810;,
  -16.040645;3.048485;62.797037;,
  17.209014;3.480893;66.627571;,
  16.040643;3.048485;62.797037;,
  14.643822;2.999999;64.524192;,
  18.809990;3.463057;65.043238;,
  16.206298;2.844922;62.778810;,
  18.863813;1.244290;67.820333;,
  18.839059;3.307997;64.869293;,
  20.233550;1.292526;66.040275;,
  19.139598;-2.117253;67.916301;,
  20.182723;1.186123;65.805549;,
  20.509331;-2.069018;66.136243;,
  17.716230;-4.228742;66.801894;,
  20.396246;-2.011250;65.944250;,
  19.123970;-4.180784;65.020250;,
  19.064765;-4.025443;64.779104;,
  15.211533;-4.597552;64.669210;,
  16.736434;-4.403077;62.866240;,
  16.594622;-4.551966;62.918138;,
  13.415788;-2.732736;63.400608;,
  14.823525;-2.684776;61.618950;,
  15.033688;-2.588129;61.647078;,
  13.478128;0.729821;63.316301;,
  14.885866;0.777779;61.534650;,
  15.133950;0.743363;61.581574;,
  14.643822;2.999999;64.524192;,
  16.206298;2.844922;62.778810;,
  16.040643;3.048485;62.797037;,
  -1.573382;11.197677;67.333869;,
  -1.492718;10.022294;67.336550;,
  -1.700049;10.039910;67.459162;,
  -1.400834;11.190096;67.181062;,
  -1.867201;11.918450;68.087750;,
  -0.000000;10.061655;67.175398;,
  -1.736683;12.080046;68.188211;,
  -2.053069;11.630823;69.604493;,
  -0.000000;11.240136;67.015891;,
  -0.000000;12.128136;68.209824;,
  1.400833;11.190096;67.181062;,
  1.492717;10.022294;67.336550;,
  1.573383;11.197677;67.333869;,
  1.700050;10.039909;67.459162;,
  1.867202;11.918450;68.087750;,
  1.736682;12.080046;68.188211;,
  2.053070;11.630823;69.604493;,
  -0.000000;11.899809;69.875040;,
  1.931289;11.882834;69.745811;,
  1.827804;10.766024;71.232512;,
  1.993930;10.690607;71.018496;,
  1.651126;9.654089;71.230752;,
  1.433933;9.605425;71.317286;,
  1.519271;8.772401;70.647859;,
  1.341011;8.732595;70.718650;,
  -0.000000;10.746287;71.509491;,
  -0.000000;9.476350;71.484666;,
  -0.000000;8.624306;70.913946;,
  -1.341012;8.732595;70.718650;,
  -1.433934;9.605425;71.317286;,
  -1.519270;8.772401;70.647859;,
  -1.651125;9.654089;71.230752;,
  -1.827805;10.766024;71.232512;,
  -1.993929;10.690607;71.018496;,
  -1.931290;11.882834;69.745811;,
  13.415788;-2.732736;63.400608;,
  12.570677;0.898709;63.148096;,
  13.478128;0.729821;63.316301;,
  12.140253;-3.162454;64.233382;,
  11.753047;1.116391;63.566899;,
  15.211533;-4.597552;64.669210;,
  11.224444;-3.351093;65.198874;,
  11.203272;0.872652;64.337779;,
  14.202088;-6.045793;65.890138;,
  17.716230;-4.228742;66.801894;,
  13.103161;-6.358279;67.579411;,
  10.963907;-3.118566;65.828390;,
  11.001790;-0.348759;65.460710;,
  10.716487;-3.155503;66.091462;,
  10.862120;-0.335034;65.515475;,
  9.710640;-3.533720;66.332410;,
  10.738374;-0.367755;65.169997;,
  12.211002;-5.745801;69.231994;,
  11.068104;-5.304276;70.491923;,
  9.696186;-4.693994;71.093242;,
  15.540570;-6.024514;70.191994;,
  12.176614;-3.799671;74.009453;,
  9.727412;-3.628291;75.404480;,
  10.043503;-1.240310;76.592390;,
  13.758435;-4.713734;72.182234;,
  12.731933;-1.539316;75.378221;,
  12.662705;1.829458;75.059469;,
  9.861486;1.657495;76.202803;,
  9.731210;4.204936;73.668998;,
  15.143838;-2.316364;74.042054;,
  17.243157;-4.052498;72.065421;,
  14.787166;2.041447;73.754362;,
  17.708666;-0.007403;72.543322;,
  12.160686;3.367974;73.531482;,
  14.298742;4.110372;72.131533;,
  11.841458;4.250718;71.871795;,
  10.658789;5.072529;69.648704;,
  16.708941;3.833645;71.577542;,
  11.369558;4.820009;69.581536;,
  10.910201;5.141798;67.601843;,
  13.177030;4.888203;69.672717;,
  11.119613;4.147641;66.597376;,
  11.066058;4.561102;66.407738;,
  10.738374;-0.367755;65.169997;,
  10.862120;-0.335034;65.515475;,
  11.462234;4.264128;66.566803;,
  11.001790;-0.348759;65.460710;,
  11.203272;0.872652;64.337779;,
  14.113882;5.513271;68.661862;,
  11.988959;4.486712;65.662438;,
  11.753047;1.116391;63.566899;,
  15.250229;5.672360;67.636544;,
  12.836662;4.471890;64.934182;,
  13.789696;4.001082;64.316294;,
  12.570677;0.898709;63.148096;,
  14.643822;2.999999;64.524192;,
  13.478128;0.729821;63.316301;,
  16.322336;4.972943;66.841504;,
  17.209014;3.480893;66.627571;,
  17.783438;4.198097;70.764832;,
  19.210634;2.852060;68.633120;,
  18.863813;1.244290;67.820333;,
  18.873315;3.902882;69.608256;,
  19.020781;0.082806;72.152320;,
  20.107864;0.023134;70.956019;,
  20.057544;-0.143101;69.169523;,
  19.139598;-2.117253;67.916301;,
  19.817579;-2.517706;69.031226;,
  18.767248;-4.022790;71.527699;,
  19.795669;-3.691282;70.408384;,
  16.527566;-6.192591;68.844333;,
  17.544034;-5.608174;67.586240;,
  -12.471670;-2.028684;51.133507;,
  -13.434766;2.736437;50.463242;,
  -12.248302;-1.982689;50.934256;,
  -13.681094;2.781757;50.653376;,
  -12.064034;7.355239;49.745597;,
  -11.228320;-1.208961;54.607507;,
  -12.283838;7.489934;49.921843;,
  -6.849118;11.650594;48.907222;,
  -12.157775;2.887486;54.308922;,
  -6.968014;11.868404;49.067254;,
  -0.000000;12.472127;48.558054;,
  -10.900576;7.438379;53.601837;,
  -10.301571;3.004881;58.160582;,
  -9.333926;-0.325061;58.434630;,
  -9.238002;7.029214;57.667910;,
  -10.262078;3.013344;61.550400;,
  -9.498867;-0.160565;61.548134;,
  -9.408611;7.029006;61.549472;,
  -5.093469;11.448892;57.184435;,
  -6.044472;11.687783;52.753238;,
  -4.422383;11.124893;61.602477;,
  -0.000000;12.705834;48.711322;,
  -0.000000;12.369815;52.410624;,
  6.968014;11.868403;49.067248;,
  6.849118;11.650594;48.907219;,
  6.044472;11.687783;52.753238;,
  -0.000000;12.216753;54.529754;,
  -0.000000;12.033081;57.009459;,
  -0.000000;11.420130;61.600966;,
  5.093468;11.448892;57.184435;,
  10.900574;7.438379;53.601837;,
  12.283838;7.489934;49.921843;,
  12.064034;7.355238;49.745597;,
  13.681094;2.781757;50.653376;,
  13.434766;2.736437;50.463242;,
  12.471670;-2.028684;51.133507;,
  12.248302;-1.982689;50.934256;,
  11.228319;-1.208961;54.607507;,
  12.157774;2.887485;54.308922;,
  10.301571;3.004881;58.160582;,
  9.333926;-0.325061;58.434630;,
  9.238002;7.029213;57.667910;,
  10.262078;3.013343;61.550400;,
  9.498867;-0.160565;61.548134;,
  9.408611;7.029006;61.549472;,
  10.878909;2.982563;63.836435;,
  10.302352;-0.247911;63.560403;,
  10.671852;-0.359021;64.892205;,
  10.746540;5.501870;64.121670;,
  11.007062;2.896129;65.355104;,
  10.738374;-0.367755;65.169997;,
  11.066058;4.561102;66.407738;,
  11.034986;5.293627;65.992262;,
  10.910201;5.141798;67.601843;,
  9.970867;7.809438;67.558771;,
  9.937249;8.039067;64.500115;,
  9.783516;6.475376;69.933472;,
  10.658789;5.072529;69.648704;,
  9.731210;4.204936;73.668998;,
  6.290201;5.442747;73.790317;,
  7.289929;7.085963;70.815424;,
  5.935132;7.954810;71.076211;,
  5.902818;10.036393;67.926176;,
  2.589687;8.719499;71.131130;,
  3.694864;6.677796;73.321600;,
  2.838247;10.693547;67.852819;,
  4.195698;10.905815;64.569152;,
  -0.000000;10.752099;67.879104;,
  -0.000000;8.959696;71.087347;,
  -2.589688;8.719499;71.131130;,
  -0.000000;11.274402;64.542246;,
  -0.000000;11.233934;64.803648;,
  4.422382;11.124893;61.602477;,
  -4.195699;10.905815;64.569152;,
  -2.838248;10.693547;67.852819;,
  -5.902819;10.036393;67.926176;,
  -9.937249;8.039067;64.500115;,
  -5.935852;7.908468;71.146342;,
  -6.290202;5.442747;73.790317;,
  -3.694865;6.677796;73.321600;,
  -9.970867;7.809438;67.558771;,
  -7.289930;7.085964;70.815424;,
  -9.783516;6.475377;69.933472;,
  -9.731210;4.204936;73.668998;,
  -10.658789;5.072528;69.648704;,
  -10.910199;5.141798;67.601843;,
  -11.034986;5.293627;65.992262;,
  -11.066058;4.561102;66.407738;,
  -10.746540;5.501870;64.121670;,
  -11.007062;2.896129;65.355104;,
  -10.738374;-0.367755;65.169997;,
  -10.671852;-0.359020;64.892205;,
  -10.878909;2.982564;63.836435;,
  -10.302352;-0.247910;63.560403;,
  -0.000000;-6.151025;67.576883;,
  -0.000000;-6.109068;67.999405;,
  9.710640;-3.533720;66.332410;,
  10.671852;-0.359021;64.892205;,
  10.738374;-0.367755;65.169997;,
  9.425350;-3.329947;65.560422;,
  10.302352;-0.247911;63.560403;,
  6.950843;-4.380741;66.636538;,
  8.816273;-3.041047;64.196000;,
  9.498867;-0.160565;61.548134;,
  9.696186;-4.693994;71.093242;,
  7.126662;-2.620625;61.542726;,
  9.333926;-0.325061;58.434630;,
  6.698034;-4.539920;71.324653;,
  9.727412;-3.628291;75.404480;,
  6.581882;-3.504182;76.120909;,
  2.925401;-3.841643;76.562029;,
  3.213006;-4.749442;71.334458;,
  -0.000000;-4.765878;71.160845;,
  -0.000000;-3.915585;76.584992;,
  -2.925402;-3.841642;76.562029;,
  3.208383;-4.959796;66.701978;,
  3.421640;-4.217215;61.543904;,
  -0.000000;-5.137009;66.743930;,
  6.217450;-3.111662;61.059770;,
  6.881527;-2.557686;59.984435;,
  3.436890;-4.268402;61.155648;,
  7.496498;-2.266246;58.985971;,
  7.541332;-2.316995;58.421805;,
  7.244247;-3.138384;57.248358;,
  11.228319;-1.208961;54.607507;,
  8.023033;-4.267553;54.819347;,
  12.471670;-2.028684;51.133507;,
  6.849827;-4.209377;55.825139;,
  8.994186;-5.758612;51.181434;,
  12.248302;-1.982689;50.934256;,
  8.836829;-5.641812;50.981277;,
  4.090316;-5.867173;54.738272;,
  3.927477;-5.443633;55.891923;,
  4.755402;-7.603191;51.161107;,
  4.678508;-7.451377;50.961331;,
  -0.000000;-6.683751;54.723661;,
  0.000000;-6.025196;55.934362;,
  -3.927477;-5.443633;55.891923;,
  -0.000000;-8.615613;51.218173;,
  -0.000000;-8.444582;51.017318;,
  -4.678508;-7.451377;50.961334;,
  -4.755402;-7.603191;51.161107;,
  -8.836829;-5.641812;50.981277;,
  -4.090317;-5.867172;54.738272;,
  -6.849828;-4.209377;55.825139;,
  -8.994186;-5.758611;51.181434;,
  -12.248302;-1.982689;50.934256;,
  -12.471670;-2.028684;51.133507;,
  -8.023034;-4.267553;54.819354;,
  -11.228320;-1.208961;54.607507;,
  -7.244247;-3.138384;57.248358;,
  -9.333926;-0.325061;58.434630;,
  -7.541331;-2.316995;58.421805;,
  -7.496498;-2.266246;58.985971;,
  -6.881527;-2.557686;59.984435;,
  -7.126662;-2.620625;61.542726;,
  -9.498867;-0.160565;61.548134;,
  -6.217450;-3.111662;61.059770;,
  -8.816273;-3.041047;64.196006;,
  -10.302352;-0.247910;63.560403;,
  -3.421640;-4.217215;61.543904;,
  -3.436890;-4.268402;61.155648;,
  -0.000000;-4.483668;61.051482;,
  -9.425348;-3.329947;65.560422;,
  -10.671852;-0.359020;64.892205;,
  -9.710641;-3.533719;66.332410;,
  -10.738374;-0.367755;65.169997;,
  -6.950844;-4.380741;66.636538;,
  -9.696188;-4.693994;71.093242;,
  -6.698034;-4.539920;71.324653;,
  -9.727411;-3.628291;75.404480;,
  -6.581882;-3.504182;76.120896;,
  -3.213007;-4.749442;71.334458;,
  -3.208383;-4.959796;66.701978;,
  -0.000000;-4.935610;65.340243;,
  -0.000000;-4.378714;61.471341;,
  -4.119229;10.778906;67.279674;,
  -6.055630;10.053474;65.183859;,
  -4.870129;10.987518;62.842470;,
  -8.027401;9.538867;63.729696;,
