xof 0303txt 0032
template ColorRGBA {
 <35ff44e0-6c7c-11cf-8f52-0040333594a3>
 FLOAT red;
 FLOAT green;
 FLOAT blue;
 FLOAT alpha;
}

template ColorRGB {
 <d3e16e81-7835-11cf-8f52-0040333594a3>
 FLOAT red;
 FLOAT green;
 FLOAT blue;
}

template Material {
 <3d82ab4d-62da-11cf-ab39-0020af71e433>
 ColorRGBA faceColor;
 FLOAT power;
 ColorRGB specularColor;
 ColorRGB emissiveColor;
 [...]
}

template TextureFilename {
 <a42790e1-7810-11cf-8f52-0040333594a3>
 STRING filename;
}

template Frame {
 <3d82ab46-62da-11cf-ab39-0020af71e433>
 [...]
}

template Matrix4x4 {
 <f6f23f45-7686-11cf-8f52-0040333594a3>
 array FLOAT matrix[16];
}

template FrameTransformMatrix {
 <f6f23f41-7686-11cf-8f52-0040333594a3>
 Matrix4x4 frameMatrix;
}

template Vector {
 <3d82ab5e-62da-11cf-ab39-0020af71e433>
 FLOAT x;
 FLOAT y;
 FLOAT z;
}

template MeshFace {
 <3d82ab5f-62da-11cf-ab39-0020af71e433>
 DWORD nFaceVertexIndices;
 array DWORD faceVertexIndices[nFaceVertexIndices];
}

template Mesh {
 <3d82ab44-62da-11cf-ab39-0020af71e433>
 DWORD nVertices;
 array Vector vertices[nVertices];
 DWORD nFaces;
 array MeshFace faces[nFaces];
 [...]
}

template MeshNormals {
 <f6f23f43-7686-11cf-8f52-0040333594a3>
 DWORD nNormals;
 array Vector normals[nNormals];
 DWORD nFaceNormals;
 array MeshFace faceNormals[nFaceNormals];
}

template MeshMaterialList {
 <f6f23f42-7686-11cf-8f52-0040333594a3>
 DWORD nMaterials;
 DWORD nFaceIndexes;
 array DWORD faceIndexes[nFaceIndexes];
 [Material <3d82ab4d-62da-11cf-ab39-0020af71e433>]
}

template Coords2d {
 <f6f23f44-7686-11cf-8f52-0040333594a3>
 FLOAT u;
 FLOAT v;
}

template MeshTextureCoords {
 <f6f23f40-7686-11cf-8f52-0040333594a3>
 DWORD nTextureCoords;
 array Coords2d textureCoords[nTextureCoords];
}

template XSkinMeshHeader {
 <3cf169ce-ff7c-44ab-93c0-f78f62d172e2>
 WORD nMaxSkinWeightsPerVertex;
 WORD nMaxSkinWeightsPerFace;
 WORD nBones;
}

template SkinWeights {
 <6f0d123b-bad2-4167-a0d0-80224f25fabb>
 STRING transformNodeName;
 DWORD nWeights;
 array DWORD vertexIndices[nWeights];
 array FLOAT weights[nWeights];
 Matrix4x4 matrixOffset;
}

template AnimTicksPerSecond {
 <9e415a43-7ba6-4a73-8743-b73d47e88476>
 DWORD AnimTicksPerSecond;
}

template Animation {
 <3d82ab4f-62da-11cf-ab39-0020af71e433>
 [...]
}

template AnimationSet {
 <3d82ab50-62da-11cf-ab39-0020af71e433>
 [Animation <3d82ab4f-62da-11cf-ab39-0020af71e433>]
}

template FloatKeys {
 <10dd46a9-775b-11cf-8f52-0040333594a3>
 DWORD nValues;
 array FLOAT values[nValues];
}

template TimedFloatKeys {
 <f406b180-7b3b-11cf-8f52-0040333594a3>
 DWORD time;
 FloatKeys tfkeys;
}

template AnimationKey {
 <10dd46a8-775b-11cf-8f52-0040333594a3>
 DWORD keyType;
 DWORD nKeys;
 array TimedFloatKeys keys[nKeys];
}


Material FA_89 {
 1.000000;1.000000;1.000000;1.000000;;
 43.219280;
 0.020000;0.020000;0.020000;;
 0.000000;0.000000;0.000000;;

 TextureFilename {
  "22000095_N_Beelzebub_Idle01.dds";
 }
}

Material _22000095_N_Beelzebub_107 {
 1.000000;1.000000;1.000000;1.000000;;
 43.219280;
 0.020000;0.020000;0.020000;;
 0.000000;0.000000;0.000000;;

 TextureFilename {
  "22000095_N_Beelzebub_Idle01.dds";
 }
}

Frame Scene_Root {
 

 FrameTransformMatrix {
  0.393701,0.000000,0.000000,0.000000,0.000000,-0.000000,-0.393701,0.000000,0.000000,0.393701,-0.000000,0.000000,0.000000,0.000000,0.000000,1.000000;;
 }

 Frame Dummy01_Main {
  

  FrameTransformMatrix {
   1.000000,0.000000,0.000000,0.000000,0.000000,1.000000,0.000000,0.000000,0.000000,0.000000,1.000000,0.000000,0.000000,0.000000,0.000000,1.000000;;
  }

  Frame Dummy01_Main_NonAccum {
   

   FrameTransformMatrix {
    1.000000,0.000000,0.000000,0.000000,0.000000,1.000000,0.000000,0.000000,0.000000,0.000000,1.000000,0.000000,0.000000,0.000000,0.000000,1.000000;;
   }

   Frame Bip01 {
    

    FrameTransformMatrix {
     0.953483,0.301174,0.012833,0.000000,-0.300917,0.953467,-0.018697,0.000000,-0.017867,0.013965,0.999743,0.000000,0.030731,16.253891,40.602150,1.000000;;
    }

    Frame Bip01_Footsteps {
     

     FrameTransformMatrix {
      0.000001,-1.000000,-0.000000,0.000000,1.000000,0.000001,-0.000000,0.000000,0.000000,-0.000000,1.000000,0.000000,0.000000,0.000003,-66.201248,1.000000;;
     }
    }

    Frame Bip01_Pelvis {
     

     FrameTransformMatrix {
      -0.000004,-0.000003,1.000000,0.000000,-0.955271,0.295731,-0.000003,0.000000,-0.295731,-0.955271,-0.000004,0.000000,0.000000,0.000000,0.000000,1.000000;;
     }

     Frame Bip01_Spine {
      

      FrameTransformMatrix {
       0.991132,0.104126,0.082556,0.000000,-0.111381,0.989805,0.088769,0.000000,-0.072472,-0.097177,0.992625,0.000000,7.561462,-4.710668,-1.461664,1.000000;;
      }

      Frame Bip01_Spine1 {
       

       FrameTransformMatrix {
        0.936710,-0.337411,0.093429,0.000000,0.347486,0.863389,-0.365805,0.000000,0.042762,0.375118,0.925990,0.000000,14.919152,0.011170,-0.004562,1.000000;;
       }

       Frame Bip01_Spine2 {
        

        FrameTransformMatrix {
         0.961255,-0.216741,0.170330,0.000000,0.251241,0.943103,-0.217795,0.000000,-0.113434,0.252150,0.961017,0.000000,16.403168,0.044918,-0.010265,1.000000;;
        }

        Frame Bip01_Neck {
         

         FrameTransformMatrix {
          0.903215,-0.429189,0.000002,0.000000,0.429188,0.903215,0.000000,0.000000,-0.000002,0.000000,1.000000,0.000000,50.331773,-2.263947,-0.000010,1.000000;;
         }

         Frame Bip01_Head {
          

          FrameTransformMatrix {
           0.898282,0.306493,-0.314884,0.000000,-0.432561,0.742881,-0.510900,0.000000,0.077335,0.595139,0.799894,0.000000,8.391670,0.000000,0.000000,1.000000;;
          }

          Frame EarL01 {
           

           FrameTransformMatrix {
            0.842243,-0.340803,0.417708,0.000000,-0.191953,0.534464,0.823106,0.000000,-0.503767,-0.773435,0.384730,0.000000,36.456643,10.807633,5.351426,1.000000;;
           }

           Frame EarL02 {
            

            FrameTransformMatrix {
             0.492583,0.452098,0.743619,0.000000,-0.215074,0.891209,-0.399361,0.000000,-0.843270,0.036785,0.536230,0.000000,24.976853,0.000002,0.000000,1.000000;;
            }
           }
          }

          Frame EarR01 {
           

           FrameTransformMatrix {
            0.692965,-0.678160,-0.244741,0.000000,0.529509,0.248337,0.811140,0.000000,-0.489304,-0.691685,0.531181,0.000000,36.456656,10.807614,-5.350982,1.000000;;
           }

           Frame EarR02 {
            

            FrameTransformMatrix {
             0.571531,-0.797417,0.193593,0.000000,0.750046,0.603351,0.270920,0.000000,-0.332841,-0.009636,0.942934,0.000000,24.976853,0.000008,-0.000031,1.000000;;
            }
           }
          }

          Frame Dummy01 {
           

           FrameTransformMatrix {
            0.000001,-0.000000,1.000000,0.000000,-0.000001,-1.000000,-0.000000,0.000000,1.000000,-0.000001,-0.000001,0.000000,-4.583634,-38.790765,0.000105,1.000000;;
           }
          }
         }

         Frame Bip01_L_Clavicle {
          

          FrameTransformMatrix {
           -0.541431,0.097924,0.835023,0.000000,0.401263,-0.842678,0.359001,0.000000,0.738810,0.529438,0.416958,0.000000,-14.330360,-4.324502,27.564368,1.000000;;
          }

          Frame Bip01_L_UpperArm {
           

           FrameTransformMatrix {
            0.967215,0.012360,-0.253659,0.000000,0.148517,0.782684,0.604440,0.000000,0.206006,-0.622296,0.755188,0.000000,25.165971,0.000004,0.000000,1.000000;;
           }

           Frame Bip01_L_Forearm {
            

            FrameTransformMatrix {
             0.675886,0.737006,-0.000001,0.000000,-0.737006,0.675886,-0.000000,0.000000,0.000000,0.000001,1.000000,0.000000,45.837926,-0.000004,-0.000008,1.000000;;
            }

            Frame Bip01_L_Hand {
             

             FrameTransformMatrix {
              0.749152,0.600273,-0.280079,0.000000,0.656628,-0.728664,0.194650,0.000000,-0.087240,-0.329730,-0.940036,0.000000,39.539923,0.000000,-0.000008,1.000000;;
             }

             Frame Bip01_L_Finger0 {
              

              FrameTransformMatrix {
               0.428285,-0.887286,-0.171162,0.000000,-0.018583,0.180725,-0.983358,0.000000,0.903453,0.424338,0.060913,0.000000,10.111362,-1.106254,-13.974282,1.000000;;
              }

              Frame Bip01_L_Finger01 {
               

               FrameTransformMatrix {
                0.305911,-0.952060,-0.000007,0.000000,0.952060,0.305911,-0.000042,0.000000,0.000042,0.000007,1.000000,0.000000,11.551894,-0.000008,-0.000000,1.000000;;
               }
              }
             }

             Frame Bip01_L_Finger1 {
              

              FrameTransformMatrix {
               0.198996,-0.976845,0.078578,0.000000,0.974901,0.189154,-0.117428,0.000000,0.099846,0.099973,0.989968,0.000000,22.192498,1.238079,-8.249657,1.000000;;
              }

              Frame Bip01_L_Finger11 {
               

               FrameTransformMatrix {
                -0.173023,-0.984918,0.000004,0.000000,0.984918,-0.173023,-0.000043,0.000000,0.000043,-0.000004,1.000000,0.000000,11.551876,-0.000000,0.000008,1.000000;;
               }
              }
             }

             Frame Bip01_L_Finger2 {
              

              FrameTransformMatrix {
               0.394616,-0.910882,-0.120714,0.000000,0.915284,0.378123,0.138842,0.000000,-0.080824,-0.165276,0.982930,0.000000,21.321915,1.823631,3.617241,1.000000;;
              }

              Frame Bip01_L_Finger21 {
               

               FrameTransformMatrix {
                -0.267007,-0.963695,0.000024,0.000000,0.963695,-0.267007,-0.000019,0.000000,0.000024,0.000018,1.000000,0.000000,12.915574,0.000004,0.000000,1.000000;;
               }
              }
             }

             Frame Bip01_L_Finger3 {
              

              FrameTransformMatrix {
               0.159638,-0.960430,-0.228232,0.000000,0.982406,0.131861,0.132257,0.000000,-0.096929,-0.245330,0.964582,0.000000,22.402110,-2.856663,13.007134,1.000000;;
              }

              Frame Bip01_L_Finger31 {
               

               FrameTransformMatrix {
                0.006485,-0.999979,-0.000000,0.000000,0.999979,0.006485,-0.000043,0.000000,0.000043,0.000000,1.000000,0.000000,8.060470,-0.000008,0.000008,1.000000;;
               }
              }
             }
            }
           }

           Frame Bip01_L_ForeTwist {
            

            FrameTransformMatrix {
             0.675874,0.737017,-0.000063,0.000000,-0.601223,0.551396,0.578355,0.000000,0.426292,-0.390857,0.815786,0.000000,45.837926,-0.000004,-0.000008,1.000000;;
            }
           }
          }

          Frame Bip01_LUpArmTwist {
           

           FrameTransformMatrix {
            0.967216,0.012340,-0.253657,0.000000,0.008744,0.996608,0.081825,0.000000,0.253807,-0.081361,0.963827,0.000000,25.165971,0.000004,0.000000,1.000000;;
           }
          }

          Frame Dummy02 {
           

           FrameTransformMatrix {
            0.996062,-0.000011,-0.088663,0.000000,-0.088663,0.000000,-0.996062,0.000000,0.000011,1.000000,-0.000001,0.000000,36.453942,-4.943761,20.215355,1.000000;;
           }

           Frame Bone01_mirrored_ {
            

            FrameTransformMatrix {
             0.378915,0.653280,0.655477,0.000000,-0.905715,0.116355,0.407606,0.000000,0.190013,-0.748122,0.635774,0.000000,-24.106667,8.758268,39.469094,1.000000;;
            }
           }
          }
         }

         Frame Bip01_R_Clavicle {
          

          FrameTransformMatrix {
           0.417800,-0.871290,-0.257483,0.000000,0.110703,-0.232471,0.966283,0.000000,-0.901770,-0.432217,-0.000672,0.000000,-14.330398,-4.324668,-27.564291,1.000000;;
          }

          Frame Bip01_R_UpperArm {
           

           FrameTransformMatrix {
            0.865993,0.269370,0.421303,0.000000,-0.230353,0.962687,-0.142023,0.000000,-0.443840,0.025943,0.895731,0.000000,25.165978,0.000000,-0.000008,1.000000;;
           }

           Frame Bip01_R_Forearm {
            

            FrameTransformMatrix {
             0.104312,0.994545,-0.000024,0.000000,-0.994545,0.104312,-0.000001,0.000000,0.000001,0.000024,1.000000,0.000000,45.837917,0.000004,-0.000023,1.000000;;
            }

            Frame Bip01_R_Hand {
             

             FrameTransformMatrix {
              0.715164,0.230263,0.659939,0.000000,0.564446,0.366606,-0.739595,0.000000,-0.412239,0.901432,0.132212,0.000000,39.539917,-0.000009,-0.000000,1.000000;;
             }

             Frame Bip01_R_Finger0 {
              

              FrameTransformMatrix {
               0.319045,-0.928174,0.191581,0.000000,0.009180,0.205162,0.978685,0.000000,-0.947695,-0.310486,0.073976,0.000000,10.111362,-1.106255,13.974277,1.000000;;
              }

              Frame Bip01_R_Finger01 {
               

               FrameTransformMatrix {
                0.358464,-0.933544,-0.000008,0.000000,0.933544,0.358464,-0.000042,0.000000,0.000042,0.000008,1.000000,0.000000,11.551902,-0.000004,-0.000002,1.000000;;
               }
              }
             }

             Frame Bip01_R_Finger1 {
              

              FrameTransformMatrix {
               0.281581,-0.958138,-0.051815,0.000000,0.957184,0.276701,0.085058,0.000000,-0.067160,-0.073548,0.995028,0.000000,22.192506,1.238075,8.249657,1.000000;;
              }

              Frame Bip01_R_Finger11 {
               

               FrameTransformMatrix {
                0.004369,-0.999991,-0.000000,0.000000,0.999991,0.004369,-0.000042,0.000000,0.000042,0.000000,1.000000,0.000000,11.551910,0.000000,0.000000,1.000000;;
               }
              }
             }

             Frame Bip01_R_Finger2 {
              

              FrameTransformMatrix {
               0.388871,-0.913241,0.121531,0.000000,0.917735,0.372403,-0.138125,0.000000,0.080883,0.165246,0.982930,0.000000,21.321915,1.823631,-3.617245,1.000000;;
              }

              Frame Bip01_R_Finger21 {
               

               FrameTransformMatrix {
                -0.256610,-0.966515,0.000006,0.000000,0.966515,-0.256610,-0.000043,0.000000,0.000043,-0.000006,1.000000,0.000000,12.915566,-0.000004,0.000004,1.000000;;
               }
              }
             }

             Frame Bip01_R_Finger3 {
              

              FrameTransformMatrix {
               0.033720,-0.972907,0.228726,0.000000,0.993593,0.007933,-0.112737,0.000000,0.107868,0.231062,0.966941,0.000000,22.402130,-2.856666,-13.007138,1.000000;;
              }

              Frame Bip01_R_Finger31 {
               

               FrameTransformMatrix {
                -0.010343,-0.999947,0.000000,0.000000,0.999947,-0.010343,-0.000043,0.000000,0.000043,-0.000000,1.000000,0.000000,8.060494,-0.000004,0.000004,1.000000;;
               }
              }
             }

             Frame RHand00 {
              

              FrameTransformMatrix {
               1.000001,-0.000000,-0.000000,0.000000,0.000000,1.000001,-0.000000,0.000000,0.000000,0.000000,1.000001,0.000000,0.000000,-0.000000,0.000004,1.000000;;
              }
             }
            }
           }

           Frame Bip01_R_ForeTwist {
            

            FrameTransformMatrix {
             0.104310,0.994545,-0.000001,0.000000,-0.991913,0.104034,0.072701,0.000000,0.072304,-0.007582,0.997354,0.000000,45.837917,0.000004,-0.000023,1.000000;;
            }
           }
          }

          Frame Bip01_RUpArmTwist {
           

           FrameTransformMatrix {
            0.865994,0.269363,0.421304,0.000000,0.186336,0.608012,-0.771751,0.000000,-0.464039,0.746837,0.476343,0.000000,25.165978,0.000000,-0.000008,1.000000;;
           }
          }

          Frame Dummy03 {
           

           FrameTransformMatrix {
            -0.986517,0.000004,-0.163657,0.000000,-0.163657,0.000001,0.986517,0.000000,0.000004,1.000000,-0.000000,0.000000,36.572144,-4.944251,-20.188675,1.000000;;
           }

           Frame Bone01 {
            

            FrameTransformMatrix {
             -0.552455,0.405884,0.728047,0.000000,-0.807557,-0.477014,-0.346855,0.000000,0.206506,-0.779561,0.591303,0.000000,24.107555,8.758253,39.469267,1.000000;;
            }
           }
          }
         }
        }

        Frame Bone01_L_Clavicle {
         

         FrameTransformMatrix {
          -0.634151,-0.052611,0.771418,0.000000,-0.766160,-0.091661,-0.636080,0.000000,0.104174,-0.994399,0.017818,0.000000,4.988907,4.900038,28.465661,1.000000;;
         }

         Frame Bone01_L_UpperArm {
          

          FrameTransformMatrix {
           0.769713,0.486118,-0.413802,0.000000,-0.338047,0.860225,0.381755,0.000000,0.541541,-0.153957,0.826457,0.000000,14.118317,0.000004,0.000000,1.000000;;
          }

          Frame Bone01_L_Forearm {
           

           FrameTransformMatrix {
            0.074430,0.005967,0.997208,0.000000,-0.093265,0.995641,0.001004,0.000000,-0.992855,-0.093080,0.074662,0.000000,31.358563,-0.000134,0.000008,1.000000;;
           }

           Frame Bone01_L_Hand {
            

            FrameTransformMatrix {
             0.745488,0.174556,0.643255,0.000000,-0.660482,0.323071,0.677783,0.000000,-0.089506,-0.930138,0.356136,0.000000,32.733837,0.000896,0.000000,1.000000;;
            }

            Frame Bone01_Finger01 {
             

             FrameTransformMatrix {
              0.671572,0.518136,0.529647,0.000000,0.140934,0.612454,-0.777842,0.000000,-0.727413,0.597022,0.338283,0.000000,11.324034,3.861780,14.540299,1.000000;;
             }

             Frame Bone01_Finger02 {
              

              FrameTransformMatrix {
               0.253335,0.967379,-0.000039,0.000000,-0.967379,0.253335,0.000031,0.000000,0.000040,0.000030,1.000000,0.000000,13.120644,0.000008,0.000000,1.000000;;
              }
             }
            }

            Frame Bone01_Finger03 {
             

             FrameTransformMatrix {
              0.850387,0.525631,0.023551,0.000000,-0.523891,0.850024,-0.054747,0.000000,-0.048795,0.034218,0.998223,0.000000,24.279125,-1.730124,9.904754,1.000000;;
             }

             Frame Bone01_Finger04 {
              

              FrameTransformMatrix {
               0.711042,0.703150,-0.000042,0.000000,-0.703150,0.711042,-0.000018,0.000000,0.000017,0.000042,1.000000,0.000000,8.113869,0.000000,-0.000008,1.000000;;
              }
             }
            }

            Frame Bone01_Finger05 {
             

             FrameTransformMatrix {
              0.570574,0.821227,-0.005603,0.000000,-0.816794,0.568176,0.100121,0.000000,0.085406,-0.052550,0.994959,0.000000,23.837595,-2.053903,-0.281212,1.000000;;
             }

             Frame Bone01_Finger06 {
              

              FrameTransformMatrix {
               0.714939,0.699187,-0.000037,0.000000,-0.699187,0.714939,-0.000016,0.000000,0.000016,0.000037,1.000000,0.000000,9.363799,0.000002,0.000008,1.000000;;
              }
             }
            }

            Frame Bone01_Finger07 {
             

             FrameTransformMatrix {
              0.426725,0.903834,-0.031457,0.000000,-0.887305,0.425142,0.178731,0.000000,0.174917,-0.048357,0.983395,0.000000,21.264925,1.155529,-9.178276,1.000000;;
             }

             Frame Bone01_Finger08 {
              

              FrameTransformMatrix {
               0.486216,0.873839,-0.000025,0.000000,-0.873839,0.486216,-0.000007,0.000000,0.000007,0.000025,1.000000,0.000000,7.304957,-0.000000,0.000008,1.000000;;
              }
             }
            }
           }
          }
         }
        }

        Frame Bip02_R_Clavicle {
         

         FrameTransformMatrix {
          -0.373239,-0.494422,-0.785009,0.000000,0.883100,0.069960,-0.463940,0.000000,0.284301,-0.866402,0.410512,0.000000,4.988914,4.899969,-28.466006,1.000000;;
         }

         Frame Bip02_R_UpperArm {
          

          FrameTransformMatrix {
           0.502800,-0.562411,0.656419,0.000000,0.458099,0.817351,0.349403,0.000000,-0.733033,0.125025,0.668604,0.000000,14.118317,0.000008,-0.000004,1.000000;;
          }

          Frame Bip02_R_Forearm {
           

           FrameTransformMatrix {
            0.307004,-0.079212,0.948406,0.000000,-0.024335,0.995551,0.091027,0.000000,-0.951397,-0.051025,0.303710,0.000000,31.358573,0.000130,0.000011,1.000000;;
           }

           Frame Bip02_R_Hand {
            

            FrameTransformMatrix {
             0.623629,-0.776974,-0.086010,0.000000,0.780192,0.625508,0.006351,0.000000,0.048865,-0.071065,0.996274,0.000000,32.733843,-0.000912,0.000008,1.000000;;
            }

            Frame Bip02_Finger01 {
             

             FrameTransformMatrix {
              0.678175,-0.715013,0.169809,0.000000,-0.148023,0.093427,0.984561,0.000000,-0.719838,-0.692841,-0.042478,0.000000,11.324032,-3.861794,14.540293,1.000000;;
             }

             Frame Bip02_Finger02 {
              

              FrameTransformMatrix {
               0.271159,-0.962535,-0.000006,0.000000,0.962535,0.271159,-0.000043,0.000000,0.000043,0.000006,1.000000,0.000000,13.120638,0.000004,-0.000014,1.000000;;
              }
             }
            }

            Frame Bip02_Finger07 {
             

             FrameTransformMatrix {
              0.260589,-0.964128,0.050494,0.000000,0.954851,0.249647,-0.161046,0.000000,0.142663,0.090181,0.985654,0.000000,21.264938,-1.155529,-9.178278,1.000000;;
             }

             Frame Bip02_Finger08 {
              

              FrameTransformMatrix {
               0.018442,-0.999830,-0.000001,0.000000,0.999830,0.018442,-0.000043,0.000000,0.000043,0.000000,1.000000,0.000000,7.304954,-0.000004,-0.000005,1.000000;;
              }
             }
            }

            Frame Bip02_Finger03 {
             

             FrameTransformMatrix {
              0.191800,-0.980002,-0.052996,0.000000,0.978216,0.186524,0.091116,0.000000,-0.079409,-0.069318,0.994429,0.000000,24.279123,1.730121,9.904757,1.000000;;
             }

             Frame Bip02_Finger04 {
              

              FrameTransformMatrix {
               -0.046255,-0.998930,0.000001,0.000000,0.998930,-0.046255,-0.000043,0.000000,0.000043,-0.000001,1.000000,0.000000,8.113865,0.000004,0.000004,1.000000;;
              }
             }
            }

            Frame Bip02_Finger05 {
             

             FrameTransformMatrix {
              0.328420,-0.943764,0.038095,0.000000,0.944107,0.326795,-0.043207,0.000000,0.028328,0.050156,0.998340,0.000000,23.837600,2.053898,-0.281200,1.000000;;
             }

             Frame Bip02_Finger06 {
              

              FrameTransformMatrix {
               0.068827,-0.997629,-0.000002,0.000000,0.997629,0.068827,-0.000043,0.000000,0.000043,0.000001,1.000000,0.000000,9.363800,-0.000006,-0.000010,1.000000;;
              }
             }
            }
           }
          }
         }
        }

        Frame Bone01_Wing02 {
         

         FrameTransformMatrix {
          -0.000524,0.124629,0.992203,0.000000,0.999997,-0.002361,0.000824,0.000000,0.002446,0.992201,-0.124628,0.000000,19.316619,39.948979,7.110066,1.000000;;
         }
        }

        Frame Bone01_Wing01 {
         

         FrameTransformMatrix {
          -0.000523,0.124629,-0.992203,0.000000,-0.999997,0.002361,0.000824,0.000000,0.002446,0.992201,0.124628,0.000000,19.316605,39.948947,-7.110060,1.000000;;
         }
        }

        Frame Dummy04 {
         

         FrameTransformMatrix {
          -0.245772,0.344187,0.906163,0.000000,-0.704067,-0.705927,0.077173,0.000000,0.666247,-0.619033,0.415828,0.000000,28.346214,-55.814214,38.651181,1.000000;;
         }
        }
       }
      }
     }

     Frame Bip01_L_Thigh {
      

      FrameTransformMatrix {
       0.090099,-0.981092,0.171289,0.000000,-0.918718,-0.015476,0.394612,0.000000,-0.384500,-0.192920,-0.902741,0.000000,-0.000027,-0.000023,15.285069,1.000000;;
      }

      Frame Bip01_L_Calf {
       

       FrameTransformMatrix {
        -0.240780,0.970580,-0.000009,0.000000,-0.970580,-0.240780,0.000001,0.000000,-0.000001,0.000009,1.000000,0.000000,21.430730,-0.000004,-0.000003,1.000000;;
       }

       Frame Bip01_L_Foot {
        

        FrameTransformMatrix {
         0.912409,-0.115720,0.392581,0.000000,0.054264,0.984932,0.164210,0.000000,-0.405668,-0.128524,0.904940,0.000000,33.187709,0.000006,0.000002,1.000000;;
        }

        Frame Bip01_L_Toe0 {
         

         FrameTransformMatrix {
          0.004406,-0.999820,0.018467,0.000000,0.999988,0.004444,0.001990,0.000000,-0.002072,0.018459,0.999828,0.000000,13.561218,-13.401455,-0.000001,1.000000;;
         }
        }
       }
      }
     }

     Frame Bip01_R_Thigh {
      

      FrameTransformMatrix {
       -0.547340,0.210811,-0.809925,0.000000,-0.212586,0.900993,0.378178,0.000000,0.809461,0.379171,-0.448334,0.000000,0.000019,0.000022,-15.285072,1.000000;;
      }

      Frame Bip01_R_Calf {
       

       FrameTransformMatrix {
        0.449326,0.893368,-0.000044,0.000000,-0.893368,0.449326,-0.000010,0.000000,0.000010,0.000044,1.000000,0.000000,21.430730,0.000006,-0.000004,1.000000;;
       }

       Frame Bip01_R_Foot {
        

        FrameTransformMatrix {
         0.461228,-0.402347,-0.790814,0.000000,0.784628,0.601097,0.151796,0.000000,0.414281,-0.690507,0.592935,0.000000,33.187690,0.000002,0.000008,1.000000;;
        }

        Frame Bip01_R_Toe0 {
         

         FrameTransformMatrix {
          -0.003155,-0.999993,-0.001906,0.000000,0.999993,-0.003152,-0.001962,0.000000,0.001956,-0.001912,0.999996,0.000000,13.561216,-13.401458,0.000003,1.000000;;
         }
        }
       }
      }
     }
    }
   }
  }
 }

 Frame FA {
  

  FrameTransformMatrix {
   1.000000,0.000000,0.000000,0.000000,0.000000,1.000000,0.000000,0.000000,0.000000,0.000000,1.000000,0.000000,0.000000,0.000000,0.000000,1.000000;;
  }
 }

 Frame _22000095_N_Beelzebub {
  

  FrameTransformMatrix {
   1.000000,0.000000,0.000000,0.000000,0.000000,1.000000,0.000000,0.000000,0.000000,0.000000,1.000000,0.000000,0.000000,0.000000,0.000000,1.000000;;
  }
 }
}

Frame FA_ {
 

 FrameTransformMatrix {
  0.393701,0.000000,0.000000,0.000000,0.000000,-0.000000,-0.393701,0.000000,0.000000,0.393701,-0.000000,0.000000,0.000000,0.000000,0.000000,1.000000;;
 }

 Mesh FA_ {
  3537;
  31.759658;-5.721237;174.380902;,
  36.620554;-17.026253;167.402586;,
  40.255971;-5.472557;170.119565;,
  -91.951610;48.643098;43.500371;,
  -86.986003;49.941741;43.119283;,
  -88.775360;46.573014;40.116384;,
  -128.860659;52.968989;71.654355;,
  -123.758182;54.461869;70.052992;,
  -126.292352;50.767930;67.339859;,
  91.951622;48.643107;43.500342;,
  88.775373;46.573024;40.116355;,
  86.986016;49.941754;43.119258;,
  93.451635;45.695571;42.331613;,
  88.775373;46.573024;40.116355;,
  88.187878;45.719933;39.973587;,
  93.614432;44.567491;42.639770;,
  91.727251;41.456186;44.655818;,
  85.707360;42.877334;41.471875;,
  90.035162;37.203171;47.525200;,
  84.297613;39.835411;43.481373;,
  83.601306;38.733366;44.294784;,
  81.662061;36.012000;45.779206;,
  88.014112;33.447069;50.206013;,
  88.827827;32.552330;49.458755;,
  81.748000;35.613658;45.513011;,
  91.748896;35.013456;45.149974;,
  84.969421;37.599626;43.033488;,
  94.517075;39.070435;39.831328;,
  87.827558;40.846490;38.356390;,
  88.408973;41.752704;37.264093;,
  89.674682;44.385712;34.221200;,
  95.670029;42.352397;35.662624;,
  97.378182;44.479949;32.512848;,
  91.970797;46.138298;31.372067;,
  92.692256;46.023043;30.540365;,
  97.288371;44.702902;31.401610;,
  95.850656;43.463840;28.528272;,
  91.583674;42.887238;27.381149;,
  92.692256;46.023043;30.540365;,
  95.813517;40.446723;27.135146;,
  91.583674;42.887238;27.381149;,
  90.630061;42.368614;27.568845;,
  95.611533;39.388810;27.407574;,
  93.785760;36.913974;30.210861;,
  88.143226;40.402560;30.164189;,
  92.526029;33.147149;33.934717;,
  86.867814;37.735126;33.230099;,
  86.292781;36.814080;34.315818;,
  83.634912;33.693446;38.163098;,
  90.123469;29.025840;39.149658;,
  89.469446;27.190880;37.402182;,
  82.386810;32.191360;36.634925;,
  92.070067;32.750931;30.213709;,
  85.276986;35.586976;30.748294;,
  86.122022;36.885558;28.915318;,
  87.343584;39.268051;25.615078;,
  93.064141;35.905456;25.905712;,
  89.464160;40.466173;22.308659;,
  94.566061;37.687088;22.450763;,
  94.265222;37.979923;21.374170;,
  89.931341;40.228198;21.347661;,
  91.808794;37.342246;18.887117;,
  89.931341;40.228198;21.347661;,
  87.131814;37.646637;18.464314;,
  90.485536;34.526288;17.501307;,
  87.131814;37.646637;18.464314;,
  90.039552;33.556736;17.816309;,
  86.088883;37.359971;18.836331;,
  83.813683;35.911885;21.892886;,
  88.224563;31.505763;20.961115;,
  86.908186;27.964160;24.947115;,
  82.647718;33.527610;25.189022;,
  81.927002;32.382973;26.713658;,
  78.731270;28.433914;33.346954;,
  84.308672;23.164269;31.825248;,
  83.140269;22.209749;30.604666;,
  77.192160;26.825184;32.018883;,
  84.071898;25.220778;25.932837;,
  78.682048;29.430330;27.526621;,
  78.950458;30.287296;25.973005;,
  79.682445;32.442006;22.938810;,
  84.459654;28.218246;22.001422;,
  81.036582;33.440531;19.290122;,
  85.316941;29.885718;18.334774;,
  84.801094;30.243478;17.344198;,
  81.162362;33.159530;18.253538;,
  81.628442;30.029866;15.458790;,
  81.162362;33.159530;18.253538;,
  77.104678;31.096877;16.089690;,
  79.340339;27.467584;14.432155;,
  -89.931315;40.228179;21.347694;,
  -87.131782;37.646618;18.464347;,
  -91.808762;37.342227;18.887152;,
  -131.891968;43.739629;47.907277;,
  -129.588762;40.983994;44.212045;,
  -134.398285;40.569421;45.783661;,
  -95.850598;43.463818;28.528314;,
  -92.692198;46.023018;30.540406;,
  -91.583616;42.887216;27.381190;,
  -136.455130;47.178000;56.869754;,
  -132.703091;50.016480;58.214803;,
  -132.232730;46.628166;54.638765;,
  14.178862;38.565414;94.502669;,
  22.575173;43.114762;104.762176;,
  23.554142;40.844752;106.222106;,
  28.160826;44.966493;112.585357;,
  -14.178862;38.565414;94.502669;,
  -23.554146;40.844752;106.222106;,
  -22.575173;43.114762;104.762176;,
  -28.160829;44.966493;112.585357;,
  86.721440;-0.479606;78.894010;,
  95.087629;18.666736;67.566886;,
  99.555302;7.658647;66.311469;,
  81.150528;11.862732;80.624314;,
  96.405402;28.667968;74.161818;,
  82.200346;22.008114;87.652358;,
  87.802381;28.454701;96.753126;,
  101.458970;34.600128;83.473299;,
  97.034944;25.037674;104.218246;,
  109.951565;31.997520;90.648160;,
  116.758477;24.112290;92.914086;,
  104.141984;16.034693;106.927264;,
  119.382246;12.808310;89.057536;,
  107.299987;4.195065;103.455930;,
  116.108160;4.597108;80.318419;,
  103.856608;-5.123888;94.476762;,
  109.066445;1.998135;71.280998;,
  96.090912;-8.151144;84.757754;,
  86.721440;-0.479606;78.894010;,
  99.555302;7.658647;66.311469;,
  55.130451;-0.352961;59.847398;,
  61.157792;16.655416;47.198525;,
  65.435789;7.046946;45.789923;,
  50.226314;10.703553;61.334630;,
  62.586528;25.835563;52.625306;,
  52.307795;19.953691;67.677126;,
  58.931757;25.409034;74.893088;,
  69.642342;31.079283;59.947597;,
  68.675565;22.313338;79.904992;,
  78.374483;28.683347;64.805018;,
  84.788570;21.123802;65.516915;,
  75.319565;14.390771;80.654285;,
  86.328326;10.980828;61.247878;,
  77.824973;3.697727;76.958349;,
  81.963437;3.844432;54.711610;,
  73.066042;-4.377061;69.725856;,
  74.481088;1.764957;48.730915;,
  64.349498;-6.621257;62.645466;,
  55.130451;-0.352961;59.847398;,
  65.435789;7.046946;45.789923;,
  -16.139688;18.446483;225.260134;,
  -22.919874;26.595389;224.932685;,
  -20.848610;26.778272;228.823782;,
  -18.231218;18.730477;222.694528;,
  -26.961120;23.976438;224.290150;,
  -20.956914;16.658987;222.165760;,
  -28.786205;21.630032;227.574810;,
  -22.023226;14.313488;224.237798;,
  -26.791029;21.804374;231.453235;,
  -19.866517;13.884405;226.839091;,
  -22.591448;24.532070;232.101683;,
  -16.958662;15.825938;227.299430;,
  -20.848610;26.778272;228.823782;,
  -16.139688;18.446483;225.260134;,
  102.465798;9.986147;68.996474;,
  109.066445;1.998135;71.280998;,
  99.555302;7.658647;66.311469;,
  109.042445;5.929225;72.536659;,
  116.108160;4.597108;80.318419;,
  114.923712;7.882419;79.661722;,
  116.920013;15.057365;86.281453;,
  119.382246;12.808310;89.057536;,
  116.758477;24.112290;92.914086;,
  114.276314;22.942472;88.356486;,
  109.951565;31.997520;90.648160;,
  109.184627;29.349901;86.894918;,
  101.458970;34.600128;83.473299;,
  102.757888;30.838746;81.383910;,
  96.405402;28.667968;74.161818;,
  98.934758;26.294293;74.875642;,
  98.220077;18.327227;69.512864;,
  95.087629;18.666736;67.566886;,
  99.555302;7.658647;66.311469;,
  102.465798;9.986147;68.996474;,
  5.714628;12.047950;216.242842;,
  4.825579;4.965835;199.210995;,
  2.563947;3.031444;200.005222;,
  10.770894;14.843795;211.954560;,
  9.210222;4.346997;199.421901;,
  16.684922;11.783760;211.333862;,
  9.195968;0.746945;199.680973;,
  17.930414;5.964756;214.902016;,
  7.514267;-1.487191;199.819520;,
  13.380936;2.828206;219.065165;,
  3.608339;-0.860526;200.291136;,
  6.729515;6.255088;219.773491;,
  2.563947;3.031444;200.005222;,
  5.714628;12.047950;216.242842;,
  67.712691;8.246636;47.099357;,
  74.481088;1.764957;48.730915;,
  65.435789;7.046946;45.789923;,
  74.345747;4.618925;49.276330;,
  81.963437;3.844432;54.711610;,
  81.306976;6.187106;54.454387;,
  84.453370;12.975491;60.177574;,
  86.328326;10.980828;61.247878;,
  84.788570;21.123802;65.516915;,
  81.979386;19.872928;62.638464;,
  78.374483;28.683347;64.805018;,
  77.771040;26.166850;62.378816;,
  69.642342;31.079283;59.947597;,
  70.558592;27.744294;58.425926;,
  62.586528;25.835563;52.625306;,
  65.720922;23.483789;52.875882;,
  64.193050;15.919664;48.381357;,
  61.157792;16.655416;47.198525;,
  65.435789;7.046946;45.789923;,
  67.712691;8.246636;47.099357;,
  -22.591448;24.532070;232.101683;,
  -28.786205;21.630032;227.574810;,
  -26.791029;21.804374;231.453235;,
  -20.848610;26.778272;228.823782;,
  -26.961120;23.976438;224.290150;,
  -22.919874;26.595389;224.932685;,
  -95.087629;18.666749;67.566874;,
  -86.721434;-0.479597;78.893997;,
  -99.555302;7.658657;66.311456;,
  -81.150528;11.862742;80.624307;,
  -96.405402;28.667981;74.161805;,
  -82.200346;22.008125;87.652352;,
  -87.802374;28.454717;96.753126;,
  -101.458970;34.600141;83.473280;,
  -97.034944;25.037685;104.218246;,
  -109.951552;31.997533;90.648154;,
  -116.758464;24.112301;92.914080;,
  -104.141984;16.034702;106.927251;,
  -119.382234;12.808319;89.057523;,
  -107.299981;4.195072;103.455923;,
  -116.108147;4.597118;80.318406;,
  -103.856595;-5.123881;94.476749;,
  -109.066445;1.998144;71.280986;,
  -96.090912;-8.151138;84.757728;,
  -86.721434;-0.479597;78.893997;,
  -99.555302;7.658657;66.311456;,
  -61.157766;16.655414;47.198550;,
  -55.130426;-0.352962;59.847411;,
  -65.435763;7.046946;45.789952;,
  -50.226294;10.703551;61.334650;,
  -62.586502;25.835558;52.625334;,
  -52.307782;19.953690;67.677139;,
  -58.931744;25.409029;74.893107;,
  -69.642317;31.079280;59.947622;,
  -68.675552;22.313331;79.905005;,
  -78.374464;28.683341;64.805037;,
  -84.788550;21.123798;65.516934;,
  -75.319552;14.390766;80.654298;,
  -86.328294;10.980823;61.247904;,
  -77.824954;3.697723;76.958368;,
  -81.963411;3.844428;54.711629;,
  -73.066016;-4.377064;69.725869;,
  -74.481050;1.764955;48.730941;,
  -64.349472;-6.621259;62.645478;,
  -55.130426;-0.352962;59.847411;,
  -65.435763;7.046946;45.789952;,
  -21.251870;-7.375642;-0.000044;,
  -26.806587;-9.786111;-0.000044;,
  -32.470970;-8.357956;-0.000044;,
  -35.759101;-4.083101;-0.000043;,
  -18.837950;-2.601530;-0.000044;,
  -20.731718;4.684350;-0.000043;,
  -35.158291;3.421199;-0.000043;,
  -19.843541;11.106073;-0.000043;,
  -37.148061;9.590936;-0.000042;,
  -38.072906;15.853917;-0.000042;,
  -20.020275;17.434555;-0.000043;,
  -23.589464;22.722038;-0.000035;,
  -29.759555;24.809418;-0.000034;,
  -35.553248;21.502216;-0.000034;,
  21.251866;-7.375648;-0.000007;,
  32.470960;-8.357962;-0.000007;,
  26.806579;-9.786116;-0.000007;,
  35.759091;-4.083108;-0.000007;,
  18.837944;-2.601536;-0.000007;,
  20.731712;4.684343;-0.000007;,
  35.158285;3.421191;-0.000007;,
  19.843533;11.106065;-0.000008;,
  37.148048;9.590927;-0.000008;,
  38.072893;15.853907;-0.000009;,
  20.020267;17.434546;-0.000010;,
  23.589454;22.722029;-0.000002;,
  29.759546;24.809408;-0.000002;,
  35.553235;21.502206;-0.000001;,
  -109.066445;1.998144;71.280986;,
  -102.465798;9.986158;68.996461;,
  -99.555302;7.658657;66.311456;,
  -109.042445;5.929234;72.536646;,
  -116.108147;4.597118;80.318406;,
  -114.923699;7.882429;79.661702;,
  -116.920000;15.057376;86.281446;,
  -119.382234;12.808319;89.057523;,
  -116.758464;24.112301;92.914080;,
  -114.276301;22.942483;88.356474;,
  -109.951552;31.997533;90.648154;,
  -109.184627;29.349914;86.894912;,
  -101.458970;34.600141;83.473280;,
  -102.757888;30.838762;81.383898;,
  -96.405402;28.667981;74.161805;,
  -98.934758;26.294304;74.875629;,
  -98.220077;18.327238;69.512845;,
  -95.087629;18.666749;67.566874;,
  -99.555302;7.658657;66.311456;,
  -102.465798;9.986158;68.996461;,
  -93.451616;45.695562;42.331638;,
  -88.775360;46.573014;40.116384;,
  -88.187866;45.719920;39.973613;,
  -93.614413;44.567478;42.639798;,
  -91.727226;41.456173;44.655846;,
  -85.707334;42.877322;41.471901;,
  -90.035142;37.203152;47.525232;,
  -84.297594;39.835398;43.481398;,
  -83.601280;38.733350;44.294819;,
  -81.662048;36.011987;45.779238;,
  -88.014086;33.447050;50.206051;,
  -88.827802;32.552326;49.458797;,
  -81.747968;35.613651;45.513050;,
  -91.748858;35.013456;45.150013;,
  -84.969389;37.599616;43.033523;,
  -94.517037;39.070416;39.831363;,
  -87.827520;40.846474;38.356426;,
  -88.408934;41.752685;37.264131;,
  -89.674643;44.385690;34.221242;,
  -95.669984;42.352374;35.662666;,
  -97.378138;44.479926;32.512890;,
  -91.970752;46.138272;31.372109;,
  -92.692198;46.023018;30.540406;,
  -97.288320;44.702880;31.401651;,
  -95.813459;40.446701;27.135187;,
  -91.583616;42.887216;27.381190;,
  -90.630010;42.368592;27.568886;,
  -95.611482;39.388787;27.407616;,
  -93.785702;36.913952;30.210902;,
  -88.143181;40.402541;30.164234;,
  -92.525978;33.147130;33.934749;,
  -86.867770;37.735107;33.230141;,
  -86.292742;36.814064;34.315853;,
  -83.634874;33.693440;38.163133;,
  -90.123430;29.025834;39.149696;,
  -89.469408;27.190874;37.402230;,
  -82.386778;32.191350;36.634963;,
  -92.070035;32.750909;30.213744;,
  -85.276947;35.586954;30.748330;,
  -86.121984;36.885539;28.915350;,
  -87.343552;39.268032;25.615112;,
  -93.064109;35.905437;25.905744;,
  -89.464128;40.466154;22.308693;,
  -94.566035;37.687069;22.450797;,
  -94.265190;37.979904;21.374205;,
  -89.931315;40.228179;21.347694;,
  -90.485498;34.526269;17.501341;,
  -87.131782;37.646618;18.464347;,
  -90.039514;33.556717;17.816344;,
  -86.088851;37.359955;18.836365;,
  -83.813651;35.911869;21.892922;,
  -88.224525;31.505744;20.961149;,
  -86.908141;27.964141;24.947150;,
  -82.647680;33.527597;25.189056;,
  -81.926957;32.382954;26.713694;,
  -78.731232;28.433904;33.346992;,
  -84.308634;23.164267;31.825286;,
  -83.140230;22.209749;30.604701;,
  -77.192122;26.825178;32.018918;,
  -84.071872;25.220770;25.932878;,
  -78.681997;29.430320;27.526656;,
  -78.950419;30.287290;25.973051;,
  -79.682413;32.442006;22.938858;,
  -84.459622;28.218243;22.001470;,
  -81.036550;33.440531;19.290168;,
  -85.316909;29.885715;18.334822;,
  -84.801062;30.243475;17.344246;,
  -81.162330;33.159530;18.253586;,
  -81.628410;30.029862;15.458837;,
  -81.162330;33.159530;18.253586;,
  -77.104646;31.096874;16.089738;,
  -79.340307;27.467578;14.432203;,
  -78.780589;26.563120;14.849195;,
  -76.146790;30.955133;16.679261;,
  -74.515648;29.724995;20.093368;,
  -82.717094;27.364006;16.409574;,
  -77.395718;24.639358;17.930419;,
  -82.629043;28.136678;15.735822;,
  -81.628410;30.029862;15.458837;,
  -84.801062;30.243475;17.344246;,
  -85.316909;29.885715;18.334822;,
