xof 0303txt 0032
template ColorRGBA {
 <35ff44e0-6c7c-11cf-8f52-0040333594a3>
 FLOAT red;
 FLOAT green;
 FLOAT blue;
 FLOAT alpha;
}

template ColorRGB {
 <d3e16e81-7835-11cf-8f52-0040333594a3>
 FLOAT red;
 FLOAT green;
 FLOAT blue;
}

template Material {
 <3d82ab4d-62da-11cf-ab39-0020af71e433>
 ColorRGBA faceColor;
 FLOAT power;
 ColorRGB specularColor;
 ColorRGB emissiveColor;
 [...]
}

template TextureFilename {
 <a42790e1-7810-11cf-8f52-0040333594a3>
 STRING filename;
}

template Frame {
 <3d82ab46-62da-11cf-ab39-0020af71e433>
 [...]
}

template Matrix4x4 {
 <f6f23f45-7686-11cf-8f52-0040333594a3>
 array FLOAT matrix[16];
}

template FrameTransformMatrix {
 <f6f23f41-7686-11cf-8f52-0040333594a3>
 Matrix4x4 frameMatrix;
}

template Vector {
 <3d82ab5e-62da-11cf-ab39-0020af71e433>
 FLOAT x;
 FLOAT y;
 FLOAT z;
}

template MeshFace {
 <3d82ab5f-62da-11cf-ab39-0020af71e433>
 DWORD nFaceVertexIndices;
 array DWORD faceVertexIndices[nFaceVertexIndices];
}

template Mesh {
 <3d82ab44-62da-11cf-ab39-0020af71e433>
 DWORD nVertices;
 array Vector vertices[nVertices];
 DWORD nFaces;
 array MeshFace faces[nFaces];
 [...]
}

template MeshNormals {
 <f6f23f43-7686-11cf-8f52-0040333594a3>
 DWORD nNormals;
 array Vector normals[nNormals];
 DWORD nFaceNormals;
 array MeshFace faceNormals[nFaceNormals];
}

template MeshMaterialList {
 <f6f23f42-7686-11cf-8f52-0040333594a3>
 DWORD nMaterials;
 DWORD nFaceIndexes;
 array DWORD faceIndexes[nFaceIndexes];
 [Material <3d82ab4d-62da-11cf-ab39-0020af71e433>]
}

template Coords2d {
 <f6f23f44-7686-11cf-8f52-0040333594a3>
 FLOAT u;
 FLOAT v;
}

template MeshTextureCoords {
 <f6f23f40-7686-11cf-8f52-0040333594a3>
 DWORD nTextureCoords;
 array Coords2d textureCoords[nTextureCoords];
}

template XSkinMeshHeader {
 <3cf169ce-ff7c-44ab-93c0-f78f62d172e2>
 WORD nMaxSkinWeightsPerVertex;
 WORD nMaxSkinWeightsPerFace;
 WORD nBones;
}

template SkinWeights {
 <6f0d123b-bad2-4167-a0d0-80224f25fabb>
 STRING transformNodeName;
 DWORD nWeights;
 array DWORD vertexIndices[nWeights];
 array FLOAT weights[nWeights];
 Matrix4x4 matrixOffset;
}

template AnimTicksPerSecond {
 <9e415a43-7ba6-4a73-8743-b73d47e88476>
 DWORD AnimTicksPerSecond;
}

template Animation {
 <3d82ab4f-62da-11cf-ab39-0020af71e433>
 [...]
}

template AnimationSet {
 <3d82ab50-62da-11cf-ab39-0020af71e433>
 [Animation <3d82ab4f-62da-11cf-ab39-0020af71e433>]
}

template FloatKeys {
 <10dd46a9-775b-11cf-8f52-0040333594a3>
 DWORD nValues;
 array FLOAT values[nValues];
}

template TimedFloatKeys {
 <f406b180-7b3b-11cf-8f52-0040333594a3>
 DWORD time;
 FloatKeys tfkeys;
}

template AnimationKey {
 <10dd46a8-775b-11cf-8f52-0040333594a3>
 DWORD keyType;
 DWORD nKeys;
 array TimedFloatKeys keys[nKeys];
}


Material FA_89 {
 1.000000;1.000000;1.000000;1.000000;;
 43.219280;
 0.020000;0.020000;0.020000;;
 0.000000;0.000000;0.000000;;

 TextureFilename {
  "22000095_N_Beelzebub_Idle01.dds";
 }
}

Material _22000095_N_Beelzebub_107 {
 1.000000;1.000000;1.000000;1.000000;;
 43.219280;
 0.020000;0.020000;0.020000;;
 0.000000;0.000000;0.000000;;

 TextureFilename {
  "22000095_N_Beelzebub_Idle01.dds";
 }
}

Frame Scene_Root {
 

 FrameTransformMatrix {
  0.393701,0.000000,0.000000,0.000000,0.000000,-0.000000,-0.393701,0.000000,0.000000,0.393701,-0.000000,0.000000,0.000000,0.000000,0.000000,1.000000;;
 }

 Frame Dummy01_Main {
  

  FrameTransformMatrix {
   1.000000,0.000000,0.000000,0.000000,0.000000,1.000000,0.000000,0.000000,0.000000,0.000000,1.000000,0.000000,0.000000,0.000000,0.000000,1.000000;;
  }

  Frame Dummy01_Main_NonAccum {
   

   FrameTransformMatrix {
    1.000000,0.000000,0.000000,0.000000,0.000000,1.000000,0.000000,0.000000,0.000000,0.000000,1.000000,0.000000,0.000000,0.000000,0.000000,1.000000;;
   }

   Frame Bip01 {
    

    FrameTransformMatrix {
     0.000001,0.999999,-0.001576,0.000000,-1.000000,0.000001,-0.000000,0.000000,-0.000000,0.001576,0.999999,0.000000,-0.000002,-55.612058,1.244041,1.000000;;
    }

    Frame Bip01_Footsteps {
     

     FrameTransformMatrix {
      0.000001,-1.000000,-0.000000,0.000000,1.000000,0.000001,-0.000000,0.000000,0.000000,-0.000000,1.000000,0.000000,-0.000004,0.000003,-66.201248,1.000000;;
     }
    }

    Frame Bip01_Pelvis {
     

     FrameTransformMatrix {
      0.000002,-0.000000,1.000000,0.000000,-1.000000,0.000001,0.000002,0.000000,-0.000001,-1.000000,-0.000000,0.000000,0.000000,0.000000,0.000000,1.000000;;
     }

     Frame Bip01_Spine {
      

      FrameTransformMatrix {
       0.991983,-0.126374,-0.000003,0.000000,0.126374,0.991983,-0.000003,0.000000,0.000003,0.000003,1.000000,0.000000,7.564322,-4.931995,0.000048,1.000000;;
      }

      Frame Bip01_Spine1 {
       

       FrameTransformMatrix {
        0.999923,0.012435,-0.000001,0.000000,-0.012435,0.999923,-0.000001,0.000000,0.000001,0.000001,1.000000,0.000000,14.914362,0.012833,0.000155,1.000000;;
       }

       Frame Bip01_Spine2 {
        

        FrameTransformMatrix {
         0.944770,-0.327734,-0.000001,0.000000,0.327734,0.944770,-0.000001,0.000000,0.000001,0.000001,1.000000,0.000000,16.406702,0.045052,0.000150,1.000000;;
        }

        Frame Bip01_Neck {
         

         FrameTransformMatrix {
          0.903213,-0.429192,-0.000010,0.000000,0.429192,0.903213,-0.000015,0.000000,0.000015,0.000010,1.000000,0.000000,50.331398,-2.264084,0.000661,1.000000;;
         }

         Frame Bip01_Head {
          

          FrameTransformMatrix {
           0.878816,0.462489,0.117417,0.000000,-0.477161,0.851773,0.216335,0.000000,0.000040,-0.246145,0.969233,0.000000,8.391658,-0.000008,-0.000000,1.000000;;
          }

          Frame EarL01 {
           

           FrameTransformMatrix {
            0.806168,-0.118809,0.579636,0.000000,-0.582362,-0.332559,0.741795,0.000000,0.104631,-0.935569,-0.337288,0.000000,36.456666,10.807636,5.351428,1.000000;;
           }

           Frame EarL02 {
            

            FrameTransformMatrix {
             0.477364,0.703438,0.526591,0.000000,-0.878080,0.404484,0.255671,0.000000,-0.033149,-0.584438,0.810761,0.000000,24.976867,0.000008,0.000000,1.000000;;
            }
           }
          }

          Frame EarR01 {
           

           FrameTransformMatrix {
            0.901852,-0.381920,-0.201993,0.000000,0.381075,0.482864,0.788432,0.000000,-0.203583,-0.788023,0.581011,0.000000,36.456666,10.807610,-5.350978,1.000000;;
           }

           Frame EarR02 {
            

            FrameTransformMatrix {
             0.489932,-0.063089,0.869475,0.000000,-0.064781,0.991986,0.108481,0.000000,-0.869350,-0.109474,0.481918,0.000000,24.976837,-0.000004,-0.000031,1.000000;;
            }
           }
          }

          Frame Dummy01 {
           

           FrameTransformMatrix {
            0.000001,-0.000000,1.000000,0.000000,-0.000002,-1.000000,-0.000000,0.000000,1.000000,-0.000002,-0.000001,0.000000,-4.583634,-38.790787,0.000109,1.000000;;
           }
          }
         }

         Frame Bip01_L_Clavicle {
          

          FrameTransformMatrix {
           0.061753,-0.396395,0.916001,0.000000,0.396415,-0.832521,-0.386994,0.000000,0.915992,0.387015,0.105726,0.000000,-14.329829,-4.324533,27.563709,1.000000;;
          }

          Frame Bip01_L_UpperArm {
           

           FrameTransformMatrix {
            0.572136,0.186171,-0.798750,0.000000,-0.356859,0.933383,-0.038063,0.000000,0.738452,0.306818,0.600459,0.000000,25.165966,0.000000,0.000000,1.000000;;
           }

           Frame Bip01_L_Forearm {
            

            FrameTransformMatrix {
             -0.009615,0.999954,-0.000031,0.000000,-0.999954,-0.009615,0.000000,0.000000,-0.000000,0.000031,1.000000,0.000000,45.837952,-0.000008,-0.000000,1.000000;;
            }

            Frame Bip01_L_Hand {
             

             FrameTransformMatrix {
              0.707511,0.299905,0.639910,0.000000,-0.540498,0.812993,0.216573,0.000000,-0.455292,-0.499098,0.737300,0.000000,39.539917,0.000004,0.000000,1.000000;;
             }

             Frame Bip01_L_Finger0 {
              

              FrameTransformMatrix {
               0.104293,-0.988965,-0.105217,0.000000,0.116289,0.117195,-0.986277,0.000000,0.987725,0.090626,0.127229,0.000000,10.111358,-1.106254,-13.974277,1.000000;;
              }

              Frame Bip01_L_Finger01 {
               

               FrameTransformMatrix {
                -0.030104,-0.999547,0.000001,0.000000,0.999547,-0.030104,-0.000043,0.000000,0.000043,-0.000001,1.000000,0.000000,11.551900,-0.000002,0.000001,1.000000;;
               }
              }
             }

             Frame Bip01_L_Finger1 {
              

              FrameTransformMatrix {
               -0.017666,-0.996523,0.081426,0.000000,0.999583,-0.015741,0.024222,0.000000,-0.022856,0.081820,0.996385,0.000000,22.192502,1.238083,-8.249647,1.000000;;
              }

              Frame Bip01_L_Finger11 {
               

               FrameTransformMatrix {
                -0.046989,-0.998895,0.000022,0.000000,0.998895,-0.046989,-0.000021,0.000000,0.000022,0.000021,1.000000,0.000000,11.551899,-0.000000,0.000004,1.000000;;
               }
              }
             }

             Frame Bip01_L_Finger2 {
              

              FrameTransformMatrix {
               0.303242,-0.943490,-0.133682,0.000000,0.949480,0.287263,0.126365,0.000000,-0.080822,-0.165248,0.982935,0.000000,21.321909,1.823635,3.617245,1.000000;;
              }

              Frame Bip01_L_Finger21 {
               

               FrameTransformMatrix {
                -0.044561,-0.999007,-0.000000,0.000000,0.999007,-0.044560,-0.000000,0.000000,0.000000,-0.000000,1.000000,0.000000,12.915570,0.000006,-0.000004,1.000000;;
               }
              }
             }

             Frame Bip01_L_Finger3 {
              

              FrameTransformMatrix {
               0.165001,-0.966953,-0.194361,0.000000,0.908539,0.072322,0.411493,0.000000,-0.383838,-0.244481,0.890448,0.000000,22.402123,-2.856658,13.007134,1.000000;;
              }

              Frame Bip01_L_Finger31 {
               

               FrameTransformMatrix {
                0.079696,-0.996820,-0.000001,0.000000,0.996820,0.079696,-0.000034,0.000000,0.000034,0.000001,1.000000,0.000000,8.060491,0.000004,0.000004,1.000000;;
               }
              }
             }
            }
           }

           Frame Bip01_L_ForeTwist {
            

            FrameTransformMatrix {
             -0.009593,0.999954,0.000001,0.000000,-0.883314,-0.008474,-0.468706,0.000000,-0.468685,-0.004497,0.883354,0.000000,45.837952,-0.000008,-0.000000,1.000000;;
            }
           }
          }

          Frame Bip01_LUpArmTwist {
           

           FrameTransformMatrix {
            0.572143,0.186138,-0.798752,0.000000,-0.050193,0.980027,0.192428,0.000000,0.818617,-0.070005,0.570058,0.000000,25.165966,0.000000,0.000000,1.000000;;
           }
          }

          Frame Dummy02 {
           

           FrameTransformMatrix {
            1.000000,-0.000007,-0.000000,0.000000,-0.000000,-0.000000,-1.000000,0.000000,0.000007,1.000000,-0.000000,0.000000,36.088138,-4.944138,18.322434,1.000000;;
           }

           Frame Bone01_mirrored_ {
            

            FrameTransformMatrix {
             -0.263192,0.873227,0.410128,0.000000,-0.896015,-0.378838,0.231604,0.000000,0.357614,-0.306525,0.882131,0.000000,-24.106651,8.758253,39.469082,1.000000;;
            }
           }
          }
         }

         Frame Bip01_R_Clavicle {
          

          FrameTransformMatrix {
           0.182410,-0.447370,-0.875550,0.000000,0.376536,-0.790818,0.482522,0.000000,-0.908266,-0.417693,0.024197,0.000000,-14.330133,-4.324240,-27.564170,1.000000;;
          }

          Frame Bip01_R_UpperArm {
           

           FrameTransformMatrix {
            0.721978,0.667165,0.183408,0.000000,-0.570692,0.724064,-0.387352,0.000000,-0.391227,0.174990,0.903504,0.000000,25.165965,-0.000008,-0.000004,1.000000;;
           }

           Frame Bip01_R_Forearm {
            

            FrameTransformMatrix {
             0.173758,0.984788,0.000029,0.000000,-0.984788,0.173758,0.000003,0.000000,-0.000003,-0.000029,1.000000,0.000000,45.837930,0.000011,-0.000008,1.000000;;
            }

            Frame Bip01_R_Hand {
             

             FrameTransformMatrix {
              0.511121,-0.162642,-0.843980,0.000000,-0.780509,-0.499044,-0.376512,0.000000,-0.359947,0.851177,-0.382016,0.000000,39.539904,-0.000014,-0.000000,1.000000;;
             }

             Frame Bip01_R_Finger0 {
              

              FrameTransformMatrix {
               0.247267,-0.708155,0.661343,0.000000,0.196043,0.704986,0.681588,0.000000,-0.948908,-0.038883,0.313149,0.000000,10.111358,-1.106257,13.974274,1.000000;;
              }

              Frame Bip01_R_Finger01 {
               

               FrameTransformMatrix {
                0.616448,-0.787396,-0.000014,0.000000,0.787396,0.616448,-0.000040,0.000000,0.000040,0.000014,1.000000,0.000000,11.551898,-0.000004,-0.000000,1.000000;;
               }
              }
             }

             Frame Bip01_R_Finger1 {
              

              FrameTransformMatrix {
               0.957009,-0.202956,0.207228,0.000000,0.194316,0.979012,0.061452,0.000000,-0.215350,-0.018543,0.976361,0.000000,22.192490,1.238081,8.249657,1.000000;;
              }

              Frame Bip01_R_Finger11 {
               

               FrameTransformMatrix {
                0.798213,-0.602376,0.000000,0.000000,0.602376,0.798212,-0.000000,0.000000,-0.000000,-0.000000,1.000000,0.000000,11.551895,0.000008,-0.000004,1.000000;;
               }
              }
             }

             Frame Bip01_R_Finger2 {
              

              FrameTransformMatrix {
               0.958640,-0.284579,-0.005025,0.000000,0.280414,0.947342,-0.154633,0.000000,0.048766,0.146828,0.987959,0.000000,21.321907,1.823629,-3.617248,1.000000;;
              }

              Frame Bip01_R_Finger21 {
               

               FrameTransformMatrix {
                0.899733,-0.436441,-0.000023,0.000000,0.436441,0.899733,-0.000036,0.000000,0.000036,0.000023,1.000000,0.000000,12.915550,-0.000004,-0.000000,1.000000;;
               }
              }
             }

             Frame Bip01_R_Finger3 {
              

              FrameTransformMatrix {
               0.953661,-0.039227,-0.298314,0.000000,-0.118411,0.862529,-0.491959,0.000000,0.276602,0.504486,0.817915,0.000000,22.402130,-2.856657,-13.007149,1.000000;;
              }

              Frame Bip01_R_Finger31 {
               

               FrameTransformMatrix {
                0.750815,-0.660513,-0.000018,0.000000,0.660513,0.750815,-0.000039,0.000000,0.000039,0.000018,1.000000,0.000000,8.060478,0.000000,0.000000,1.000000;;
               }
              }
             }

             Frame RHand00 {
              

              FrameTransformMatrix {
               1.000001,-0.000000,-0.000000,0.000000,0.000000,1.000001,-0.000000,0.000000,0.000000,0.000000,1.000001,0.000000,0.000000,0.000008,0.000006,1.000000;;
              }
             }
            }
           }

           Frame Bip01_R_ForeTwist {
            

            FrameTransformMatrix {
             0.173780,0.984785,-0.000002,0.000000,-0.962968,0.169929,-0.209326,0.000000,-0.206141,0.036378,0.977846,0.000000,45.837930,0.000011,-0.000008,1.000000;;
            }
           }
          }

          Frame Bip01_RUpArmTwist {
           

           FrameTransformMatrix {
            0.721959,0.667183,0.183417,0.000000,-0.506210,0.689997,-0.517355,0.000000,-0.471727,0.280662,0.835884,0.000000,25.165965,-0.000008,-0.000004,1.000000;;
           }
          }

          Frame Dummy03 {
           

           FrameTransformMatrix {
            -1.000001,0.000000,-0.000007,0.000000,-0.000007,0.000007,1.000000,0.000000,-0.000000,1.000000,-0.000007,0.000000,36.088522,-4.944472,-18.321755,1.000000;;
           }

           Frame Bone01 {
            

            FrameTransformMatrix {
             0.152530,0.773823,0.614762,0.000000,-0.899755,0.366075,-0.237550,0.000000,-0.408871,-0.516902,0.752089,0.000000,24.107542,8.758261,39.469283,1.000000;;
            }
           }
          }
         }
        }

        Frame Bone01_L_Clavicle {
         

         FrameTransformMatrix {
          0.178395,0.256439,0.949955,0.000000,-0.983251,0.009835,0.181993,0.000000,0.037327,-0.966510,0.253899,0.000000,4.988911,4.900042,28.465648,1.000000;;
         }

         Frame Bone01_L_UpperArm {
          

          FrameTransformMatrix {
           0.933233,0.214269,-0.288382,0.000000,-0.357414,0.472200,-0.805781,0.000000,-0.036480,0.855054,0.517255,0.000000,14.118314,-0.000002,-0.000000,1.000000;;
          }

          Frame Bone01_L_Forearm {
           

           FrameTransformMatrix {
            -0.184204,0.006660,0.982866,0.000000,0.038041,0.999276,0.000358,0.000000,-0.982152,0.037455,-0.184324,0.000000,31.358560,-0.000153,0.000008,1.000000;;
           }

           Frame Bone01_L_Hand {
            

            FrameTransformMatrix {
             0.990265,0.109241,0.086263,0.000000,-0.136951,0.653863,0.744115,0.000000,0.024884,-0.748685,0.662458,0.000000,32.733821,0.000900,0.000000,1.000000;;
            }

            Frame Bone01_Finger01 {
             

             FrameTransformMatrix {
              0.639345,0.679527,-0.359835,0.000000,-0.381232,-0.126269,-0.915816,0.000000,-0.667758,0.722702,0.178328,0.000000,11.324024,3.861778,14.540294,1.000000;;
             }

             Frame Bone01_Finger02 {
              

              FrameTransformMatrix {
               -0.110764,0.993847,0.000000,0.000000,-0.993847,-0.110764,0.000003,0.000000,0.000003,0.000000,1.000000,0.000000,13.120646,-0.000015,0.000013,1.000000;;
              }
             }
            }

            Frame Bone01_Finger03 {
             

             FrameTransformMatrix {
              -0.053442,0.990887,-0.123643,0.000000,-0.998408,-0.055260,-0.011317,0.000000,-0.018047,0.122841,0.992262,0.000000,24.279117,-1.730130,9.904754,1.000000;;
             }

             Frame Bone01_Finger04 {
              

              FrameTransformMatrix {
               -0.181810,0.983334,0.000000,0.000000,-0.983334,-0.181810,-0.000000,0.000000,0.000000,-0.000000,1.000000,0.000000,8.113869,0.000001,-0.000008,1.000000;;
              }
             }
            }

            Frame Bone01_Finger05 {
             

             FrameTransformMatrix {
              -0.009415,0.998271,0.058013,0.000000,-0.996107,-0.014448,0.086962,0.000000,0.087650,-0.056969,0.994521,0.000000,23.837589,-2.053905,-0.281212,1.000000;;
             }

             Frame Bone01_Finger06 {
              

              FrameTransformMatrix {
               -0.176330,0.984331,0.000000,0.000000,-0.984331,-0.176330,0.000002,0.000000,0.000002,0.000000,1.000000,0.000000,9.363796,0.000001,0.000008,1.000000;;
              }
             }
            }

            Frame Bone01_Finger07 {
             

             FrameTransformMatrix {
              0.027904,0.950943,0.308106,0.000000,-0.974919,-0.042195,0.218526,0.000000,0.220806,-0.306476,0.925914,0.000000,21.264917,1.155526,-9.178284,1.000000;;
             }

             Frame Bone01_Finger08 {
              

              FrameTransformMatrix {
               -0.195184,0.980767,0.000000,0.000000,-0.980767,-0.195184,0.000002,0.000000,0.000002,0.000000,1.000000,0.000000,7.304962,0.000000,0.000000,1.000000;;
              }
             }
            }
           }
          }
         }
        }

        Frame Bip02_R_Clavicle {
         

         FrameTransformMatrix {
          0.206615,0.243212,-0.947712,0.000000,0.977761,-0.015723,0.209132,0.000000,0.035963,-0.969846,-0.241052,0.000000,4.988922,4.899969,-28.466000,1.000000;;
         }

         Frame Bip02_R_UpperArm {
          

          FrameTransformMatrix {
           0.892916,-0.441223,-0.089574,0.000000,0.418488,0.740009,0.526550,0.000000,-0.166040,-0.507650,0.845412,0.000000,14.118309,-0.000000,0.000008,1.000000;;
          }

          Frame Bip02_R_Forearm {
           

           FrameTransformMatrix {
            0.087585,0.022402,0.995905,0.000000,-0.092568,0.995604,-0.014254,0.000000,-0.991847,-0.090940,0.089273,0.000000,31.358563,0.000137,0.000008,1.000000;;
           }

           Frame Bip02_R_Hand {
            

            FrameTransformMatrix {
             0.969856,-0.240720,0.037856,0.000000,0.140529,0.425610,-0.893928,0.000000,0.199075,0.872302,0.446609,0.000000,32.733840,-0.000904,-0.000000,1.000000;;
            }

            Frame Bip02_Finger01 {
             

             FrameTransformMatrix {
              0.636773,-0.750801,-0.175552,0.000000,0.094898,-0.149634,0.984177,0.000000,-0.765189,-0.643356,-0.024033,0.000000,11.324029,-3.861787,14.540282,1.000000;;
             }

             Frame Bip02_Finger02 {
              

              FrameTransformMatrix {
               -0.170592,-0.985342,-0.000000,0.000000,0.985342,-0.170592,-0.000003,0.000000,0.000003,-0.000001,1.000000,0.000000,13.120636,0.000019,-0.000015,1.000000;;
              }
             }
            }

            Frame Bip02_Finger07 {
             

             FrameTransformMatrix {
              -0.051754,-0.944327,0.324912,0.000000,0.973944,-0.119662,-0.192652,0.000000,0.220807,0.306475,0.925914,0.000000,21.264925,-1.155525,-9.178287,1.000000;;
             }

             Frame Bip02_Finger08 {
              

              FrameTransformMatrix {
               -0.019104,-0.999818,-0.000000,0.000000,0.999817,-0.019104,-0.000002,0.000000,0.000002,-0.000000,1.000000,0.000000,7.304962,0.000001,-0.000006,1.000000;;
              }
             }
            }

            Frame Bip02_Finger03 {
             

             FrameTransformMatrix {
              -0.134746,-0.983071,-0.124155,0.000000,0.990716,-0.135943,0.001188,0.000000,-0.018046,-0.122842,0.992262,0.000000,24.279110,1.730133,9.904739,1.000000;;
             }

             Frame Bip02_Finger04 {
              

              FrameTransformMatrix {
               -0.005487,-0.999985,-0.000000,0.000000,0.999985,-0.005487,-0.000000,0.000000,0.000000,-0.000000,1.000000,0.000000,8.113869,0.000001,0.000011,1.000000;;
              }
             }
            }

            Frame Bip02_Finger05 {
             

             FrameTransformMatrix {
              -0.090678,-0.993762,0.064916,0.000000,0.992016,-0.095871,-0.081938,0.000000,0.087651,0.056968,0.994521,0.000000,23.837589,2.053909,-0.281219,1.000000;;
             }

             Frame Bip02_Finger06 {
              

              FrameTransformMatrix {
               0.000084,-1.000000,-0.000000,0.000000,1.000000,0.000084,-0.000002,0.000000,0.000002,-0.000000,1.000000,0.000000,9.363793,-0.000004,-0.000015,1.000000;;
              }
             }
            }
           }
          }
         }
        }

        Frame Bone01_Wing02 {
         

         FrameTransformMatrix {
          -0.007172,0.325923,0.945369,0.000000,0.999974,0.003049,0.006535,0.000000,-0.000752,0.945392,-0.325936,0.000000,19.316613,39.948970,7.110063,1.000000;;
         }
        }

        Frame Bone01_Wing01 {
         

         FrameTransformMatrix {
          -0.007172,0.325923,-0.945369,0.000000,-0.999974,-0.003050,0.006535,0.000000,-0.000753,0.945391,0.325937,0.000000,19.316613,39.948957,-7.110058,1.000000;;
         }
        }

        Frame Dummy04 {
         

         FrameTransformMatrix {
          0.000004,0.000005,1.000000,0.000000,-1.000000,-0.000776,0.000004,0.000000,0.000776,-1.000000,0.000005,0.000000,30.658944,-50.143434,0.000074,1.000000;;
         }
        }
       }
      }
     }

     Frame Bip01_L_Thigh {
      

      FrameTransformMatrix {
       0.553904,-0.124270,0.823254,0.000000,-0.091174,-0.991905,-0.088384,0.000000,0.827574,-0.026104,-0.560750,0.000000,-0.000019,-0.000020,15.285067,1.000000;;
      }

      Frame Bip01_L_Calf {
       

       FrameTransformMatrix {
        -0.059284,0.998241,0.000053,0.000000,-0.998241,-0.059284,-0.000002,0.000000,0.000001,-0.000053,1.000000,0.000000,21.430723,0.000000,-0.000003,1.000000;;
       }

       Frame Bip01_L_Foot {
        

        FrameTransformMatrix {
         0.919287,0.388922,0.060428,0.000000,-0.367084,0.902604,-0.224844,0.000000,-0.141989,0.184514,0.972519,0.000000,33.187702,0.000000,-0.000001,1.000000;;
        }

        Frame Bip01_L_Toe0 {
         

         FrameTransformMatrix {
          -0.000000,-1.000000,-0.000000,0.000000,1.000000,-0.000000,-0.000026,0.000000,0.000026,-0.000000,1.000000,0.000000,13.561216,-13.401458,-0.000007,1.000000;;
         }
        }
       }
      }
     }

     Frame Bip01_R_Thigh {
      

      FrameTransformMatrix {
       0.552759,-0.153540,-0.819075,0.000000,-0.103074,-0.987930,0.115632,0.000000,-0.826942,0.020508,-0.561913,0.000000,0.000024,0.000016,-15.285067,1.000000;;
      }

      Frame Bip01_R_Calf {
       

       FrameTransformMatrix {
        -0.036335,0.999340,0.000000,0.000000,-0.999340,-0.036335,-0.000000,0.000000,-0.000000,-0.000000,1.000000,0.000000,21.430725,-0.000000,0.000004,1.000000;;
       }

       Frame Bip01_R_Foot {
        

        FrameTransformMatrix {
         0.965697,0.244059,-0.088683,0.000000,-0.221396,0.952315,0.209953,0.000000,0.135695,-0.183116,0.973681,0.000000,33.187718,0.000000,-0.000001,1.000000;;
        }

        Frame Bip01_R_Toe0 {
         

         FrameTransformMatrix {
          -0.000000,-1.000000,-0.000001,0.000000,1.000000,-0.000000,-0.000001,0.000000,0.000001,-0.000001,1.000000,0.000000,13.561224,-13.401461,0.000002,1.000000;;
         }
        }
       }
      }
     }
    }
   }
  }
 }

 Frame FA {
  

  FrameTransformMatrix {
   1.000000,0.000000,0.000000,0.000000,0.000000,1.000000,0.000000,0.000000,0.000000,0.000000,1.000000,0.000000,0.000000,0.000000,0.000000,1.000000;;
  }
 }

 Frame _22000095_N_Beelzebub {
  

  FrameTransformMatrix {
   1.000000,0.000000,0.000000,0.000000,0.000000,1.000000,0.000000,0.000000,0.000000,0.000000,1.000000,0.000000,0.000000,0.000000,0.000000,1.000000;;
  }
 }
}

Frame FA_ {
 

 FrameTransformMatrix {
  0.393701,0.000000,0.000000,0.000000,0.000000,-0.000000,-0.393701,0.000000,0.000000,0.393701,-0.000000,0.000000,0.000000,0.000000,0.000000,1.000000;;
 }

 Mesh FA_ {
  3537;
  31.759658;-5.721237;174.380902;,
  36.620554;-17.026253;167.402586;,
  40.255971;-5.472557;170.119565;,
  -91.951610;48.643098;43.500371;,
  -86.986003;49.941741;43.119283;,
  -88.775360;46.573014;40.116384;,
  -128.860659;52.968989;71.654355;,
  -123.758182;54.461869;70.052992;,
  -126.292352;50.767930;67.339859;,
  91.951622;48.643107;43.500342;,
  88.775373;46.573024;40.116355;,
  86.986016;49.941754;43.119258;,
  93.451635;45.695571;42.331613;,
  88.775373;46.573024;40.116355;,
  88.187878;45.719933;39.973587;,
  93.614432;44.567491;42.639770;,
  91.727251;41.456186;44.655818;,
  85.707360;42.877334;41.471875;,
  90.035162;37.203171;47.525200;,
  84.297613;39.835411;43.481373;,
  83.601306;38.733366;44.294784;,
  81.662061;36.012000;45.779206;,
  88.014112;33.447069;50.206013;,
  88.827827;32.552330;49.458755;,
  81.748000;35.613658;45.513011;,
  91.748896;35.013456;45.149974;,
  84.969421;37.599626;43.033488;,
  94.517075;39.070435;39.831328;,
  87.827558;40.846490;38.356390;,
  88.408973;41.752704;37.264093;,
  89.674682;44.385712;34.221200;,
  95.670029;42.352397;35.662624;,
  97.378182;44.479949;32.512848;,
  91.970797;46.138298;31.372067;,
  92.692256;46.023043;30.540365;,
  97.288371;44.702902;31.401610;,
  95.850656;43.463840;28.528272;,
  91.583674;42.887238;27.381149;,
  92.692256;46.023043;30.540365;,
  95.813517;40.446723;27.135146;,
  91.583674;42.887238;27.381149;,
  90.630061;42.368614;27.568845;,
  95.611533;39.388810;27.407574;,
  93.785760;36.913974;30.210861;,
  88.143226;40.402560;30.164189;,
  92.526029;33.147149;33.934717;,
  86.867814;37.735126;33.230099;,
  86.292781;36.814080;34.315818;,
  83.634912;33.693446;38.163098;,
  90.123469;29.025840;39.149658;,
  89.469446;27.190880;37.402182;,
  82.386810;32.191360;36.634925;,
  92.070067;32.750931;30.213709;,
  85.276986;35.586976;30.748294;,
  86.122022;36.885558;28.915318;,
  87.343584;39.268051;25.615078;,
  93.064141;35.905456;25.905712;,
  89.464160;40.466173;22.308659;,
  94.566061;37.687088;22.450763;,
  94.265222;37.979923;21.374170;,
  89.931341;40.228198;21.347661;,
  91.808794;37.342246;18.887117;,
  89.931341;40.228198;21.347661;,
  87.131814;37.646637;18.464314;,
  90.485536;34.526288;17.501307;,
  87.131814;37.646637;18.464314;,
  90.039552;33.556736;17.816309;,
  86.088883;37.359971;18.836331;,
  83.813683;35.911885;21.892886;,
  88.224563;31.505763;20.961115;,
  86.908186;27.964160;24.947115;,
  82.647718;33.527610;25.189022;,
  81.927002;32.382973;26.713658;,
  78.731270;28.433914;33.346954;,
  84.308672;23.164269;31.825248;,
  83.140269;22.209749;30.604666;,
  77.192160;26.825184;32.018883;,
  84.071898;25.220778;25.932837;,
  78.682048;29.430330;27.526621;,
  78.950458;30.287296;25.973005;,
  79.682445;32.442006;22.938810;,
  84.459654;28.218246;22.001422;,
  81.036582;33.440531;19.290122;,
  85.316941;29.885718;18.334774;,
  84.801094;30.243478;17.344198;,
  81.162362;33.159530;18.253538;,
  81.628442;30.029866;15.458790;,
  81.162362;33.159530;18.253538;,
  77.104678;31.096877;16.089690;,
  79.340339;27.467584;14.432155;,
  -89.931315;40.228179;21.347694;,
  -87.131782;37.646618;18.464347;,
  -91.808762;37.342227;18.887152;,
  -131.891968;43.739629;47.907277;,
  -129.588762;40.983994;44.212045;,
  -134.398285;40.569421;45.783661;,
  -95.850598;43.463818;28.528314;,
  -92.692198;46.023018;30.540406;,
  -91.583616;42.887216;27.381190;,
  -136.455130;47.178000;56.869754;,
  -132.703091;50.016480;58.214803;,
  -132.232730;46.628166;54.638765;,
  14.178862;38.565414;94.502669;,
  22.575173;43.114762;104.762176;,
  23.554142;40.844752;106.222106;,
  28.160826;44.966493;112.585357;,
  -14.178862;38.565414;94.502669;,
  -23.554146;40.844752;106.222106;,
  -22.575173;43.114762;104.762176;,
  -28.160829;44.966493;112.585357;,
  86.721440;-0.479606;78.894010;,
  95.087629;18.666736;67.566886;,
  99.555302;7.658647;66.311469;,
  81.150528;11.862732;80.624314;,
  96.405402;28.667968;74.161818;,
  82.200346;22.008114;87.652358;,
  87.802381;28.454701;96.753126;,
  101.458970;34.600128;83.473299;,
  97.034944;25.037674;104.218246;,
  109.951565;31.997520;90.648160;,
  116.758477;24.112290;92.914086;,
  104.141984;16.034693;106.927264;,
  119.382246;12.808310;89.057536;,
  107.299987;4.195065;103.455930;,
  116.108160;4.597108;80.318419;,
  103.856608;-5.123888;94.476762;,
  109.066445;1.998135;71.280998;,
  96.090912;-8.151144;84.757754;,
  86.721440;-0.479606;78.894010;,
  99.555302;7.658647;66.311469;,
  55.130451;-0.352961;59.847398;,
  61.157792;16.655416;47.198525;,
  65.435789;7.046946;45.789923;,
  50.226314;10.703553;61.334630;,
  62.586528;25.835563;52.625306;,
  52.307795;19.953691;67.677126;,
  58.931757;25.409034;74.893088;,
  69.642342;31.079283;59.947597;,
  68.675565;22.313338;79.904992;,
  78.374483;28.683347;64.805018;,
  84.788570;21.123802;65.516915;,
  75.319565;14.390771;80.654285;,
  86.328326;10.980828;61.247878;,
  77.824973;3.697727;76.958349;,
  81.963437;3.844432;54.711610;,
  73.066042;-4.377061;69.725856;,
  74.481088;1.764957;48.730915;,
  64.349498;-6.621257;62.645466;,
  55.130451;-0.352961;59.847398;,
  65.435789;7.046946;45.789923;,
  -16.139688;18.446483;225.260134;,
  -22.919874;26.595389;224.932685;,
  -20.848610;26.778272;228.823782;,
  -18.231218;18.730477;222.694528;,
  -26.961120;23.976438;224.290150;,
  -20.956914;16.658987;222.165760;,
  -28.786205;21.630032;227.574810;,
  -22.023226;14.313488;224.237798;,
  -26.791029;21.804374;231.453235;,
  -19.866517;13.884405;226.839091;,
  -22.591448;24.532070;232.101683;,
  -16.958662;15.825938;227.299430;,
  -20.848610;26.778272;228.823782;,
  -16.139688;18.446483;225.260134;,
  102.465798;9.986147;68.996474;,
  109.066445;1.998135;71.280998;,
  99.555302;7.658647;66.311469;,
  109.042445;5.929225;72.536659;,
  116.108160;4.597108;80.318419;,
  114.923712;7.882419;79.661722;,
  116.920013;15.057365;86.281453;,
  119.382246;12.808310;89.057536;,
  116.758477;24.112290;92.914086;,
  114.276314;22.942472;88.356486;,
  109.951565;31.997520;90.648160;,
  109.184627;29.349901;86.894918;,
  101.458970;34.600128;83.473299;,
  102.757888;30.838746;81.383910;,
  96.405402;28.667968;74.161818;,
  98.934758;26.294293;74.875642;,
  98.220077;18.327227;69.512864;,
  95.087629;18.666736;67.566886;,
  99.555302;7.658647;66.311469;,
  102.465798;9.986147;68.996474;,
  5.714628;12.047950;216.242842;,
  4.825579;4.965835;199.210995;,
  2.563947;3.031444;200.005222;,
  10.770894;14.843795;211.954560;,
  9.210222;4.346997;199.421901;,
  16.684922;11.783760;211.333862;,
  9.195968;0.746945;199.680973;,
  17.930414;5.964756;214.902016;,
  7.514267;-1.487191;199.819520;,
  13.380936;2.828206;219.065165;,
  3.608339;-0.860526;200.291136;,
  6.729515;6.255088;219.773491;,
  2.563947;3.031444;200.005222;,
  5.714628;12.047950;216.242842;,
  67.712691;8.246636;47.099357;,
  74.481088;1.764957;48.730915;,
  65.435789;7.046946;45.789923;,
  74.345747;4.618925;49.276330;,
  81.963437;3.844432;54.711610;,
  81.306976;6.187106;54.454387;,
  84.453370;12.975491;60.177574;,
  86.328326;10.980828;61.247878;,
  84.788570;21.123802;65.516915;,
  81.979386;19.872928;62.638464;,
  78.374483;28.683347;64.805018;,
  77.771040;26.166850;62.378816;,
  69.642342;31.079283;59.947597;,
  70.558592;27.744294;58.425926;,
  62.586528;25.835563;52.625306;,
  65.720922;23.483789;52.875882;,
  64.193050;15.919664;48.381357;,
  61.157792;16.655416;47.198525;,
  65.435789;7.046946;45.789923;,
  67.712691;8.246636;47.099357;,
  -22.591448;24.532070;232.101683;,
  -28.786205;21.630032;227.574810;,
  -26.791029;21.804374;231.453235;,
  -20.848610;26.778272;228.823782;,
  -26.961120;23.976438;224.290150;,
  -22.919874;26.595389;224.932685;,
  -95.087629;18.666749;67.566874;,
  -86.721434;-0.479597;78.893997;,
  -99.555302;7.658657;66.311456;,
  -81.150528;11.862742;80.624307;,
  -96.405402;28.667981;74.161805;,
  -82.200346;22.008125;87.652352;,
  -87.802374;28.454717;96.753126;,
  -101.458970;34.600141;83.473280;,
  -97.034944;25.037685;104.218246;,
  -109.951552;31.997533;90.648154;,
  -116.758464;24.112301;92.914080;,
  -104.141984;16.034702;106.927251;,
  -119.382234;12.808319;89.057523;,
  -107.299981;4.195072;103.455923;,
  -116.108147;4.597118;80.318406;,
  -103.856595;-5.123881;94.476749;,
  -109.066445;1.998144;71.280986;,
  -96.090912;-8.151138;84.757728;,
  -86.721434;-0.479597;78.893997;,
  -99.555302;7.658657;66.311456;,
  -61.157766;16.655414;47.198550;,
  -55.130426;-0.352962;59.847411;,
  -65.435763;7.046946;45.789952;,
  -50.226294;10.703551;61.334650;,
  -62.586502;25.835558;52.625334;,
  -52.307782;19.953690;67.677139;,
  -58.931744;25.409029;74.893107;,
  -69.642317;31.079280;59.947622;,
  -68.675552;22.313331;79.905005;,
  -78.374464;28.683341;64.805037;,
  -84.788550;21.123798;65.516934;,
  -75.319552;14.390766;80.654298;,
  -86.328294;10.980823;61.247904;,
  -77.824954;3.697723;76.958368;,
  -81.963411;3.844428;54.711629;,
  -73.066016;-4.377064;69.725869;,
  -74.481050;1.764955;48.730941;,
  -64.349472;-6.621259;62.645478;,
  -55.130426;-0.352962;59.847411;,
  -65.435763;7.046946;45.789952;,
  -21.251870;-7.375642;-0.000044;,
  -26.806587;-9.786111;-0.000044;,
  -32.470970;-8.357956;-0.000044;,
  -35.759101;-4.083101;-0.000043;,
  -18.837950;-2.601530;-0.000044;,
  -20.731718;4.684350;-0.000043;,
  -35.158291;3.421199;-0.000043;,
  -19.843541;11.106073;-0.000043;,
  -37.148061;9.590936;-0.000042;,
  -38.072906;15.853917;-0.000042;,
  -20.020275;17.434555;-0.000043;,
  -23.589464;22.722038;-0.000035;,
  -29.759555;24.809418;-0.000034;,
  -35.553248;21.502216;-0.000034;,
  21.251866;-7.375648;-0.000007;,
  32.470960;-8.357962;-0.000007;,
  26.806579;-9.786116;-0.000007;,
  35.759091;-4.083108;-0.000007;,
  18.837944;-2.601536;-0.000007;,
  20.731712;4.684343;-0.000007;,
  35.158285;3.421191;-0.000007;,
  19.843533;11.106065;-0.000008;,
  37.148048;9.590927;-0.000008;,
  38.072893;15.853907;-0.000009;,
  20.020267;17.434546;-0.000010;,
  23.589454;22.722029;-0.000002;,
  29.759546;24.809408;-0.000002;,
  35.553235;21.502206;-0.000001;,
  -109.066445;1.998144;71.280986;,
  -102.465798;9.986158;68.996461;,
  -99.555302;7.658657;66.311456;,
  -109.042445;5.929234;72.536646;,
  -116.108147;4.597118;80.318406;,
  -114.923699;7.882429;79.661702;,
  -116.920000;15.057376;86.281446;,
  -119.382234;12.808319;89.057523;,
  -116.758464;24.112301;92.914080;,
  -114.276301;22.942483;88.356474;,
  -109.951552;31.997533;90.648154;,
  -109.184627;29.349914;86.894912;,
  -101.458970;34.600141;83.473280;,
  -102.757888;30.838762;81.383898;,
  -96.405402;28.667981;74.161805;,
  -98.934758;26.294304;74.875629;,
  -98.220077;18.327238;69.512845;,
  -95.087629;18.666749;67.566874;,
  -99.555302;7.658657;66.311456;,
  -102.465798;9.986158;68.996461;,
  -93.451616;45.695562;42.331638;,
  -88.775360;46.573014;40.116384;,
  -88.187866;45.719920;39.973613;,
  -93.614413;44.567478;42.639798;,
  -91.727226;41.456173;44.655846;,
  -85.707334;42.877322;41.471901;,
  -90.035142;37.203152;47.525232;,
  -84.297594;39.835398;43.481398;,
  -83.601280;38.733350;44.294819;,
  -81.662048;36.011987;45.779238;,
  -88.014086;33.447050;50.206051;,
  -88.827802;32.552326;49.458797;,
  -81.747968;35.613651;45.513050;,
  -91.748858;35.013456;45.150013;,
  -84.969389;37.599616;43.033523;,
  -94.517037;39.070416;39.831363;,
  -87.827520;40.846474;38.356426;,
  -88.408934;41.752685;37.264131;,
  -89.674643;44.385690;34.221242;,
  -95.669984;42.352374;35.662666;,
  -97.378138;44.479926;32.512890;,
  -91.970752;46.138272;31.372109;,
  -92.692198;46.023018;30.540406;,
  -97.288320;44.702880;31.401651;,
  -95.813459;40.446701;27.135187;,
  -91.583616;42.887216;27.381190;,
  -90.630010;42.368592;27.568886;,
  -95.611482;39.388787;27.407616;,
  -93.785702;36.913952;30.210902;,
  -88.143181;40.402541;30.164234;,
  -92.525978;33.147130;33.934749;,
  -86.867770;37.735107;33.230141;,
  -86.292742;36.814064;34.315853;,
  -83.634874;33.693440;38.163133;,
  -90.123430;29.025834;39.149696;,
  -89.469408;27.190874;37.402230;,
  -82.386778;32.191350;36.634963;,
  -92.070035;32.750909;30.213744;,
  -85.276947;35.586954;30.748330;,
  -86.121984;36.885539;28.915350;,
  -87.343552;39.268032;25.615112;,
  -93.064109;35.905437;25.905744;,
  -89.464128;40.466154;22.308693;,
  -94.566035;37.687069;22.450797;,
  -94.265190;37.979904;21.374205;,
  -89.931315;40.228179;21.347694;,
  -90.485498;34.526269;17.501341;,
  -87.131782;37.646618;18.464347;,
  -90.039514;33.556717;17.816344;,
  -86.088851;37.359955;18.836365;,
  -83.813651;35.911869;21.892922;,
  -88.224525;31.505744;20.961149;,
  -86.908141;27.964141;24.947150;,
  -82.647680;33.527597;25.189056;,
  -81.926957;32.382954;26.713694;,
  -78.731232;28.433904;33.346992;,
  -84.308634;23.164267;31.825286;,
  -83.140230;22.209749;30.604701;,
  -77.192122;26.825178;32.018918;,
  -84.071872;25.220770;25.932878;,
  -78.681997;29.430320;27.526656;,
  -78.950419;30.287290;25.973051;,
  -79.682413;32.442006;22.938858;,
  -84.459622;28.218243;22.001470;,
  -81.036550;33.440531;19.290168;,
  -85.316909;29.885715;18.334822;,
  -84.801062;30.243475;17.344246;,
  -81.162330;33.159530;18.253586;,
  -81.628410;30.029862;15.458837;,
  -81.162330;33.159530;18.253586;,
  -77.104646;31.096874;16.089738;,
  -79.340307;27.467578;14.432203;,
  -78.780589;26.563120;14.849195;,
  -76.146790;30.955133;16.679261;,
  -74.515648;29.724995;20.093368;,
  -82.717094;27.364006;16.409574;,
  -77.395718;24.639358;17.930419;,
  -82.629043;28.136678;15.735822;,
  -81.628410;30.029862;15.458837;,
