xof 0303txt 0032
template ColorRGBA {
 <35ff44e0-6c7c-11cf-8f52-0040333594a3>
 FLOAT red;
 FLOAT green;
 FLOAT blue;
 FLOAT alpha;
}

template ColorRGB {
 <d3e16e81-7835-11cf-8f52-0040333594a3>
 FLOAT red;
 FLOAT green;
 FLOAT blue;
}

template Material {
 <3d82ab4d-62da-11cf-ab39-0020af71e433>
 ColorRGBA faceColor;
 FLOAT power;
 ColorRGB specularColor;
 ColorRGB emissiveColor;
 [...]
}

template TextureFilename {
 <a42790e1-7810-11cf-8f52-0040333594a3>
 STRING filename;
}

template Frame {
 <3d82ab46-62da-11cf-ab39-0020af71e433>
 [...]
}

template Matrix4x4 {
 <f6f23f45-7686-11cf-8f52-0040333594a3>
 array FLOAT matrix[16];
}

template FrameTransformMatrix {
 <f6f23f41-7686-11cf-8f52-0040333594a3>
 Matrix4x4 frameMatrix;
}

template Vector {
 <3d82ab5e-62da-11cf-ab39-0020af71e433>
 FLOAT x;
 FLOAT y;
 FLOAT z;
}

template MeshFace {
 <3d82ab5f-62da-11cf-ab39-0020af71e433>
 DWORD nFaceVertexIndices;
 array DWORD faceVertexIndices[nFaceVertexIndices];
}

template Mesh {
 <3d82ab44-62da-11cf-ab39-0020af71e433>
 DWORD nVertices;
 array Vector vertices[nVertices];
 DWORD nFaces;
 array MeshFace faces[nFaces];
 [...]
}

template MeshNormals {
 <f6f23f43-7686-11cf-8f52-0040333594a3>
 DWORD nNormals;
 array Vector normals[nNormals];
 DWORD nFaceNormals;
 array MeshFace faceNormals[nFaceNormals];
}

template MeshMaterialList {
 <f6f23f42-7686-11cf-8f52-0040333594a3>
 DWORD nMaterials;
 DWORD nFaceIndexes;
 array DWORD faceIndexes[nFaceIndexes];
 [Material <3d82ab4d-62da-11cf-ab39-0020af71e433>]
}

template Coords2d {
 <f6f23f44-7686-11cf-8f52-0040333594a3>
 FLOAT u;
 FLOAT v;
}

template MeshTextureCoords {
 <f6f23f40-7686-11cf-8f52-0040333594a3>
 DWORD nTextureCoords;
 array Coords2d textureCoords[nTextureCoords];
}

template XSkinMeshHeader {
 <3cf169ce-ff7c-44ab-93c0-f78f62d172e2>
 WORD nMaxSkinWeightsPerVertex;
 WORD nMaxSkinWeightsPerFace;
 WORD nBones;
}

template SkinWeights {
 <6f0d123b-bad2-4167-a0d0-80224f25fabb>
 STRING transformNodeName;
 DWORD nWeights;
 array DWORD vertexIndices[nWeights];
 array FLOAT weights[nWeights];
 Matrix4x4 matrixOffset;
}

template AnimTicksPerSecond {
 <9e415a43-7ba6-4a73-8743-b73d47e88476>
 DWORD AnimTicksPerSecond;
}

template Animation {
 <3d82ab4f-62da-11cf-ab39-0020af71e433>
 [...]
}

template AnimationSet {
 <3d82ab50-62da-11cf-ab39-0020af71e433>
 [Animation <3d82ab4f-62da-11cf-ab39-0020af71e433>]
}

template FloatKeys {
 <10dd46a9-775b-11cf-8f52-0040333594a3>
 DWORD nValues;
 array FLOAT values[nValues];
}

template TimedFloatKeys {
 <f406b180-7b3b-11cf-8f52-0040333594a3>
 DWORD time;
 FloatKeys tfkeys;
}

template AnimationKey {
 <10dd46a8-775b-11cf-8f52-0040333594a3>
 DWORD keyType;
 DWORD nKeys;
 array TimedFloatKeys keys[nKeys];
}


Material FA_89 {
 1.000000;1.000000;1.000000;1.000000;;
 43.219280;
 0.020000;0.020000;0.020000;;
 0.000000;0.000000;0.000000;;

 TextureFilename {
  "22000095_N_Beelzebub_Idle01.dds";
 }
}

Material _22000095_N_Beelzebub_107 {
 1.000000;1.000000;1.000000;1.000000;;
 43.219280;
 0.020000;0.020000;0.020000;;
 0.000000;0.000000;0.000000;;

 TextureFilename {
  "22000095_N_Beelzebub_Idle01.dds";
 }
}

Frame Scene_Root {
 

 FrameTransformMatrix {
  0.393701,0.000000,0.000000,0.000000,0.000000,-0.000000,-0.393701,0.000000,0.000000,0.393701,-0.000000,0.000000,0.000000,0.000000,0.000000,1.000000;;
 }

 Frame Dummy01_Main {
  

  FrameTransformMatrix {
   1.000000,0.000000,0.000000,0.000000,0.000000,1.000000,0.000000,0.000000,0.000000,0.000000,1.000000,0.000000,0.000000,0.000000,0.000000,1.000000;;
  }

  Frame Dummy01_Main_NonAccum {
   

   FrameTransformMatrix {
    1.000000,0.000000,0.000000,0.000000,0.000000,1.000000,0.000000,0.000000,0.000000,0.000000,1.000000,0.000000,0.000000,0.000000,0.000000,1.000000;;
   }

   Frame Bip01 {
    

    FrameTransformMatrix {
     -0.637760,0.039434,-0.769225,0.000000,-0.061702,-0.998095,-0.000011,0.000000,-0.767760,0.047456,0.638978,0.000000,153.515072,-441.58845,390.375347,1.000000;;
    }

    Frame Bip01_Footsteps {
     

     FrameTransformMatrix {
      0.000001,-1.000000,-0.000000,0.000000,1.000000,0.000001,-0.000000,0.000000,0.000000,-0.000000,1.000000,0.000000,0.000000,0.000003,-66.201261,1.000000;;
     }
    }

    Frame Bip01_Pelvis {
     

     FrameTransformMatrix {
      0.000001,-0.000000,1.000000,0.000000,-1.000000,0.000001,0.000001,0.000000,-0.000001,-1.000000,-0.000000,0.000000,0.000000,0.000000,0.000000,1.000000;;
     }

     Frame Bip01_Spine {
      

      FrameTransformMatrix {
       0.993884,-0.110426,0.000001,0.000000,0.110425,0.993884,0.000004,0.000000,-0.000002,-0.000004,1.000000,0.000000,7.564224,-4.932007,0.000030,1.000000;;
      }

      Frame Bip01_Spine1 {
       

       FrameTransformMatrix {
        0.998781,-0.049353,-0.000003,0.000000,0.049353,0.998781,-0.000004,0.000000,0.000004,0.000003,1.000000,0.000000,14.915306,0.012848,0.000183,1.000000;;
       }

       Frame Bip01_Spine2 {
        

        FrameTransformMatrix {
         0.989632,-0.143629,-0.000007,0.000000,0.143629,0.989632,-0.000008,0.000000,0.000008,0.000007,1.000000,0.000000,16.397858,0.047058,0.000183,1.000000;;
        }

        Frame Bip01_Neck {
         

         FrameTransformMatrix {
          0.903215,-0.429189,0.000002,0.000000,0.429189,0.903215,0.000000,0.000000,-0.000002,0.000000,1.000000,0.000000,50.331779,-2.263977,-0.000031,1.000000;;
         }

         Frame Bip01_Head {
          

          FrameTransformMatrix {
           0.598243,0.801147,0.016408,0.000000,-0.801312,0.598171,0.009507,0.000000,-0.002199,-0.018836,0.999820,0.000000,8.391670,0.000031,0.000000,1.000000;;
          }

          Frame EarL01 {
           

           FrameTransformMatrix {
            0.752041,-0.408264,0.517450,0.000000,-0.645264,-0.295926,0.704317,0.000000,-0.134420,-0.863567,-0.485987,0.000000,36.456666,10.807586,5.351410,1.000000;;
           }

           Frame EarL02 {
            

            FrameTransformMatrix {
             -0.247750,0.851031,0.462996,0.000000,-0.959312,-0.148690,-0.240025,0.000000,-0.135426,-0.503624,0.853242,0.000000,24.976861,0.000000,-0.000015,1.000000;;
            }
           }
          }

          Frame EarR01 {
           

           FrameTransformMatrix {
            0.863383,-0.034054,-0.503399,0.000000,0.504263,0.024666,0.863198,0.000000,-0.016979,-0.999116,0.038468,0.000000,36.456666,10.807617,-5.350982,1.000000;;
           }

           Frame EarR02 {
            

            FrameTransformMatrix {
             0.688156,-0.363992,0.627656,0.000000,0.047909,0.885968,0.461265,0.000000,-0.723980,-0.287352,0.627122,0.000000,24.976837,-0.000015,-0.000000,1.000000;;
            }
           }
          }

          Frame Dummy01 {
           

           FrameTransformMatrix {
            0.000001,-0.000000,1.000000,0.000000,-0.000001,-1.000000,-0.000000,0.000000,1.000000,-0.000001,-0.000001,0.000000,-4.583649,-38.790771,0.000090,1.000000;;
           }
          }
         }

         Frame Bip01_L_Clavicle {
          

          FrameTransformMatrix {
           0.134414,-0.103370,0.985519,0.000000,0.424955,-0.892436,-0.151566,0.000000,0.895180,0.439173,-0.076029,0.000000,-14.330330,-4.324586,27.563997,1.000000;;
          }

          Frame Bip01_L_UpperArm {
           

           FrameTransformMatrix {
            -0.078325,0.957372,-0.278037,0.000000,-0.812142,0.100472,0.574744,0.000000,0.578178,0.270822,0.769653,0.000000,25.165986,-0.000031,-0.000008,1.000000;;
           }

           Frame Bip01_L_Forearm {
            

            FrameTransformMatrix {
             0.238515,0.971139,-0.000022,0.000000,-0.971139,0.238515,-0.000003,0.000000,0.000003,0.000022,1.000000,0.000000,45.837891,0.000000,-0.000031,1.000000;;
            }

            Frame Bip01_L_Hand {
             

             FrameTransformMatrix {
              0.478375,0.067652,0.875546,0.000000,-0.878040,0.020649,0.478142,0.000000,0.014268,-0.997495,0.069279,0.000000,39.539856,0.000061,0.000000,1.000000;;
             }

             Frame Bip01_L_Finger0 {
              

              FrameTransformMatrix {
               0.959354,-0.041804,-0.279092,0.000000,0.008212,0.992684,-0.120463,0.000000,0.282085,0.113275,0.952679,0.000000,10.111343,-1.106292,-13.974274,1.000000;;
              }

              Frame Bip01_L_Finger01 {
               

               FrameTransformMatrix {
                0.999044,-0.043712,0.000000,0.000000,0.043712,0.999044,0.000000,0.000000,-0.000000,-0.000000,1.000000,0.000000,11.551895,0.000031,0.000031,1.000000;;
               }
              }
             }

             Frame Bip01_L_Finger1 {
              

              FrameTransformMatrix {
               1.000000,0.000000,0.000000,0.000000,0.000000,1.000000,0.000796,0.000000,-0.000000,-0.000796,1.000000,0.000000,22.192490,1.238129,-8.249634,1.000000;;
              }

              Frame Bip01_L_Finger11 {
               

               FrameTransformMatrix {
                0.994133,-0.108161,-0.000000,0.000000,0.108161,0.994133,-0.000000,0.000000,0.000000,-0.000000,1.000000,0.000000,11.551887,-0.000031,0.000031,1.000000;;
               }
              }
             }

             Frame Bip01_L_Finger2 {
              

              FrameTransformMatrix {
               0.989945,-0.141451,-0.000113,0.000000,0.139689,0.977492,0.158105,0.000000,-0.022254,-0.156531,0.987422,0.000000,21.321891,1.823608,3.617310,1.000000;;
              }

              Frame Bip01_L_Finger21 {
               

               FrameTransformMatrix {
                0.999991,-0.004363,-0.000004,0.000000,0.004363,0.999991,-0.000004,0.000000,0.000004,0.000004,1.000000,0.000000,12.915566,0.000031,-0.000031,1.000000;;
               }
              }
             }

             Frame Bip01_L_Finger3 {
              

              FrameTransformMatrix {
               0.974604,0.098655,0.201034,0.000000,-0.164844,0.923690,0.345867,0.000000,-0.151571,-0.370223,0.916494,0.000000,22.402107,-2.856629,13.007202,1.000000;;
              }

              Frame Bip01_L_Finger31 {
               

               FrameTransformMatrix {
                0.980029,-0.198855,-0.000027,0.000000,0.198855,0.980029,-0.000033,0.000000,0.000033,0.000027,1.000000,0.000000,8.060470,-0.000031,-0.000015,1.000000;;
               }
              }
             }
            }
           }

           Frame Bip01_L_ForeTwist {
            

            FrameTransformMatrix {
             0.238517,0.971138,-0.000028,0.000000,-0.970554,0.238373,-0.034683,0.000000,-0.033676,0.008300,0.999398,0.000000,45.837891,0.000000,-0.000031,1.000000;;
            }
           }
          }

          Frame Bip01_LUpArmTwist {
           

           FrameTransformMatrix {
            -0.078350,0.957369,-0.278040,0.000000,-0.750508,0.126934,0.648557,0.000000,0.656201,0.259486,0.708568,0.000000,25.165986,-0.000031,-0.000008,1.000000;;
           }
          }

          Frame Dummy02 {
           

           FrameTransformMatrix {
            1.000000,0.000004,-0.000000,0.000000,0.000000,-0.000000,-1.000000,0.000000,-0.000004,1.000000,-0.000000,0.000000,36.088438,-4.943757,18.322083,1.000000;;
           }

           Frame Bone01_mirrored_ {
            

            FrameTransformMatrix {
             -0.263192,0.873227,0.410128,0.000000,-0.896015,-0.378838,0.231604,0.000000,0.357614,-0.306525,0.882131,0.000000,-24.106690,8.758238,39.469056,1.000000;;
            }
           }
          }
         }

         Frame Bip01_R_Clavicle {
          

          FrameTransformMatrix {
           0.041866,-0.140370,-0.989214,0.000000,0.425373,-0.893364,0.144772,0.000000,-0.904049,-0.426846,0.022308,0.000000,-14.329979,-4.324400,-27.564240,1.000000;;
          }

          Frame Bip01_R_UpperArm {
           

           FrameTransformMatrix {
            -0.154810,0.864967,0.477353,0.000000,-0.918493,0.051950,-0.392010,0.000000,-0.363874,-0.499132,0.786424,0.000000,25.165986,-0.000000,0.000008,1.000000;;
           }

           Frame Bip01_R_Forearm {
            

            FrameTransformMatrix {
             0.369539,0.929215,-0.000057,0.000000,-0.929215,0.369539,-0.000011,0.000000,0.000011,0.000057,1.000000,0.000000,45.837859,-0.000061,-0.000023,1.000000;;
            }

            Frame Bip01_R_Hand {
             

             FrameTransformMatrix {
              0.223733,0.241382,-0.944288,0.000000,-0.973521,0.008714,-0.228431,0.000000,-0.046910,0.970391,0.236940,0.000000,39.539888,-0.000092,0.000008,1.000000;;
             }

             Frame Bip01_R_Finger0 {
              

              FrameTransformMatrix {
               0.979864,-0.021237,0.198532,0.000000,-0.027736,0.970209,0.240678,0.000000,-0.197729,-0.241339,0.950084,0.000000,10.111351,-1.106232,13.974274,1.000000;;
              }

              Frame Bip01_R_Finger01 {
               

               FrameTransformMatrix {
                0.999044,-0.043712,0.000000,0.000000,0.043712,0.999044,0.000000,0.000000,0.000000,-0.000000,1.000000,0.000000,11.551901,-0.000000,0.000031,1.000000;;
               }
              }
             }

             Frame Bip01_R_Finger1 {
              

              FrameTransformMatrix {
               1.000000,-0.000000,0.000000,0.000000,-0.000000,1.000000,-0.000796,0.000000,-0.000000,0.000796,1.000000,0.000000,22.192501,1.238067,8.249634,1.000000;;
              }

              Frame Bip01_R_Finger11 {
               

               FrameTransformMatrix {
                0.932196,-0.361955,-0.000000,0.000000,0.361955,0.932196,0.000000,0.000000,0.000000,-0.000000,1.000000,0.000000,11.551895,-0.000000,0.000031,1.000000;;
               }
              }
             }

             Frame Bip01_R_Finger2 {
              

              FrameTransformMatrix {
               0.989945,-0.141451,0.000113,0.000000,0.139689,0.977492,-0.158105,0.000000,0.022254,0.156531,0.987423,0.000000,21.321915,1.823639,-3.617218,1.000000;;
              }

              Frame Bip01_R_Finger21 {
               

               FrameTransformMatrix {
                0.979108,-0.203343,-0.000019,0.000000,0.203343,0.979108,-0.000023,0.000000,0.000023,0.000019,1.000000,0.000000,12.915558,-0.000031,-0.000031,1.000000;;
               }
              }
             }

             Frame Bip01_R_Finger3 {
              

              FrameTransformMatrix {
               0.987549,-0.096086,-0.124560,0.000000,0.041946,0.923960,-0.380182,0.000000,0.151619,0.370224,0.916486,0.000000,22.402118,-2.856658,-13.007141,1.000000;;
              }

              Frame Bip01_R_Finger31 {
               

               FrameTransformMatrix {
                0.994165,-0.107876,-0.000002,0.000000,0.107876,0.994165,-0.000002,0.000000,0.000002,0.000002,1.000000,0.000000,8.060516,0.000061,-0.000031,1.000000;;
               }
              }
             }

             Frame RHand00 {
              

              FrameTransformMatrix {
               1.000001,-0.000000,-0.000000,0.000000,0.000000,1.000001,-0.000000,0.000000,0.000000,0.000000,1.000001,0.000000,0.000000,0.000000,0.000000,1.000000;;
              }
             }
            }
           }

           Frame Bip01_R_ForeTwist {
            

            FrameTransformMatrix {
             0.369529,0.929219,-0.000024,0.000000,-0.922566,0.366886,0.119442,0.000000,0.110996,-0.044115,0.992841,0.000000,45.837859,-0.000061,-0.000023,1.000000;;
            }
           }
          }

          Frame Bip01_RUpArmTwist {
           

           FrameTransformMatrix {
            -0.154795,0.864951,0.477386,0.000000,-0.808346,0.166921,-0.564547,0.000000,-0.567992,-0.473283,0.673342,0.000000,25.165986,-0.000000,0.000008,1.000000;;
           }
          }

          Frame Dummy03 {
           

           FrameTransformMatrix {
            -1.000000,0.000004,-0.000000,0.000000,-0.000000,-0.000000,1.000000,0.000000,0.000004,1.000000,0.000000,0.000000,36.088624,-4.944274,-18.322045,1.000000;;
           }

           Frame Bone01 {
            

            FrameTransformMatrix {
             0.152530,0.773823,0.614762,0.000000,-0.899755,0.366075,-0.237551,0.000000,-0.408871,-0.516902,0.752089,0.000000,24.107544,8.758276,39.469299,1.000000;;
            }
           }
          }
         }
        }

        Frame Bone01_L_Clavicle {
         

         FrameTransformMatrix {
          0.075029,-0.164658,0.983493,0.000000,-0.996411,0.026369,0.080429,0.000000,-0.039177,-0.985998,-0.162088,0.000000,4.988890,4.900023,28.465606,1.000000;;
         }

         Frame Bone01_L_UpperArm {
          

          FrameTransformMatrix {
           0.793944,0.521521,-0.312519,0.000000,-0.576165,0.809505,-0.112855,0.000000,0.194129,0.269663,0.943184,0.000000,14.118195,-0.000145,0.000122,1.000000;;
          }

          Frame Bone01_L_Forearm {
           

           FrameTransformMatrix {
            -0.358225,0.012307,0.933554,0.000000,0.036175,0.999345,0.000707,0.000000,-0.932934,0.034024,-0.358436,0.000000,31.358186,-0.000427,-0.000092,1.000000;;
           }

           Frame Bone01_L_Hand {
            

            FrameTransformMatrix {
             0.960517,-0.258723,0.102321,0.000000,-0.056602,0.178364,0.982335,0.000000,-0.272403,-0.949341,0.156677,0.000000,32.733827,0.000870,0.000000,1.000000;;
            }

            Frame Bone01_Finger01 {
             

             FrameTransformMatrix {
              0.639344,0.679528,-0.359835,0.000000,-0.381232,-0.126269,-0.915815,0.000000,-0.667758,0.722702,0.178328,0.000000,11.324036,3.861755,14.540291,1.000000;;
             }

             Frame Bone01_Finger02 {
              

              FrameTransformMatrix {
               -0.110765,0.993847,0.000000,0.000000,-0.993847,-0.110765,0.000003,0.000000,0.000003,0.000000,1.000000,0.000000,13.120682,0.000000,0.000000,1.000000;;
              }
             }
            }

            Frame Bone01_Finger03 {
             

             FrameTransformMatrix {
              -0.053442,0.990887,-0.123643,0.000000,-0.998408,-0.055260,-0.011317,0.000000,-0.018047,0.122841,0.992262,0.000000,24.279114,-1.730103,9.904762,1.000000;;
             }

             Frame Bone01_Finger04 {
              

              FrameTransformMatrix {
               -0.181810,0.983334,0.000000,0.000000,-0.983334,-0.181810,-0.000000,0.000000,-0.000000,-0.000000,1.000000,0.000000,8.113861,0.000000,-0.000031,1.000000;;
              }
             }
            }

            Frame Bone01_Finger05 {
             

             FrameTransformMatrix {
              -0.009415,0.998272,0.058013,0.000000,-0.996107,-0.014449,0.086962,0.000000,0.087650,-0.056969,0.994521,0.000000,23.837586,-2.053894,-0.281197,1.000000;;
             }

             Frame Bone01_Finger06 {
              

              FrameTransformMatrix {
               -0.176330,0.984331,0.000000,0.000000,-0.984331,-0.176330,0.000002,0.000000,0.000002,0.000000,1.000000,0.000000,9.363830,0.000000,0.000000,1.000000;;
              }
             }
            }

            Frame Bone01_Finger07 {
             

             FrameTransformMatrix {
              0.027904,0.950943,0.308106,0.000000,-0.974918,-0.042195,0.218526,0.000000,0.220806,-0.306476,0.925914,0.000000,21.264893,1.155518,-9.178253,1.000000;;
             }

             Frame Bone01_Finger08 {
              

              FrameTransformMatrix {
               -0.195184,0.980767,0.000000,0.000000,-0.980767,-0.195184,0.000002,0.000000,0.000002,0.000000,1.000000,0.000000,7.304993,0.000000,-0.000031,1.000000;;
              }
             }
            }
           }
          }
         }
        }

        Frame Bip02_R_Clavicle {
         

         FrameTransformMatrix {
          -0.278697,-0.366203,-0.887820,0.000000,0.959239,-0.061114,-0.275908,0.000000,0.046780,-0.928526,0.368308,0.000000,4.988930,4.899965,-28.466035,1.000000;;
         }

         Frame Bip02_R_UpperArm {
          

          FrameTransformMatrix {
           0.630599,-0.622085,-0.464064,0.000000,0.380196,0.768885,-0.514068,0.000000,0.676606,0.147736,0.721373,0.000000,14.118133,-0.000015,-0.000000,1.000000;;
          }

          Frame Bip02_R_Forearm {
           

           FrameTransformMatrix {
            -0.349954,-0.083493,0.933039,0.000000,-0.086044,0.994674,0.056736,0.000000,-0.932807,-0.060428,-0.355274,0.000000,31.358550,0.000122,0.000031,1.000000;;
           }

           Frame Bip02_R_Hand {
            

            FrameTransformMatrix {
             0.972706,-0.209685,-0.099373,0.000000,0.009917,0.465430,-0.885029,0.000000,0.231829,0.859888,0.454806,0.000000,32.733338,-0.000916,0.000427,1.000000;;
            }

            Frame Bip02_Finger01 {
             

             FrameTransformMatrix {
              0.636773,-0.750801,-0.175552,0.000000,0.094898,-0.149634,0.984177,0.000000,-0.765190,-0.643356,-0.024033,0.000000,11.324005,-3.861817,14.540283,1.000000;;
             }

             Frame Bip02_Finger02 {
              

              FrameTransformMatrix {
               -0.170592,-0.985342,-0.000000,0.000000,0.985342,-0.170592,-0.000003,0.000000,0.000003,-0.000001,1.000000,0.000000,13.120606,0.000015,0.000000,1.000000;;
              }
             }
            }

            Frame Bip02_Finger07 {
             

             FrameTransformMatrix {
              -0.051754,-0.944327,0.324912,0.000000,0.973944,-0.119662,-0.192652,0.000000,0.220806,0.306475,0.925914,0.000000,21.264954,-1.155548,-9.178299,1.000000;;
             }

             Frame Bip02_Finger08 {
              

              FrameTransformMatrix {
               -0.019104,-0.999817,-0.000000,0.000000,0.999818,-0.019104,-0.000002,0.000000,0.000002,-0.000000,1.000000,0.000000,7.304962,0.000000,0.000000,1.000000;;
              }
             }
            }

            Frame Bip02_Finger03 {
             

             FrameTransformMatrix {
              -0.134745,-0.983071,-0.124155,0.000000,0.990716,-0.135943,0.001189,0.000000,-0.018046,-0.122842,0.992262,0.000000,24.279114,1.730102,9.904754,1.000000;;
             }

             Frame Bip02_Finger04 {
              

              FrameTransformMatrix {
               -0.005487,-0.999985,-0.000000,0.000000,0.999985,-0.005487,-0.000000,0.000000,0.000000,-0.000000,1.000000,0.000000,8.113830,0.000031,0.000015,1.000000;;
              }
             }
            }

            Frame Bip02_Finger05 {
             

             FrameTransformMatrix {
              -0.090678,-0.993762,0.064916,0.000000,0.992016,-0.095871,-0.081938,0.000000,0.087651,0.056968,0.994521,0.000000,23.837616,2.053894,-0.281204,1.000000;;
             }

             Frame Bip02_Finger06 {
              

              FrameTransformMatrix {
               0.000084,-1.000000,-0.000000,0.000000,1.000000,0.000084,-0.000002,0.000000,0.000002,-0.000000,1.000000,0.000000,9.363830,0.000000,0.000000,1.000000;;
              }
             }
            }
           }
          }
         }
        }

        Frame Bone01_Wing02 {
         

         FrameTransformMatrix {
          -0.007169,0.325914,0.945372,0.000000,0.999974,0.003050,0.006532,0.000000,-0.000754,0.945395,-0.325928,0.000000,19.316598,39.948976,7.110018,1.000000;;
         }
        }

        Frame Bone01_Wing01 {
         

         FrameTransformMatrix {
          -0.007169,0.325914,-0.945372,0.000000,-0.999974,-0.003050,0.006531,0.000000,-0.000754,0.945395,0.325928,0.000000,19.316579,39.948944,-7.110106,1.000000;;
         }
        }

        Frame Dummy04 {
         

         FrameTransformMatrix {
          0.000002,-0.000000,1.000000,0.000000,-1.000000,-0.000796,0.000002,0.000000,0.000796,-1.000000,-0.000000,0.000000,30.659261,-50.143645,0.000028,1.000000;;
         }
        }
       }
      }
     }

     Frame Bip01_L_Thigh {
      

      FrameTransformMatrix {
       0.116935,-0.977980,0.172864,0.000000,-0.986816,-0.134027,-0.090722,0.000000,0.111893,-0.159977,-0.980759,0.000000,-0.000008,0.000030,15.285096,1.000000;;
      }

      Frame Bip01_L_Calf {
       

       FrameTransformMatrix {
        0.022122,0.999755,-0.000000,0.000000,-0.999755,0.022122,-0.000000,0.000000,-0.000000,0.000000,1.000000,0.000000,21.430725,-0.000000,0.000031,1.000000;;
       }

       Frame Bip01_L_Foot {
        

        FrameTransformMatrix {
         0.995297,-0.019139,0.094960,0.000000,0.015734,0.999210,0.036484,0.000000,-0.095584,-0.034818,0.994812,0.000000,33.187699,0.000000,-0.000031,1.000000;;
        }

        Frame Bip01_L_Toe0 {
         

         FrameTransformMatrix {
          -0.000000,-1.000000,0.000001,0.000000,1.000000,-0.000000,0.000000,0.000000,-0.000000,0.000001,1.000000,0.000000,13.561218,-13.401490,0.000060,1.000000;;
         }
        }
       }
      }
     }

     Frame Bip01_R_Thigh {
      

      FrameTransformMatrix {
       0.173635,-0.982557,-0.066582,0.000000,-0.983855,-0.176047,0.032204,0.000000,-0.043364,0.059915,-0.997261,0.000000,0.000046,0.000062,-15.284973,1.000000;;
      }

      Frame Bip01_R_Calf {
       

       FrameTransformMatrix {
        0.219709,0.975565,-0.000013,0.000000,-0.975565,0.219709,-0.000001,0.000000,0.000001,0.000013,1.000000,0.000000,21.430725,-0.000275,0.000275,1.000000;;
       }

       Frame Bip01_R_Foot {
        

        FrameTransformMatrix {
         0.981341,-0.190983,0.022252,0.000000,0.192275,0.974798,-0.113131,0.000000,-0.000085,0.115298,0.993331,0.000000,33.187699,0.000031,0.000000,1.000000;;
        }

        Frame Bip01_R_Toe0 {
         

         FrameTransformMatrix {
          -0.000000,-1.000000,-0.000001,0.000000,1.000000,-0.000000,-0.000000,0.000000,0.000000,-0.000001,1.000000,0.000000,13.561280,-13.401458,-0.000031,1.000000;;
         }
        }
       }
      }
     }
    }
   }
  }
 }

 Frame FA {
  

  FrameTransformMatrix {
   1.000000,0.000000,0.000000,0.000000,0.000000,1.000000,0.000000,0.000000,0.000000,0.000000,1.000000,0.000000,0.000000,0.000000,0.000000,1.000000;;
  }
 }

 Frame _22000095_N_Beelzebub {
  

  FrameTransformMatrix {
   1.000000,0.000000,0.000000,0.000000,0.000000,1.000000,0.000000,0.000000,0.000000,0.000000,1.000000,0.000000,0.000000,0.000000,0.000000,1.000000;;
  }
 }
}

Frame FA_ {
 

 FrameTransformMatrix {
  0.393701,0.000000,0.000000,0.000000,0.000000,-0.000000,-0.393701,0.000000,0.000000,0.393701,-0.000000,0.000000,0.000000,0.000000,0.000000,1.000000;;
 }

 Mesh FA_ {
  3537;
  31.759658;-5.721237;174.380902;,
  36.620554;-17.026253;167.402586;,
  40.255971;-5.472557;170.119565;,
  -91.951610;48.643098;43.500371;,
  -86.986003;49.941741;43.119283;,
  -88.775360;46.573014;40.116384;,
  -128.860659;52.968989;71.654355;,
  -123.758182;54.461869;70.052992;,
  -126.292352;50.767930;67.339859;,
  91.951622;48.643107;43.500342;,
  88.775373;46.573024;40.116355;,
  86.986016;49.941754;43.119258;,
  93.451635;45.695571;42.331613;,
  88.775373;46.573024;40.116355;,
  88.187878;45.719933;39.973587;,
  93.614432;44.567491;42.639770;,
  91.727251;41.456186;44.655818;,
  85.707360;42.877334;41.471875;,
  90.035162;37.203171;47.525200;,
  84.297613;39.835411;43.481373;,
  83.601306;38.733366;44.294784;,
  81.662061;36.012000;45.779206;,
  88.014112;33.447069;50.206013;,
  88.827827;32.552330;49.458755;,
  81.748000;35.613658;45.513011;,
  91.748896;35.013456;45.149974;,
  84.969421;37.599626;43.033488;,
  94.517075;39.070435;39.831328;,
  87.827558;40.846490;38.356390;,
  88.408973;41.752704;37.264093;,
  89.674682;44.385712;34.221200;,
  95.670029;42.352397;35.662624;,
  97.378182;44.479949;32.512848;,
  91.970797;46.138298;31.372067;,
  92.692256;46.023043;30.540365;,
  97.288371;44.702902;31.401610;,
  95.850656;43.463840;28.528272;,
  91.583674;42.887238;27.381149;,
  92.692256;46.023043;30.540365;,
  95.813517;40.446723;27.135146;,
  91.583674;42.887238;27.381149;,
  90.630061;42.368614;27.568845;,
  95.611533;39.388810;27.407574;,
  93.785760;36.913974;30.210861;,
  88.143226;40.402560;30.164189;,
  92.526029;33.147149;33.934717;,
  86.867814;37.735126;33.230099;,
  86.292781;36.814080;34.315818;,
  83.634912;33.693446;38.163098;,
  90.123469;29.025840;39.149658;,
  89.469446;27.190880;37.402182;,
  82.386810;32.191360;36.634925;,
  92.070067;32.750931;30.213709;,
  85.276986;35.586976;30.748294;,
  86.122022;36.885558;28.915318;,
  87.343584;39.268051;25.615078;,
  93.064141;35.905456;25.905712;,
  89.464160;40.466173;22.308659;,
  94.566061;37.687088;22.450763;,
  94.265222;37.979923;21.374170;,
  89.931341;40.228198;21.347661;,
  91.808794;37.342246;18.887117;,
  89.931341;40.228198;21.347661;,
  87.131814;37.646637;18.464314;,
  90.485536;34.526288;17.501307;,
  87.131814;37.646637;18.464314;,
  90.039552;33.556736;17.816309;,
  86.088883;37.359971;18.836331;,
  83.813683;35.911885;21.892886;,
  88.224563;31.505763;20.961115;,
  86.908186;27.964160;24.947115;,
  82.647718;33.527610;25.189022;,
  81.927002;32.382973;26.713658;,
  78.731270;28.433914;33.346954;,
  84.308672;23.164269;31.825248;,
  83.140269;22.209749;30.604666;,
  77.192160;26.825184;32.018883;,
  84.071898;25.220778;25.932837;,
  78.682048;29.430330;27.526621;,
  78.950458;30.287296;25.973005;,
  79.682445;32.442006;22.938810;,
  84.459654;28.218246;22.001422;,
  81.036582;33.440531;19.290122;,
  85.316941;29.885718;18.334774;,
  84.801094;30.243478;17.344198;,
  81.162362;33.159530;18.253538;,
  81.628442;30.029866;15.458790;,
  81.162362;33.159530;18.253538;,
  77.104678;31.096877;16.089690;,
  79.340339;27.467584;14.432155;,
  -89.931315;40.228179;21.347694;,
  -87.131782;37.646618;18.464347;,
  -91.808762;37.342227;18.887152;,
  -131.891968;43.739629;47.907277;,
  -129.588762;40.983994;44.212045;,
  -134.398285;40.569421;45.783661;,
  -95.850598;43.463818;28.528314;,
  -92.692198;46.023018;30.540406;,
  -91.583616;42.887216;27.381190;,
  -136.455130;47.178000;56.869754;,
  -132.703091;50.016480;58.214803;,
  -132.232730;46.628166;54.638765;,
  14.178862;38.565414;94.502669;,
  22.575173;43.114762;104.762176;,
  23.554142;40.844752;106.222106;,
  28.160826;44.966493;112.585357;,
  -14.178862;38.565414;94.502669;,
  -23.554146;40.844752;106.222106;,
  -22.575173;43.114762;104.762176;,
  -28.160829;44.966493;112.585357;,
  86.721440;-0.479606;78.894010;,
  95.087629;18.666736;67.566886;,
  99.555302;7.658647;66.311469;,
  81.150528;11.862732;80.624314;,
  96.405402;28.667968;74.161818;,
  82.200346;22.008114;87.652358;,
  87.802381;28.454701;96.753126;,
  101.458970;34.600128;83.473299;,
  97.034944;25.037674;104.218246;,
  109.951565;31.997520;90.648160;,
  116.758477;24.112290;92.914086;,
  104.141984;16.034693;106.927264;,
  119.382246;12.808310;89.057536;,
  107.299987;4.195065;103.455930;,
  116.108160;4.597108;80.318419;,
  103.856608;-5.123888;94.476762;,
  109.066445;1.998135;71.280998;,
  96.090912;-8.151144;84.757754;,
  86.721440;-0.479606;78.894010;,
  99.555302;7.658647;66.311469;,
  55.130451;-0.352961;59.847398;,
  61.157792;16.655416;47.198525;,
  65.435789;7.046946;45.789923;,
  50.226314;10.703553;61.334630;,
  62.586528;25.835563;52.625306;,
  52.307795;19.953691;67.677126;,
  58.931757;25.409034;74.893088;,
  69.642342;31.079283;59.947597;,
  68.675565;22.313338;79.904992;,
  78.374483;28.683347;64.805018;,
  84.788570;21.123802;65.516915;,
  75.319565;14.390771;80.654285;,
  86.328326;10.980828;61.247878;,
  77.824973;3.697727;76.958349;,
  81.963437;3.844432;54.711610;,
  73.066042;-4.377061;69.725856;,
  74.481088;1.764957;48.730915;,
  64.349498;-6.621257;62.645466;,
  55.130451;-0.352961;59.847398;,
  65.435789;7.046946;45.789923;,
  -16.139688;18.446483;225.260134;,
  -22.919874;26.595389;224.932685;,
  -20.848610;26.778272;228.823782;,
  -18.231218;18.730477;222.694528;,
  -26.961120;23.976438;224.290150;,
  -20.956914;16.658987;222.165760;,
  -28.786205;21.630032;227.574810;,
  -22.023226;14.313488;224.237798;,
  -26.791029;21.804374;231.453235;,
  -19.866517;13.884405;226.839091;,
  -22.591448;24.532070;232.101683;,
  -16.958662;15.825938;227.299430;,
  -20.848610;26.778272;228.823782;,
  -16.139688;18.446483;225.260134;,
  102.465798;9.986147;68.996474;,
  109.066445;1.998135;71.280998;,
  99.555302;7.658647;66.311469;,
  109.042445;5.929225;72.536659;,
  116.108160;4.597108;80.318419;,
  114.923712;7.882419;79.661722;,
  116.920013;15.057365;86.281453;,
  119.382246;12.808310;89.057536;,
  116.758477;24.112290;92.914086;,
  114.276314;22.942472;88.356486;,
  109.951565;31.997520;90.648160;,
  109.184627;29.349901;86.894918;,
  101.458970;34.600128;83.473299;,
  102.757888;30.838746;81.383910;,
  96.405402;28.667968;74.161818;,
  98.934758;26.294293;74.875642;,
  98.220077;18.327227;69.512864;,
  95.087629;18.666736;67.566886;,
  99.555302;7.658647;66.311469;,
  102.465798;9.986147;68.996474;,
  5.714628;12.047950;216.242842;,
  4.825579;4.965835;199.210995;,
  2.563947;3.031444;200.005222;,
  10.770894;14.843795;211.954560;,
  9.210222;4.346997;199.421901;,
  16.684922;11.783760;211.333862;,
  9.195968;0.746945;199.680973;,
  17.930414;5.964756;214.902016;,
  7.514267;-1.487191;199.819520;,
  13.380936;2.828206;219.065165;,
  3.608339;-0.860526;200.291136;,
  6.729515;6.255088;219.773491;,
  2.563947;3.031444;200.005222;,
  5.714628;12.047950;216.242842;,
  67.712691;8.246636;47.099357;,
  74.481088;1.764957;48.730915;,
  65.435789;7.046946;45.789923;,
  74.345747;4.618925;49.276330;,
  81.963437;3.844432;54.711610;,
  81.306976;6.187106;54.454387;,
  84.453370;12.975491;60.177574;,
  86.328326;10.980828;61.247878;,
  84.788570;21.123802;65.516915;,
  81.979386;19.872928;62.638464;,
  78.374483;28.683347;64.805018;,
  77.771040;26.166850;62.378816;,
  69.642342;31.079283;59.947597;,
  70.558592;27.744294;58.425926;,
  62.586528;25.835563;52.625306;,
  65.720922;23.483789;52.875882;,
  64.193050;15.919664;48.381357;,
  61.157792;16.655416;47.198525;,
  65.435789;7.046946;45.789923;,
  67.712691;8.246636;47.099357;,
  -22.591448;24.532070;232.101683;,
  -28.786205;21.630032;227.574810;,
  -26.791029;21.804374;231.453235;,
  -20.848610;26.778272;228.823782;,
  -26.961120;23.976438;224.290150;,
  -22.919874;26.595389;224.932685;,
  -95.087629;18.666749;67.566874;,
  -86.721434;-0.479597;78.893997;,
  -99.555302;7.658657;66.311456;,
  -81.150528;11.862742;80.624307;,
  -96.405402;28.667981;74.161805;,
  -82.200346;22.008125;87.652352;,
  -87.802374;28.454717;96.753126;,
  -101.458970;34.600141;83.473280;,
  -97.034944;25.037685;104.218246;,
  -109.951552;31.997533;90.648154;,
  -116.758464;24.112301;92.914080;,
  -104.141984;16.034702;106.927251;,
  -119.382234;12.808319;89.057523;,
  -107.299981;4.195072;103.455923;,
  -116.108147;4.597118;80.318406;,
  -103.856595;-5.123881;94.476749;,
  -109.066445;1.998144;71.280986;,
  -96.090912;-8.151138;84.757728;,
  -86.721434;-0.479597;78.893997;,
  -99.555302;7.658657;66.311456;,
  -61.157766;16.655414;47.198550;,
  -55.130426;-0.352962;59.847411;,
  -65.435763;7.046946;45.789952;,
  -50.226294;10.703551;61.334650;,
  -62.586502;25.835558;52.625334;,
  -52.307782;19.953690;67.677139;,
  -58.931744;25.409029;74.893107;,
  -69.642317;31.079280;59.947622;,
  -68.675552;22.313331;79.905005;,
  -78.374464;28.683341;64.805037;,
  -84.788550;21.123798;65.516934;,
  -75.319552;14.390766;80.654298;,
  -86.328294;10.980823;61.247904;,
  -77.824954;3.697723;76.958368;,
  -81.963411;3.844428;54.711629;,
  -73.066016;-4.377064;69.725869;,
  -74.481050;1.764955;48.730941;,
  -64.349472;-6.621259;62.645478;,
  -55.130426;-0.352962;59.847411;,
  -65.435763;7.046946;45.789952;,
  -21.251870;-7.375642;-0.000044;,
  -26.806587;-9.786111;-0.000044;,
  -32.470970;-8.357956;-0.000044;,
  -35.759101;-4.083101;-0.000043;,
  -18.837950;-2.601530;-0.000044;,
  -20.731718;4.684350;-0.000043;,
  -35.158291;3.421199;-0.000043;,
  -19.843541;11.106073;-0.000043;,
  -37.148061;9.590936;-0.000042;,
  -38.072906;15.853917;-0.000042;,
  -20.020275;17.434555;-0.000043;,
  -23.589464;22.722038;-0.000035;,
  -29.759555;24.809418;-0.000034;,
  -35.553248;21.502216;-0.000034;,
  21.251866;-7.375648;-0.000007;,
  32.470960;-8.357962;-0.000007;,
  26.806579;-9.786116;-0.000007;,
  35.759091;-4.083108;-0.000007;,
  18.837944;-2.601536;-0.000007;,
  20.731712;4.684343;-0.000007;,
  35.158285;3.421191;-0.000007;,
  19.843533;11.106065;-0.000008;,
  37.148048;9.590927;-0.000008;,
  38.072893;15.853907;-0.000009;,
  20.020267;17.434546;-0.000010;,
  23.589454;22.722029;-0.000002;,
  29.759546;24.809408;-0.000002;,
  35.553235;21.502206;-0.000001;,
  -109.066445;1.998144;71.280986;,
  -102.465798;9.986158;68.996461;,
  -99.555302;7.658657;66.311456;,
  -109.042445;5.929234;72.536646;,
  -116.108147;4.597118;80.318406;,
  -114.923699;7.882429;79.661702;,
  -116.920000;15.057376;86.281446;,
  -119.382234;12.808319;89.057523;,
  -116.758464;24.112301;92.914080;,
  -114.276301;22.942483;88.356474;,
  -109.951552;31.997533;90.648154;,
  -109.184627;29.349914;86.894912;,
  -101.458970;34.600141;83.473280;,
  -102.757888;30.838762;81.383898;,
  -96.405402;28.667981;74.161805;,
  -98.934758;26.294304;74.875629;,
  -98.220077;18.327238;69.512845;,
  -95.087629;18.666749;67.566874;,
  -99.555302;7.658657;66.311456;,
  -102.465798;9.986158;68.996461;,
  -93.451616;45.695562;42.331638;,
  -88.775360;46.573014;40.116384;,
  -88.187866;45.719920;39.973613;,
  -93.614413;44.567478;42.639798;,
  -91.727226;41.456173;44.655846;,
  -85.707334;42.877322;41.471901;,
  -90.035142;37.203152;47.525232;,
  -84.297594;39.835398;43.481398;,
  -83.601280;38.733350;44.294819;,
  -81.662048;36.011987;45.779238;,
  -88.014086;33.447050;50.206051;,
  -88.827802;32.552326;49.458797;,
  -81.747968;35.613651;45.513050;,
  -91.748858;35.013456;45.150013;,
  -84.969389;37.599616;43.033523;,
  -94.517037;39.070416;39.831363;,
  -87.827520;40.846474;38.356426;,
  -88.408934;41.752685;37.264131;,
  -89.674643;44.385690;34.221242;,
  -95.669984;42.352374;35.662666;,
  -97.378138;44.479926;32.512890;,
  -91.970752;46.138272;31.372109;,
  -92.692198;46.023018;30.540406;,
  -97.288320;44.702880;31.401651;,
  -95.813459;40.446701;27.135187;,
  -91.583616;42.887216;27.381190;,
  -90.630010;42.368592;27.568886;,
  -95.611482;39.388787;27.407616;,
  -93.785702;36.913952;30.210902;,
  -88.143181;40.402541;30.164234;,
  -92.525978;33.147130;33.934749;,
  -86.867770;37.735107;33.230141;,
  -86.292742;36.814064;34.315853;,
  -83.634874;33.693440;38.163133;,
  -90.123430;29.025834;39.149696;,
  -89.469408;27.190874;37.402230;,
  -82.386778;32.191350;36.634963;,
  -92.070035;32.750909;30.213744;,
  -85.276947;35.586954;30.748330;,
  -86.121984;36.885539;28.915350;,
  -87.343552;39.268032;25.615112;,
  -93.064109;35.905437;25.905744;,
  -89.464128;40.466154;22.308693;,
  -94.566035;37.687069;22.450797;,
  -94.265190;37.979904;21.374205;,
  -89.931315;40.228179;21.347694;,
  -90.485498;34.526269;17.501341;,
  -87.131782;37.646618;18.464347;,
  -90.039514;33.556717;17.816344;,
  -86.088851;37.359955;18.836365;,
  -83.813651;35.911869;21.892922;,
  -88.224525;31.505744;20.961149;,
  -86.908141;27.964141;24.947150;,
  -82.647680;33.527597;25.189056;,
  -81.926957;32.382954;26.713694;,
  -78.731232;28.433904;33.346992;,
  -84.308634;23.164267;31.825286;,
  -83.140230;22.209749;30.604701;,
  -77.192122;26.825178;32.018918;,
  -84.071872;25.220770;25.932878;,
  -78.681997;29.430320;27.526656;,
  -78.950419;30.287290;25.973051;,
  -79.682413;32.442006;22.938858;,
  -84.459622;28.218243;22.001470;,
  -81.036550;33.440531;19.290168;,
  -85.316909;29.885715;18.334822;,
  -84.801062;30.243475;17.344246;,
  -81.162330;33.159530;18.253586;,
  -81.628410;30.029862;15.458837;,
  -81.162330;33.159530;18.253586;,
  -77.104646;31.096874;16.089738;,
  -79.340307;27.467578;14.432203;,
  -78.780589;26.563120;14.849195;,
  -76.146790;30.955133;16.679261;,
  -74.515648;29.724995;20.093368;,
  -82.717094;27.364006;16.409574;,
  -77.395718;24.639358;17.930419;,
  -82.629043;28.136678;15.735822;,
  -81.628410;30.029862;15.458837;,
  -84.801062;30.243475;17.344246;,
