xof 0303txt 0032
template ColorRGBA {
 <35ff44e0-6c7c-11cf-8f52-0040333594a3>
 FLOAT red;
 FLOAT green;
 FLOAT blue;
 FLOAT alpha;
}

template ColorRGB {
 <d3e16e81-7835-11cf-8f52-0040333594a3>
 FLOAT red;
 FLOAT green;
 FLOAT blue;
}

template Material {
 <3d82ab4d-62da-11cf-ab39-0020af71e433>
 ColorRGBA faceColor;
 FLOAT power;
 ColorRGB specularColor;
 ColorRGB emissiveColor;
 [...]
}

template TextureFilename {
 <a42790e1-7810-11cf-8f52-0040333594a3>
 STRING filename;
}

template Frame {
 <3d82ab46-62da-11cf-ab39-0020af71e433>
 [...]
}

template Matrix4x4 {
 <f6f23f45-7686-11cf-8f52-0040333594a3>
 array FLOAT matrix[16];
}

template FrameTransformMatrix {
 <f6f23f41-7686-11cf-8f52-0040333594a3>
 Matrix4x4 frameMatrix;
}

template Vector {
 <3d82ab5e-62da-11cf-ab39-0020af71e433>
 FLOAT x;
 FLOAT y;
 FLOAT z;
}

template MeshFace {
 <3d82ab5f-62da-11cf-ab39-0020af71e433>
 DWORD nFaceVertexIndices;
 array DWORD faceVertexIndices[nFaceVertexIndices];
}

template Mesh {
 <3d82ab44-62da-11cf-ab39-0020af71e433>
 DWORD nVertices;
 array Vector vertices[nVertices];
 DWORD nFaces;
 array MeshFace faces[nFaces];
 [...]
}

template MeshNormals {
 <f6f23f43-7686-11cf-8f52-0040333594a3>
 DWORD nNormals;
 array Vector normals[nNormals];
 DWORD nFaceNormals;
 array MeshFace faceNormals[nFaceNormals];
}

template MeshMaterialList {
 <f6f23f42-7686-11cf-8f52-0040333594a3>
 DWORD nMaterials;
 DWORD nFaceIndexes;
 array DWORD faceIndexes[nFaceIndexes];
 [Material <3d82ab4d-62da-11cf-ab39-0020af71e433>]
}

template Coords2d {
 <f6f23f44-7686-11cf-8f52-0040333594a3>
 FLOAT u;
 FLOAT v;
}

template MeshTextureCoords {
 <f6f23f40-7686-11cf-8f52-0040333594a3>
 DWORD nTextureCoords;
 array Coords2d textureCoords[nTextureCoords];
}

template XSkinMeshHeader {
 <3cf169ce-ff7c-44ab-93c0-f78f62d172e2>
 WORD nMaxSkinWeightsPerVertex;
 WORD nMaxSkinWeightsPerFace;
 WORD nBones;
}

template SkinWeights {
 <6f0d123b-bad2-4167-a0d0-80224f25fabb>
 STRING transformNodeName;
 DWORD nWeights;
 array DWORD vertexIndices[nWeights];
 array FLOAT weights[nWeights];
 Matrix4x4 matrixOffset;
}

template AnimTicksPerSecond {
 <9e415a43-7ba6-4a73-8743-b73d47e88476>
 DWORD AnimTicksPerSecond;
}

template Animation {
 <3d82ab4f-62da-11cf-ab39-0020af71e433>
 [...]
}

template AnimationSet {
 <3d82ab50-62da-11cf-ab39-0020af71e433>
 [Animation <3d82ab4f-62da-11cf-ab39-0020af71e433>]
}

template FloatKeys {
 <10dd46a9-775b-11cf-8f52-0040333594a3>
 DWORD nValues;
 array FLOAT values[nValues];
}

template TimedFloatKeys {
 <f406b180-7b3b-11cf-8f52-0040333594a3>
 DWORD time;
 FloatKeys tfkeys;
}

template AnimationKey {
 <10dd46a8-775b-11cf-8f52-0040333594a3>
 DWORD keyType;
 DWORD nKeys;
 array TimedFloatKeys keys[nKeys];
}


Material FA_89 {
 1.000000;1.000000;1.000000;1.000000;;
 43.219280;
 0.020000;0.020000;0.020000;;
 0.000000;0.000000;0.000000;;

 TextureFilename {
  "22000095_N_Beelzebub_Idle01.dds";
 }
}

Material _22000095_N_Beelzebub_107 {
 1.000000;1.000000;1.000000;1.000000;;
 43.219280;
 0.020000;0.020000;0.020000;;
 0.000000;0.000000;0.000000;;

 TextureFilename {
  "22000095_N_Beelzebub_Idle01.dds";
 }
}

Frame Scene_Root {
 

 FrameTransformMatrix {
  0.393701,0.000000,0.000000,0.000000,0.000000,-0.000000,-0.393701,0.000000,0.000000,0.393701,-0.000000,0.000000,0.000000,0.000000,0.000000,1.000000;;
 }

 Frame Dummy01_Main {
  

  FrameTransformMatrix {
   1.000000,0.000000,0.000000,0.000000,0.000000,1.000000,0.000000,0.000000,0.000000,0.000000,1.000000,0.000000,0.000000,0.000000,0.000000,1.000000;;
  }

  Frame Dummy01_Main_NonAccum {
   

   FrameTransformMatrix {
    1.000000,0.000000,0.000000,0.000000,0.000000,1.000000,0.000000,0.000000,0.000000,0.000000,1.000000,0.000000,0.000000,0.000000,0.000000,1.000000;;
   }

   Frame Bip01 {
    

    FrameTransformMatrix {
     0.000001,0.686208,-0.727406,0.000000,-1.000000,0.000002,0.000000,0.000000,0.000001,0.727406,0.686208,0.000000,0.001085,-19.515613,79.194982,1.000000;;
    }

    Frame Bip01_Footsteps {
     

     FrameTransformMatrix {
      0.000001,-1.000000,-0.000000,0.000000,1.000000,0.000001,-0.000000,0.000000,0.000000,-0.000000,1.000000,0.000000,0.000000,0.000003,-66.201248,1.000000;;
     }
    }

    Frame Bip01_Pelvis {
     

     FrameTransformMatrix {
      0.000001,-0.000000,1.000000,0.000000,-1.000000,0.000002,0.000001,0.000000,-0.000002,-1.000000,-0.000000,0.000000,0.000000,0.000000,0.000000,1.000000;;
     }

     Frame Bip01_Spine {
      

      FrameTransformMatrix {
       0.999979,0.006499,0.000002,0.000000,-0.006499,0.999979,0.000004,0.000000,-0.000001,-0.000004,1.000000,0.000000,7.562836,-4.931969,-0.000011,1.000000;;
      }

      Frame Bip01_Spine1 {
       

       FrameTransformMatrix {
        0.996466,0.083996,-0.000014,0.000000,-0.083996,0.996466,-0.000013,0.000000,0.000013,0.000014,1.000000,0.000000,14.913506,0.012840,0.000152,1.000000;;
       }

       Frame Bip01_Spine2 {
        

        FrameTransformMatrix {
         0.996469,0.083964,-0.000014,0.000000,-0.083964,0.996469,-0.000013,0.000000,0.000013,0.000014,1.000000,0.000000,16.387046,0.047565,0.000096,1.000000;;
        }

        Frame Bip01_Neck {
         

         FrameTransformMatrix {
          0.903215,-0.429189,0.000002,0.000000,0.429189,0.903215,0.000000,0.000000,-0.000002,0.000000,1.000000,0.000000,50.331795,-2.263927,-0.000011,1.000000;;
         }

         Frame Bip01_Head {
          

          FrameTransformMatrix {
           0.711490,0.702693,0.002378,0.000000,-0.702696,0.711480,0.003958,0.000000,0.001089,-0.004487,0.999989,0.000000,8.391662,0.000008,0.000001,1.000000;;
          }

          Frame EarL01 {
           

           FrameTransformMatrix {
            0.832924,-0.340333,0.436361,0.000000,-0.492186,-0.095146,0.865275,0.000000,-0.252964,-0.935479,-0.246757,0.000000,36.456682,10.807629,5.351422,1.000000;;
           }

           Frame EarL02 {
            

            FrameTransformMatrix {
             0.766811,0.212914,0.605532,0.000000,-0.148742,0.976646,-0.155045,0.000000,-0.624401,0.028822,0.780572,0.000000,24.976837,0.000000,-0.000008,1.000000;;
            }
           }
          }

          Frame EarR01 {
           

           FrameTransformMatrix {
            0.873984,-0.425301,-0.235099,0.000000,0.386253,0.314390,0.867161,0.000000,-0.294891,-0.848692,0.439046,0.000000,36.456682,10.807606,-5.350987,1.000000;;
           }

           Frame EarR02 {
            

            FrameTransformMatrix {
             0.637699,-0.737480,0.222403,0.000000,0.710135,0.674717,0.201156,0.000000,-0.298408,0.029659,0.953978,0.000000,24.976853,0.000008,-0.000015,1.000000;;
            }
           }
          }

          Frame Dummy01 {
           

           FrameTransformMatrix {
            0.000001,-0.000000,1.000000,0.000000,-0.000001,-1.000001,-0.000000,0.000000,1.000000,-0.000001,-0.000001,0.000000,-4.583618,-38.790765,0.000104,1.000000;;
           }
          }
         }

         Frame Bip01_L_Clavicle {
          

          FrameTransformMatrix {
           0.200386,-0.258564,0.944982,0.000000,0.407259,-0.855276,-0.320379,0.000000,0.891059,0.449052,-0.066083,0.000000,-14.330390,-4.324525,27.564365,1.000000;;
          }

          Frame Bip01_L_UpperArm {
           

           FrameTransformMatrix {
            -0.057716,0.730573,-0.680391,0.000000,-0.726144,0.436984,0.530811,0.000000,0.685116,0.524698,0.505280,0.000000,25.165966,-0.000011,0.000008,1.000000;;
           }

           Frame Bip01_L_Forearm {
            

            FrameTransformMatrix {
             0.305871,0.952073,-0.000044,0.000000,-0.952073,0.305871,-0.000007,0.000000,0.000007,0.000044,1.000000,0.000000,45.837920,0.000002,-0.000004,1.000000;;
            }

            Frame Bip01_L_Hand {
             

             FrameTransformMatrix {
              0.467230,0.089382,0.879606,0.000000,-0.883051,-0.002099,0.469273,0.000000,0.043791,-0.995995,0.077948,0.000000,39.539910,-0.000015,0.000008,1.000000;;
             }

             Frame Bip01_L_Finger0 {
              

              FrameTransformMatrix {
               0.959350,-0.041792,-0.279109,0.000000,0.008197,0.992684,-0.120464,0.000000,0.282101,0.113279,0.952673,0.000000,10.111351,-1.106252,-13.974266,1.000000;;
              }

              Frame Bip01_L_Finger01 {
               

               FrameTransformMatrix {
                0.999044,-0.043712,0.000000,0.000000,0.043712,0.999044,-0.000000,0.000000,0.000000,0.000000,1.000000,0.000000,11.551880,-0.000004,-0.000000,1.000000;;
               }
              }
             }

             Frame Bip01_L_Finger1 {
              

              FrameTransformMatrix {
               1.000000,0.000000,0.000000,0.000000,-0.000000,1.000000,0.000796,0.000000,-0.000000,-0.000796,1.000000,0.000000,22.192498,1.238084,-8.249649,1.000000;;
              }

              Frame Bip01_L_Finger11 {
               

               FrameTransformMatrix {
                0.994133,-0.108161,-0.000000,0.000000,0.108161,0.994133,-0.000000,0.000000,0.000000,-0.000000,1.000000,0.000000,11.551902,-0.000004,0.000015,1.000000;;
               }
              }
             }

             Frame Bip01_L_Finger2 {
              

              FrameTransformMatrix {
               0.989945,-0.141451,-0.000113,0.000000,0.139689,0.977492,0.158105,0.000000,-0.022254,-0.156531,0.987422,0.000000,21.321891,1.823633,3.617241,1.000000;;
              }

              Frame Bip01_L_Finger21 {
               

               FrameTransformMatrix {
                0.999991,-0.004385,-0.000030,0.000000,0.004385,0.999991,-0.000030,0.000000,0.000030,0.000030,1.000000,0.000000,12.915558,-0.000001,0.000008,1.000000;;
               }
              }
             }

             Frame Bip01_L_Finger3 {
              

              FrameTransformMatrix {
               0.974599,0.098661,0.201052,0.000000,-0.164854,0.923694,0.345851,0.000000,-0.151589,-0.370211,0.916496,0.000000,22.402107,-2.856657,13.007134,1.000000;;
              }

              Frame Bip01_L_Finger31 {
               

               FrameTransformMatrix {
                0.980033,-0.198837,-0.000027,0.000000,0.198837,0.980033,-0.000033,0.000000,0.000033,0.000027,1.000000,0.000000,8.060494,0.000002,0.000008,1.000000;;
               }
              }
             }
            }
           }

           Frame Bip01_L_ForeTwist {
            

            FrameTransformMatrix {
             0.305844,0.952082,-0.000039,0.000000,-0.951356,0.305610,-0.039040,0.000000,-0.037158,0.011978,0.999238,0.000000,45.837920,0.000002,-0.000004,1.000000;;
            }
           }
          }

          Frame Bip01_LUpArmTwist {
           

           FrameTransformMatrix {
            -0.057736,0.730573,-0.680389,0.000000,-0.648092,0.490967,0.582176,0.000000,0.759371,0.474567,0.445132,0.000000,25.165966,-0.000011,0.000008,1.000000;;
           }
          }

          Frame Dummy02 {
           

           FrameTransformMatrix {
            0.996060,-0.000013,-0.088685,0.000000,-0.088685,0.000001,-0.996060,0.000000,0.000013,1.000000,-0.000001,0.000000,36.453770,-4.944230,20.215728,1.000000;;
           }

           Frame Bone01_mirrored_ {
            

            FrameTransformMatrix {
             -0.282444,0.864858,0.415025,0.000000,-0.890134,-0.397571,0.222710,0.000000,0.357614,-0.306525,0.882131,0.000000,-24.106670,8.758253,39.469094,1.000000;;
            }
           }
          }
         }

         Frame Bip01_R_Clavicle {
          

          FrameTransformMatrix {
           0.196883,-0.407673,-0.891650,0.000000,0.383308,-0.805059,0.452719,0.000000,-0.902393,-0.430910,-0.002238,0.000000,-14.330414,-4.324683,-27.564278,1.000000;;
          }

          Frame Bip01_R_UpperArm {
           

           FrameTransformMatrix {
            0.027095,0.568969,0.821912,0.000000,-0.750826,0.554398,-0.359031,0.000000,-0.659944,-0.607385,0.442218,0.000000,25.165966,0.000000,-0.000008,1.000000;;
           }

           Frame Bip01_R_Forearm {
            

            FrameTransformMatrix {
             0.283123,0.959084,-0.000046,0.000000,-0.959083,0.283123,-0.000007,0.000000,0.000007,0.000046,1.000000,0.000000,45.837920,-0.000013,0.000004,1.000000;;
            }

            Frame Bip01_R_Hand {
             

             FrameTransformMatrix {
              0.223755,0.241396,-0.944279,0.000000,-0.973516,0.008722,-0.228454,0.000000,-0.046912,0.970388,0.236955,0.000000,39.539894,0.000000,-0.000008,1.000000;;
             }

             Frame Bip01_R_Finger0 {
              

              FrameTransformMatrix {
               0.979863,-0.021236,0.198537,0.000000,-0.027738,0.970210,0.240671,0.000000,-0.197734,-0.241332,0.950084,0.000000,10.111351,-1.106261,13.974274,1.000000;;
              }

              Frame Bip01_R_Finger01 {
               

               FrameTransformMatrix {
                0.999044,-0.043712,0.000000,0.000000,0.043712,0.999044,-0.000000,0.000000,0.000000,0.000000,1.000000,0.000000,11.551910,-0.000002,-0.000000,1.000000;;
               }
              }
             }

             Frame Bip01_R_Finger1 {
              

              FrameTransformMatrix {
               1.000000,-0.000000,0.000000,0.000000,0.000000,1.000000,-0.000796,0.000000,0.000000,0.000796,1.000000,0.000000,22.192498,1.238074,8.249657,1.000000;;
              }

              Frame Bip01_R_Finger11 {
               

               FrameTransformMatrix {
                0.932191,-0.361967,-0.000030,0.000000,0.361967,0.932191,-0.000006,0.000000,0.000030,-0.000006,1.000000,0.000000,11.551887,-0.000001,-0.000015,1.000000;;
               }
              }
             }

             Frame Bip01_R_Finger2 {
              

              FrameTransformMatrix {
               0.989945,-0.141451,0.000113,0.000000,0.139689,0.977491,-0.158105,0.000000,0.022254,0.156531,0.987422,0.000000,21.321907,1.823630,-3.617248,1.000000;;
              }

              Frame Bip01_R_Finger21 {
               

               FrameTransformMatrix {
                0.979106,-0.203351,-0.000004,0.000000,0.203351,0.979106,-0.000005,0.000000,0.000005,0.000004,1.000000,0.000000,12.915581,-0.000002,-0.000015,1.000000;;
               }
              }
             }

             Frame Bip01_R_Finger3 {
              

              FrameTransformMatrix {
               0.987549,-0.096099,-0.124545,0.000000,0.041961,0.923952,-0.380201,0.000000,0.151611,0.370241,0.916480,0.000000,22.402115,-2.856657,-13.007138,1.000000;;
              }

              Frame Bip01_R_Finger31 {
               

               FrameTransformMatrix {
                0.994163,-0.107886,-0.000029,0.000000,0.107886,0.994163,-0.000033,0.000000,0.000033,0.000029,1.000000,0.000000,8.060501,0.000002,0.000000,1.000000;;
               }
              }
             }

             Frame RHand00 {
              

              FrameTransformMatrix {
               1.000000,-0.000000,-0.000000,0.000000,0.000000,1.000001,-0.000000,0.000000,0.000000,0.000000,1.000001,0.000000,0.000000,0.000004,0.000000,1.000000;;
              }
             }
            }
           }

           Frame Bip01_R_ForeTwist {
            

            FrameTransformMatrix {
             0.283137,0.959079,-0.000054,0.000000,-0.952209,0.281116,0.119468,0.000000,0.114595,-0.033775,0.992838,0.000000,45.837920,-0.000013,0.000004,1.000000;;
            }
           }
          }

          Frame Bip01_RUpArmTwist {
           

           FrameTransformMatrix {
            0.027091,0.568966,0.821915,0.000000,-0.559765,0.689851,-0.459096,0.000000,-0.828209,-0.447641,0.337176,0.000000,25.165966,0.000000,-0.000008,1.000000;;
           }
          }

          Frame Dummy03 {
           

           FrameTransformMatrix {
            -0.986526,-0.000000,-0.163609,0.000000,-0.163609,-0.000000,0.986526,0.000000,-0.000000,1.000000,0.000000,0.000000,36.571933,-4.945106,-20.188530,1.000000;;
           }

           Frame Bone01 {
            

            FrameTransformMatrix {
             0.242040,0.881899,0.404564,0.000000,-0.901960,0.358187,-0.241185,0.000000,-0.357611,-0.306524,0.882133,0.000000,24.107554,8.758268,39.469274,1.000000;;
            }
           }
          }
         }
        }

        Frame Bone01_L_Clavicle {
         

         FrameTransformMatrix {
          -0.352917,-0.157044,0.922381,0.000000,-0.915715,-0.144462,-0.374963,0.000000,0.192134,-0.976969,-0.092825,0.000000,4.988914,4.900050,28.465645,1.000000;;
         }

         Frame Bone01_L_UpperArm {
          

          FrameTransformMatrix {
           0.293840,0.854337,0.428680,0.000000,-0.662685,0.505280,-0.552758,0.000000,-0.688845,-0.121657,0.714628,0.000000,14.118322,0.000000,-0.000004,1.000000;;
          }

          Frame Bone01_L_Forearm {
           

           FrameTransformMatrix {
            0.552191,0.393689,0.734911,0.000000,-0.239816,0.919236,-0.312240,0.000000,-0.798482,-0.003827,0.602006,0.000000,31.358550,-0.000137,-0.000000,1.000000;;
           }

           Frame Bone01_L_Hand {
            

            FrameTransformMatrix {
             0.383800,-0.637839,0.667727,0.000000,0.785618,0.605560,0.126893,0.000000,-0.485286,0.475876,0.733512,0.000000,32.733837,0.000900,-0.000004,1.000000;;
            }

            Frame Bone01_Finger01 {
             

             FrameTransformMatrix {
              0.986356,-0.037211,0.160365,0.000000,0.116896,0.844216,-0.523102,0.000000,-0.115917,0.534711,0.837047,0.000000,11.324028,3.861781,14.540299,1.000000;;
             }

             Frame Bone01_Finger02 {
              

              FrameTransformMatrix {
               0.997094,0.076187,-0.000030,0.000000,-0.076187,0.997094,-0.000028,0.000000,0.000028,0.000030,1.000000,0.000000,13.120636,0.000000,0.000000,1.000000;;
              }
             }
            }

            Frame Bone01_Finger03 {
             

             FrameTransformMatrix {
              0.950793,-0.185004,-0.248528,0.000000,0.187225,0.982204,-0.014887,0.000000,0.246859,-0.032376,0.968510,0.000000,24.279106,-1.730126,9.904766,1.000000;;
             }

             Frame Bone01_Finger04 {
              

              FrameTransformMatrix {
               0.982195,-0.187865,-0.000019,0.000000,0.187865,0.982195,-0.000023,0.000000,0.000023,0.000019,1.000000,0.000000,8.113873,-0.000000,0.000023,1.000000;;
              }
             }
            }

            Frame Bone01_Finger05 {
             

             FrameTransformMatrix {
              0.969612,-0.224036,-0.098287,0.000000,0.228406,0.972915,0.035586,0.000000,0.087652,-0.056954,0.994522,0.000000,23.837589,-2.053902,-0.281212,1.000000;;
             }

             Frame Bone01_Finger06 {
              

              FrameTransformMatrix {
               0.981135,-0.193325,-0.000004,0.000000,0.193325,0.981135,-0.000005,0.000000,0.000005,0.000004,1.000000,0.000000,9.363785,0.000002,-0.000004,1.000000;;
              }
             }
            }

            Frame Bone01_Finger07 {
             

             FrameTransformMatrix {
              0.924594,-0.376430,-0.058542,0.000000,0.379330,0.923893,0.050298,0.000000,0.035152,-0.068712,0.997017,0.000000,21.264912,1.155533,-9.178276,1.000000;;
             }

             Frame Bone01_Finger08 {
              

              FrameTransformMatrix {
               0.984662,-0.174474,-0.000001,0.000000,0.174474,0.984662,-0.000001,0.000000,0.000001,0.000001,1.000000,0.000000,7.304958,-0.000000,-0.000004,1.000000;;
              }
             }
            }
           }
          }
         }
        }

        Frame Bip02_R_Clavicle {
         

         FrameTransformMatrix {
          -0.373236,-0.494444,-0.784997,0.000000,0.883099,0.069956,-0.463943,0.000000,0.284309,-0.866390,0.410533,0.000000,4.988922,4.899969,-28.466000,1.000000;;
         }

         Frame Bip02_R_UpperArm {
          

          FrameTransformMatrix {
           0.383005,-0.686953,0.617578,0.000000,0.709616,0.646824,0.279399,0.000000,-0.591398,0.331232,0.735210,0.000000,14.118309,-0.000008,0.000004,1.000000;;
          }

          Frame Bip02_R_Forearm {
           

           FrameTransformMatrix {
            0.767725,-0.235294,0.596016,0.000000,0.124465,0.967184,0.221501,0.000000,-0.628575,-0.095869,0.771817,0.000000,31.358566,0.000126,0.000008,1.000000;;
           }

           Frame Bip02_R_Hand {
            

            FrameTransformMatrix {
             0.538477,0.692377,0.480267,0.000000,-0.681913,0.692881,-0.234327,0.000000,-0.495011,-0.201321,0.845242,0.000000,32.733840,-0.000896,0.000015,1.000000;;
            }

            Frame Bip02_Finger01 {
             

             FrameTransformMatrix {
              0.957194,-0.044692,0.285975,0.000000,-0.075280,0.915567,0.395056,0.000000,-0.279485,-0.399674,0.873011,0.000000,11.324028,-3.861788,14.540299,1.000000;;
             }

             Frame Bip02_Finger02 {
              

              FrameTransformMatrix {
               0.998660,-0.051755,-0.000000,0.000000,0.051755,0.998660,-0.000003,0.000000,0.000000,0.000003,1.000000,0.000000,13.120644,0.000011,-0.000023,1.000000;;
              }
             }
            }

            Frame Bip02_Finger07 {
             

             FrameTransformMatrix {
              0.984072,0.176490,-0.021282,0.000000,-0.177535,0.981844,-0.066805,0.000000,0.009105,0.069520,0.997539,0.000000,21.264923,-1.155525,-9.178284,1.000000;;
             }

             Frame Bip02_Finger08 {
              

              FrameTransformMatrix {
               0.963653,-0.267158,-0.000021,0.000000,0.267158,0.963653,-0.000028,0.000000,0.000028,0.000021,1.000000,0.000000,7.304954,-0.000001,0.000004,1.000000;;
              }
             }
            }

            Frame Bip02_Finger03 {
             

             FrameTransformMatrix {
              0.995552,-0.048510,-0.080760,0.000000,0.046305,0.998508,-0.028958,0.000000,0.082044,0.025090,0.996313,0.000000,24.279106,1.730131,9.904762,1.000000;;
             }

             Frame Bip02_Finger04 {
              

              FrameTransformMatrix {
               0.944363,-0.328904,-0.000016,0.000000,0.328904,0.944364,-0.000022,0.000000,0.000022,0.000016,1.000000,0.000000,8.113873,0.000002,-0.000008,1.000000;;
              }
             }
            }

            Frame Bip02_Finger05 {
             

             FrameTransformMatrix {
              0.993150,0.112046,-0.033141,0.000000,-0.113529,0.992429,-0.046864,0.000000,0.027639,0.050305,0.998351,0.000000,23.837594,2.053905,-0.281200,1.000000;;
             }

             Frame Bip02_Finger06 {
              

              FrameTransformMatrix {
               0.975902,-0.218211,-0.000018,0.000000,0.218211,0.975902,-0.000022,0.000000,0.000022,0.000018,1.000000,0.000000,9.363793,-0.000006,-0.000004,1.000000;;
              }
             }
            }
           }
          }
         }
        }

        Frame Bone01_Wing02 {
         

         FrameTransformMatrix {
          -0.007154,0.325930,0.945367,0.000000,0.999974,0.003039,0.006519,0.000000,-0.000748,0.945389,-0.325944,0.000000,19.316613,39.948989,7.110057,1.000000;;
         }
        }

        Frame Bone01_Wing01 {
         

         FrameTransformMatrix {
          -0.007154,0.325931,-0.945367,0.000000,-0.999974,-0.003039,0.006519,0.000000,-0.000748,0.945389,0.325944,0.000000,19.316619,39.948982,-7.110066,1.000000;;
         }
        }

        Frame Dummy04 {
         

         FrameTransformMatrix {
          0.000002,-0.000000,1.000000,0.000000,-1.000000,-0.000796,0.000002,0.000000,0.000796,-1.000000,-0.000000,0.000000,27.290854,-50.146314,0.000080,1.000000;;
         }
        }
       }
      }
     }

     Frame Bip01_L_Thigh {
      

      FrameTransformMatrix {
       -0.321650,-0.923989,0.206844,0.000000,-0.946530,0.319530,-0.044520,0.000000,-0.024957,-0.210104,-0.977360,0.000000,-7.530621,4.981040,15.285069,1.000000;;
      }

      Frame Bip01_L_Calf {
       

       FrameTransformMatrix {
        0.519439,0.854507,-0.000027,0.000000,-0.854507,0.519439,-0.000008,0.000000,0.000008,0.000027,1.000000,0.000000,21.430714,-0.000008,0.000002,1.000000;;
       }

       Frame Bip01_L_Foot {
        

        FrameTransformMatrix {
         0.950375,0.310727,0.015339,0.000000,-0.308596,0.947814,-0.080111,0.000000,-0.039431,0.071402,0.996668,0.000000,33.187706,-0.000008,-0.000000,1.000000;;
        }

        Frame Bip01_L_Toe0 {
         

         FrameTransformMatrix {
          -0.000001,-1.000000,-0.000002,0.000000,1.000000,-0.000002,-0.000001,0.000000,0.000001,-0.000002,1.000000,0.000000,13.561226,-13.401462,-0.000001,1.000000;;
         }
        }
       }
      }
     }

     Frame Bip01_R_Thigh {
      

      FrameTransformMatrix {
       -0.367573,-0.882821,-0.292434,0.000000,-0.898636,0.256196,0.356114,0.000000,-0.239464,0.393690,-0.887506,0.000000,-7.530624,4.980965,-15.285069,1.000000;;
      }

      Frame Bip01_R_Calf {
       

       FrameTransformMatrix {
        0.639095,0.769128,-0.000016,0.000000,-0.769128,0.639095,-0.000006,0.000000,0.000006,0.000016,1.000000,0.000000,21.430717,-0.000000,0.000008,1.000000;;
       }

       Frame Bip01_R_Foot {
        

        FrameTransformMatrix {
         0.958173,0.273012,0.085839,0.000000,-0.268570,0.961399,-0.059841,0.000000,-0.098863,0.034284,0.994510,0.000000,33.187702,-0.000004,-0.000008,1.000000;;
        }

        Frame Bip01_R_Toe0 {
         

         FrameTransformMatrix {
          -0.000000,-1.000000,0.000000,0.000000,1.000000,-0.000000,-0.000000,0.000000,0.000000,0.000000,1.000000,0.000000,13.561214,-13.401458,0.000003,1.000000;;
         }
        }
       }
      }
     }
    }
   }
  }
 }

 Frame FA {
  

  FrameTransformMatrix {
   1.000000,0.000000,0.000000,0.000000,0.000000,1.000000,0.000000,0.000000,0.000000,0.000000,1.000000,0.000000,0.000000,0.000000,0.000000,1.000000;;
  }
 }

 Frame _22000095_N_Beelzebub {
  

  FrameTransformMatrix {
   1.000000,0.000000,0.000000,0.000000,0.000000,1.000000,0.000000,0.000000,0.000000,0.000000,1.000000,0.000000,0.000000,0.000000,0.000000,1.000000;;
  }
 }
}

Frame FA_ {
 

 FrameTransformMatrix {
  0.393701,0.000000,0.000000,0.000000,0.000000,-0.000000,-0.393701,0.000000,0.000000,0.393701,-0.000000,0.000000,0.000000,0.000000,0.000000,1.000000;;
 }

 Mesh FA_ {
  3537;
  31.759658;-5.721237;174.380902;,
  36.620554;-17.026253;167.402586;,
  40.255971;-5.472557;170.119565;,
  -91.951610;48.643098;43.500371;,
  -86.986003;49.941741;43.119283;,
  -88.775360;46.573014;40.116384;,
  -128.860659;52.968989;71.654355;,
  -123.758182;54.461869;70.052992;,
  -126.292352;50.767930;67.339859;,
  91.951622;48.643107;43.500342;,
  88.775373;46.573024;40.116355;,
  86.986016;49.941754;43.119258;,
  93.451635;45.695571;42.331613;,
  88.775373;46.573024;40.116355;,
  88.187878;45.719933;39.973587;,
  93.614432;44.567491;42.639770;,
  91.727251;41.456186;44.655818;,
  85.707360;42.877334;41.471875;,
  90.035162;37.203171;47.525200;,
  84.297613;39.835411;43.481373;,
  83.601306;38.733366;44.294784;,
  81.662061;36.012000;45.779206;,
  88.014112;33.447069;50.206013;,
  88.827827;32.552330;49.458755;,
  81.748000;35.613658;45.513011;,
  91.748896;35.013456;45.149974;,
  84.969421;37.599626;43.033488;,
  94.517075;39.070435;39.831328;,
  87.827558;40.846490;38.356390;,
  88.408973;41.752704;37.264093;,
  89.674682;44.385712;34.221200;,
  95.670029;42.352397;35.662624;,
  97.378182;44.479949;32.512848;,
  91.970797;46.138298;31.372067;,
  92.692256;46.023043;30.540365;,
  97.288371;44.702902;31.401610;,
  95.850656;43.463840;28.528272;,
  91.583674;42.887238;27.381149;,
  92.692256;46.023043;30.540365;,
  95.813517;40.446723;27.135146;,
  91.583674;42.887238;27.381149;,
  90.630061;42.368614;27.568845;,
  95.611533;39.388810;27.407574;,
  93.785760;36.913974;30.210861;,
  88.143226;40.402560;30.164189;,
  92.526029;33.147149;33.934717;,
  86.867814;37.735126;33.230099;,
  86.292781;36.814080;34.315818;,
  83.634912;33.693446;38.163098;,
  90.123469;29.025840;39.149658;,
  89.469446;27.190880;37.402182;,
  82.386810;32.191360;36.634925;,
  92.070067;32.750931;30.213709;,
  85.276986;35.586976;30.748294;,
  86.122022;36.885558;28.915318;,
  87.343584;39.268051;25.615078;,
  93.064141;35.905456;25.905712;,
  89.464160;40.466173;22.308659;,
  94.566061;37.687088;22.450763;,
  94.265222;37.979923;21.374170;,
  89.931341;40.228198;21.347661;,
  91.808794;37.342246;18.887117;,
  89.931341;40.228198;21.347661;,
  87.131814;37.646637;18.464314;,
  90.485536;34.526288;17.501307;,
  87.131814;37.646637;18.464314;,
  90.039552;33.556736;17.816309;,
  86.088883;37.359971;18.836331;,
  83.813683;35.911885;21.892886;,
  88.224563;31.505763;20.961115;,
  86.908186;27.964160;24.947115;,
  82.647718;33.527610;25.189022;,
  81.927002;32.382973;26.713658;,
  78.731270;28.433914;33.346954;,
  84.308672;23.164269;31.825248;,
  83.140269;22.209749;30.604666;,
  77.192160;26.825184;32.018883;,
  84.071898;25.220778;25.932837;,
  78.682048;29.430330;27.526621;,
  78.950458;30.287296;25.973005;,
  79.682445;32.442006;22.938810;,
  84.459654;28.218246;22.001422;,
  81.036582;33.440531;19.290122;,
  85.316941;29.885718;18.334774;,
  84.801094;30.243478;17.344198;,
  81.162362;33.159530;18.253538;,
  81.628442;30.029866;15.458790;,
  81.162362;33.159530;18.253538;,
  77.104678;31.096877;16.089690;,
  79.340339;27.467584;14.432155;,
  -89.931315;40.228179;21.347694;,
  -87.131782;37.646618;18.464347;,
  -91.808762;37.342227;18.887152;,
  -131.891968;43.739629;47.907277;,
  -129.588762;40.983994;44.212045;,
  -134.398285;40.569421;45.783661;,
  -95.850598;43.463818;28.528314;,
  -92.692198;46.023018;30.540406;,
  -91.583616;42.887216;27.381190;,
  -136.455130;47.178000;56.869754;,
  -132.703091;50.016480;58.214803;,
  -132.232730;46.628166;54.638765;,
  14.178862;38.565414;94.502669;,
  22.575173;43.114762;104.762176;,
  23.554142;40.844752;106.222106;,
  28.160826;44.966493;112.585357;,
  -14.178862;38.565414;94.502669;,
  -23.554146;40.844752;106.222106;,
  -22.575173;43.114762;104.762176;,
  -28.160829;44.966493;112.585357;,
  86.721440;-0.479606;78.894010;,
  95.087629;18.666736;67.566886;,
  99.555302;7.658647;66.311469;,
  81.150528;11.862732;80.624314;,
  96.405402;28.667968;74.161818;,
  82.200346;22.008114;87.652358;,
  87.802381;28.454701;96.753126;,
  101.458970;34.600128;83.473299;,
  97.034944;25.037674;104.218246;,
  109.951565;31.997520;90.648160;,
  116.758477;24.112290;92.914086;,
  104.141984;16.034693;106.927264;,
  119.382246;12.808310;89.057536;,
  107.299987;4.195065;103.455930;,
  116.108160;4.597108;80.318419;,
  103.856608;-5.123888;94.476762;,
  109.066445;1.998135;71.280998;,
  96.090912;-8.151144;84.757754;,
  86.721440;-0.479606;78.894010;,
  99.555302;7.658647;66.311469;,
  55.130451;-0.352961;59.847398;,
  61.157792;16.655416;47.198525;,
  65.435789;7.046946;45.789923;,
  50.226314;10.703553;61.334630;,
  62.586528;25.835563;52.625306;,
  52.307795;19.953691;67.677126;,
  58.931757;25.409034;74.893088;,
  69.642342;31.079283;59.947597;,
  68.675565;22.313338;79.904992;,
  78.374483;28.683347;64.805018;,
  84.788570;21.123802;65.516915;,
  75.319565;14.390771;80.654285;,
  86.328326;10.980828;61.247878;,
  77.824973;3.697727;76.958349;,
  81.963437;3.844432;54.711610;,
  73.066042;-4.377061;69.725856;,
  74.481088;1.764957;48.730915;,
  64.349498;-6.621257;62.645466;,
  55.130451;-0.352961;59.847398;,
  65.435789;7.046946;45.789923;,
  -16.139688;18.446483;225.260134;,
  -22.919874;26.595389;224.932685;,
  -20.848610;26.778272;228.823782;,
  -18.231218;18.730477;222.694528;,
  -26.961120;23.976438;224.290150;,
  -20.956914;16.658987;222.165760;,
  -28.786205;21.630032;227.574810;,
  -22.023226;14.313488;224.237798;,
  -26.791029;21.804374;231.453235;,
  -19.866517;13.884405;226.839091;,
  -22.591448;24.532070;232.101683;,
  -16.958662;15.825938;227.299430;,
  -20.848610;26.778272;228.823782;,
  -16.139688;18.446483;225.260134;,
  102.465798;9.986147;68.996474;,
  109.066445;1.998135;71.280998;,
  99.555302;7.658647;66.311469;,
  109.042445;5.929225;72.536659;,
  116.108160;4.597108;80.318419;,
  114.923712;7.882419;79.661722;,
  116.920013;15.057365;86.281453;,
  119.382246;12.808310;89.057536;,
  116.758477;24.112290;92.914086;,
  114.276314;22.942472;88.356486;,
  109.951565;31.997520;90.648160;,
  109.184627;29.349901;86.894918;,
  101.458970;34.600128;83.473299;,
  102.757888;30.838746;81.383910;,
  96.405402;28.667968;74.161818;,
  98.934758;26.294293;74.875642;,
  98.220077;18.327227;69.512864;,
  95.087629;18.666736;67.566886;,
  99.555302;7.658647;66.311469;,
  102.465798;9.986147;68.996474;,
  5.714628;12.047950;216.242842;,
  4.825579;4.965835;199.210995;,
  2.563947;3.031444;200.005222;,
  10.770894;14.843795;211.954560;,
  9.210222;4.346997;199.421901;,
  16.684922;11.783760;211.333862;,
  9.195968;0.746945;199.680973;,
  17.930414;5.964756;214.902016;,
  7.514267;-1.487191;199.819520;,
  13.380936;2.828206;219.065165;,
  3.608339;-0.860526;200.291136;,
  6.729515;6.255088;219.773491;,
  2.563947;3.031444;200.005222;,
  5.714628;12.047950;216.242842;,
  67.712691;8.246636;47.099357;,
  74.481088;1.764957;48.730915;,
  65.435789;7.046946;45.789923;,
  74.345747;4.618925;49.276330;,
  81.963437;3.844432;54.711610;,
  81.306976;6.187106;54.454387;,
  84.453370;12.975491;60.177574;,
  86.328326;10.980828;61.247878;,
  84.788570;21.123802;65.516915;,
  81.979386;19.872928;62.638464;,
  78.374483;28.683347;64.805018;,
  77.771040;26.166850;62.378816;,
  69.642342;31.079283;59.947597;,
  70.558592;27.744294;58.425926;,
  62.586528;25.835563;52.625306;,
  65.720922;23.483789;52.875882;,
  64.193050;15.919664;48.381357;,
  61.157792;16.655416;47.198525;,
  65.435789;7.046946;45.789923;,
  67.712691;8.246636;47.099357;,
  -22.591448;24.532070;232.101683;,
  -28.786205;21.630032;227.574810;,
  -26.791029;21.804374;231.453235;,
  -20.848610;26.778272;228.823782;,
  -26.961120;23.976438;224.290150;,
  -22.919874;26.595389;224.932685;,
  -95.087629;18.666749;67.566874;,
  -86.721434;-0.479597;78.893997;,
  -99.555302;7.658657;66.311456;,
  -81.150528;11.862742;80.624307;,
  -96.405402;28.667981;74.161805;,
  -82.200346;22.008125;87.652352;,
  -87.802374;28.454717;96.753126;,
  -101.458970;34.600141;83.473280;,
  -97.034944;25.037685;104.218246;,
  -109.951552;31.997533;90.648154;,
  -116.758464;24.112301;92.914080;,
  -104.141984;16.034702;106.927251;,
  -119.382234;12.808319;89.057523;,
  -107.299981;4.195072;103.455923;,
  -116.108147;4.597118;80.318406;,
  -103.856595;-5.123881;94.476749;,
  -109.066445;1.998144;71.280986;,
  -96.090912;-8.151138;84.757728;,
  -86.721434;-0.479597;78.893997;,
  -99.555302;7.658657;66.311456;,
  -61.157766;16.655414;47.198550;,
  -55.130426;-0.352962;59.847411;,
  -65.435763;7.046946;45.789952;,
  -50.226294;10.703551;61.334650;,
  -62.586502;25.835558;52.625334;,
  -52.307782;19.953690;67.677139;,
  -58.931744;25.409029;74.893107;,
  -69.642317;31.079280;59.947622;,
  -68.675552;22.313331;79.905005;,
  -78.374464;28.683341;64.805037;,
  -84.788550;21.123798;65.516934;,
  -75.319552;14.390766;80.654298;,
  -86.328294;10.980823;61.247904;,
  -77.824954;3.697723;76.958368;,
  -81.963411;3.844428;54.711629;,
  -73.066016;-4.377064;69.725869;,
  -74.481050;1.764955;48.730941;,
  -64.349472;-6.621259;62.645478;,
  -55.130426;-0.352962;59.847411;,
  -65.435763;7.046946;45.789952;,
  -21.251870;-7.375642;-0.000044;,
  -26.806587;-9.786111;-0.000044;,
  -32.470970;-8.357956;-0.000044;,
  -35.759101;-4.083101;-0.000043;,
  -18.837950;-2.601530;-0.000044;,
  -20.731718;4.684350;-0.000043;,
  -35.158291;3.421199;-0.000043;,
  -19.843541;11.106073;-0.000043;,
  -37.148061;9.590936;-0.000042;,
  -38.072906;15.853917;-0.000042;,
  -20.020275;17.434555;-0.000043;,
  -23.589464;22.722038;-0.000035;,
  -29.759555;24.809418;-0.000034;,
  -35.553248;21.502216;-0.000034;,
  21.251866;-7.375648;-0.000007;,
  32.470960;-8.357962;-0.000007;,
  26.806579;-9.786116;-0.000007;,
  35.759091;-4.083108;-0.000007;,
  18.837944;-2.601536;-0.000007;,
  20.731712;4.684343;-0.000007;,
  35.158285;3.421191;-0.000007;,
  19.843533;11.106065;-0.000008;,
  37.148048;9.590927;-0.000008;,
  38.072893;15.853907;-0.000009;,
  20.020267;17.434546;-0.000010;,
  23.589454;22.722029;-0.000002;,
  29.759546;24.809408;-0.000002;,
  35.553235;21.502206;-0.000001;,
  -109.066445;1.998144;71.280986;,
  -102.465798;9.986158;68.996461;,
  -99.555302;7.658657;66.311456;,
  -109.042445;5.929234;72.536646;,
  -116.108147;4.597118;80.318406;,
  -114.923699;7.882429;79.661702;,
  -116.920000;15.057376;86.281446;,
  -119.382234;12.808319;89.057523;,
  -116.758464;24.112301;92.914080;,
  -114.276301;22.942483;88.356474;,
  -109.951552;31.997533;90.648154;,
  -109.184627;29.349914;86.894912;,
  -101.458970;34.600141;83.473280;,
  -102.757888;30.838762;81.383898;,
  -96.405402;28.667981;74.161805;,
  -98.934758;26.294304;74.875629;,
  -98.220077;18.327238;69.512845;,
  -95.087629;18.666749;67.566874;,
  -99.555302;7.658657;66.311456;,
  -102.465798;9.986158;68.996461;,
  -93.451616;45.695562;42.331638;,
  -88.775360;46.573014;40.116384;,
  -88.187866;45.719920;39.973613;,
  -93.614413;44.567478;42.639798;,
  -91.727226;41.456173;44.655846;,
  -85.707334;42.877322;41.471901;,
  -90.035142;37.203152;47.525232;,
  -84.297594;39.835398;43.481398;,
  -83.601280;38.733350;44.294819;,
  -81.662048;36.011987;45.779238;,
  -88.014086;33.447050;50.206051;,
  -88.827802;32.552326;49.458797;,
  -81.747968;35.613651;45.513050;,
  -91.748858;35.013456;45.150013;,
  -84.969389;37.599616;43.033523;,
  -94.517037;39.070416;39.831363;,
  -87.827520;40.846474;38.356426;,
  -88.408934;41.752685;37.264131;,
  -89.674643;44.385690;34.221242;,
  -95.669984;42.352374;35.662666;,
  -97.378138;44.479926;32.512890;,
  -91.970752;46.138272;31.372109;,
  -92.692198;46.023018;30.540406;,
  -97.288320;44.702880;31.401651;,
  -95.813459;40.446701;27.135187;,
  -91.583616;42.887216;27.381190;,
  -90.630010;42.368592;27.568886;,
  -95.611482;39.388787;27.407616;,
  -93.785702;36.913952;30.210902;,
  -88.143181;40.402541;30.164234;,
  -92.525978;33.147130;33.934749;,
  -86.867770;37.735107;33.230141;,
  -86.292742;36.814064;34.315853;,
  -83.634874;33.693440;38.163133;,
  -90.123430;29.025834;39.149696;,
  -89.469408;27.190874;37.402230;,
  -82.386778;32.191350;36.634963;,
  -92.070035;32.750909;30.213744;,
  -85.276947;35.586954;30.748330;,
  -86.121984;36.885539;28.915350;,
  -87.343552;39.268032;25.615112;,
  -93.064109;35.905437;25.905744;,
  -89.464128;40.466154;22.308693;,
  -94.566035;37.687069;22.450797;,
  -94.265190;37.979904;21.374205;,
  -89.931315;40.228179;21.347694;,
  -90.485498;34.526269;17.501341;,
  -87.131782;37.646618;18.464347;,
  -90.039514;33.556717;17.816344;,
  -86.088851;37.359955;18.836365;,
  -83.813651;35.911869;21.892922;,
  -88.224525;31.505744;20.961149;,
  -86.908141;27.964141;24.947150;,
  -82.647680;33.527597;25.189056;,
  -81.926957;32.382954;26.713694;,
  -78.731232;28.433904;33.346992;,
  -84.308634;23.164267;31.825286;,
  -83.140230;22.209749;30.604701;,
  -77.192122;26.825178;32.018918;,
  -84.071872;25.220770;25.932878;,
  -78.681997;29.430320;27.526656;,
  -78.950419;30.287290;25.973051;,
  -79.682413;32.442006;22.938858;,
  -84.459622;28.218243;22.001470;,
  -81.036550;33.440531;19.290168;,
  -85.316909;29.885715;18.334822;,
  -84.801062;30.243475;17.344246;,
  -81.162330;33.159530;18.253586;,
  -81.628410;30.029862;15.458837;,
  -81.162330;33.159530;18.253586;,
  -77.104646;31.096874;16.089738;,
  -79.340307;27.467578;14.432203;,
  -78.780589;26.563120;14.849195;,
  -76.146790;30.955133;16.679261;,
  -74.515648;29.724995;20.093368;,
  -82.717094;27.364006;16.409574;,
  -77.395718;24.639358;17.930419;,
  -82.629043;28.136678;15.735822;,
  -81.628410;30.029862;15.458837;,
  -84.801062;30.243475;17.344246;,
